# 3D point list with one line of data per point:
#   POINT3D_ID, X, Y, Z, R, G, B, ERROR, TRACK[] as (IMAGE_ID, POINT2D_IDX)
# Number of points: 688, mean track length: 6.31
0 -0.03450504851659259 -0.35632686578549877 0.9483856998887685 0 0 0 0.34 22 0 195 0 230 0 
1 -0.009774102597233433 -0.3363271720419522 0.9618920659911996 0 0 0 0.18 22 1 122 0 230 1 
2 0.12486867044058608 -0.10703609000677136 0.8802062633177368 0 0 0 0.12 22 2 122 1 230 2 
3 0.01582572592679417 -0.06528852258435185 0.8635056956345698 0 0 0 0.14 22 3 90 0 228 0 230 3 
4 0.4221426198663309 -0.06817215675580392 0.9072451137792503 0 0 0 0.21 22 4 94 0 122 2 149 0 230 4 
5 -0.18527351015855695 -0.048616830215629764 0.8993542201162854 0 0 0 0.16 22 5 122 3 230 5 
6 -0.06581237721788105 -0.015190379854955692 0.8957797887749709 0 0 0 0.65 22 6 122 4 149 1 230 6 
7 -0.10055361191821283 0.046779404345918624 0.8650387744537857 0 0 0 0.25 22 7 122 5 210 0 230 7 
8 0.41544933761441133 0.04660046957093459 0.8750625057865113 0 0 0 0.31 22 8 122 6 140 0 149 2 230 8 
9 -0.041088811444423806 0.045982907630217666 0.811373974814232 0 0 0 0.27 22 9 149 3 230 9 233 0 
10 0.13145443353982725 0.0497546713334785 0.8149082145313399 0 0 0 0.33 22 10 70 0 122 7 230 10 
11 -0.041098919680967363 0.05128878950712699 0.8090183156409783 0 0 0 0.3 22 11 122 8 230 11 
12 -0.041098919680967363 0.05128878950712699 0.8090183156409783 0 0 0 0.3 22 12 122 9 230 12 
13 -0.14935091968399689 0.05670297169004902 0.847586092880442 0 0 0 0.32 22 13 122 10 230 13 
14 0.128782429226953 0.06747746665259606 0.810373203336 0 0 0 0.23 22 14 122 11 230 14 
15 -0.2293147139482601 0.08394337854340549 0.8442230675313876 0 0 0 0.27 22 15 70 1 230 15 
16 -0.16814534351968874 0.083618151086956 0.8466468004476791 0 0 0 0.19 22 16 122 12 230 16 233 1 
17 -0.12688923513817046 0.09376864129431894 0.8437394326480261 0 0 0 0.27 22 17 122 13 230 17 
18 -0.1560437609715448 0.09336451051767308 0.8346768154414408 0 0 0 0.39 22 18 90 1 122 14 230 18 
19 -0.045826928741728175 0.08942502771365483 0.7956912444989277 0 0 0 0.12 22 19 122 15 230 19 
20 -0.045818570764371784 0.08934504040623052 0.7956546897895959 0 0 0 0.17 22 20 122 16 149 4 230 20 233 2 
21 0.10822265485458124 0.094450250433214 0.8029754213411484 0 0 0 0.3 22 21 70 2 122 17 230 21 
22 -0.17081675915965588 0.10835379383525952 0.8397795964372822 0 0 0 0.28 22 22 37 0 94 1 116 0 122 18 145 0 149 5 151 0 154 0 183 0 210 1 228 1 230 22 
23 -0.03331522934066823 0.10490518244376934 0.7889279964679623 0 0 0 0.21 22 23 122 19 230 23 
24 -0.10428653360939395 0.11589320111107898 0.8385673272103724 0 0 0 0.24 22 24 122 20 230 24 
25 -0.04333230328666888 0.11054279847848227 0.7947739968446619 0 0 0 0.11 22 25 149 6 230 25 
26 -0.01147224531338477 0.11877491830850383 0.791791790087049 0 0 0 0.21 22 26 122 21 230 26 
27 0.10307010759267476 0.12532652760163224 0.7961281730841457 0 0 0 0.09 22 27 122 22 230 27 
28 0.1096404581566168 0.12878131521624858 0.7893040600250819 0 0 0 0.2 22 28 230 28 233 3 
29 0.12197220411405427 0.14922387614054236 0.788306420604204 0 0 0 0.16 22 29 70 3 230 29 
30 -0.14781832477930748 0.15601191342463194 0.8129700180078223 0 0 0 0.52 22 30 122 23 230 30 
31 -0.14781832477930748 0.15601191342463194 0.8129700180078223 0 0 0 0.52 22 31 122 24 230 31 
32 -0.024485625236568092 0.15957775587552103 0.7754417736605299 0 0 0 0.05 22 32 122 25 230 32 
33 0.08693442804423995 0.17760562157705007 0.7766846693670828 0 0 0 0.25 22 33 70 4 230 33 
34 0.1407946622993101 0.17813900274237035 0.7763770263961609 0 0 0 0.28 22 34 70 5 230 34 233 4 
35 0.04680574665237451 -0.3569122537936013 0.9590295476655549 0 0 0 0.55 22 35 83 0 230 35 
36 0.037944844422143846 -0.31841098518999356 0.9533731073065386 0 0 0 0.19 22 36 45 0 47 0 55 0 230 36 
37 0.5847342983688907 -0.3056247183422902 1.1771910108986667 0 0 0 0.13 161 0 230 37 233 5 
38 -0.3652701728103451 -0.23070479230377855 1.083782995145193 0 0 0 0.33 22 37 57 0 149 7 230 38 
39 0.08677194748259609 -0.18154070783943416 0.9132634661881004 0 0 0 0.32 22 38 193 0 230 39 
40 0.25107583060152294 -0.05996781915546905 0.9120918661332402 0 0 0 0.12 22 39 83 1 230 40 
41 0.2510169813075206 -0.059933079503197005 0.9132667424254448 0 0 0 0.5 22 40 83 2 94 2 230 41 
42 0.35369948148813013 -0.05707771910003669 0.9076411536007022 0 0 0 0.22 22 41 230 42 233 6 
43 0.10389939988289112 -0.0409374723251232 0.8559484025289 0 0 0 0.3 22 42 90 2 122 26 193 1 230 43 
44 -0.432199658056395 -0.03557688214952229 0.8897698247443956 0 0 0 0.69 22 43 228 2 230 44 
45 0.28862493101677206 -0.01672320572433192 0.8862930860576286 0 0 0 0.13 22 44 122 27 230 45 
46 0.1276127550974605 -0.010174228192336295 0.8377356670710256 0 0 0 0.12 22 45 94 3 122 28 230 46 
47 -0.03805554884627467 -0.009680043769049214 0.8271128420189163 0 0 0 0.13 22 46 122 29 230 47 
48 0.12543440819594773 -0.001847381940802884 0.8339887930208293 0 0 0 0.16 22 47 122 30 230 48 
49 0.04279399076522495 0.0266157496310369 0.8228190783871855 0 0 0 0.25 22 48 94 4 122 31 125 0 139 0 140 1 151 1 166 0 183 1 193 2 205 0 230 49 
50 -0.15344149491119005 0.040931868077233285 0.8562637785429441 0 0 0 0.16 22 49 122 32 230 50 
51 -0.14958528941386928 0.04141740672541602 0.853522844718788 0 0 0 0.28 22 50 122 33 230 51 
52 0.13144832496140146 0.04441516544669671 0.816938003056501 0 0 0 0.27 22 51 70 6 122 34 230 52 233 7 
53 -0.16574526961763136 0.068039722684469 0.852383786450297 0 0 0 0.22 22 52 116 1 211 0 230 53 
54 -0.06859366732072743 0.08910059069460416 0.8458625140342676 0 0 0 0.28 22 53 122 35 230 54 
55 -0.15246523725763145 0.09161802108945319 0.8331153193294192 0 0 0 0.33 22 54 122 36 230 55 
56 0.03233856232400209 0.0934111134994802 0.7999221902158798 0 0 0 0.13 22 55 122 37 230 56 
57 0.10542788933210162 0.09664093194583383 0.8037330119577043 0 0 0 0.17 22 56 70 7 90 3 122 38 230 57 233 8 
58 0.01300933218880554 0.1009041544925769 0.8019924921433633 0 0 0 0.29 22 57 70 8 90 4 122 39 149 8 193 3 195 1 230 58 233 9 
59 -0.037285433746447376 0.1058470565875613 0.7909342876968108 0 0 0 0.15 22 58 122 40 230 59 
60 -0.042370788485227025 0.10629369677602864 0.7922766741083502 0 0 0 0.23 22 59 122 41 230 60 
61 -0.0777607203460511 0.11568659391768557 0.8385197831542957 0 0 0 0.22 22 60 122 42 140 2 230 61 
62 0.1082357592401112 0.11223655279886667 0.7975698774927192 0 0 0 0.2 22 61 70 9 122 43 230 62 
63 -0.026183014973025234 0.11540569448239382 0.7948257720070896 0 0 0 0.14 22 62 122 44 192 0 195 2 230 63 
64 0.32887474895833874 0.12956889689746173 0.8431065276780859 0 0 0 0.3 22 63 122 45 230 64 233 10 
65 0.13169365379197218 0.12757629494097555 0.7960414294298429 0 0 0 0.27 22 64 195 3 230 65 
66 0.12576949904761753 0.17347878999317712 0.7787569865602604 0 0 0 0.22 22 65 70 10 230 66 
67 0.03464647615874455 0.1764659075953107 0.7746106675826975 0 0 0 0.26 22 66 70 11 140 3 230 67 233 11 
68 0.000974772041867818 0.1942270520156974 0.7671761457209906 0 0 0 0.19 22 67 166 1 193 4 228 3 233 12 
69 0.03925499766587565 -0.35498588761852223 0.9557524440576909 0 0 0 0.32 22 68 122 46 145 1 149 9 183 2 193 5 210 2 230 68 
70 0.014479136248386733 -0.34048333554736127 0.9653977053887708 0 0 0 0.41 22 69 90 5 230 69 
71 0.015156421553118336 -0.3088637047704092 0.9588872626475115 0 0 0 0.13 22 70 216 0 230 70 
72 0.015214317739999738 -0.3089085675238397 0.9588009306002959 0 0 0 0.21 22 71 90 6 230 71 
73 0.08339585468236735 -0.2080598592661481 0.9173815676760396 0 0 0 0.29 22 72 37 1 45 1 86 0 90 7 94 5 125 1 139 1 230 72 
74 0.07660729745087962 -0.07452191152965947 0.8691344674058543 0 0 0 0.28 22 73 90 8 161 1 226 0 230 73 
75 0.017824830070665446 -0.06995401209481032 0.8645819505745908 0 0 0 0.19 22 74 211 1 230 74 
76 0.4256322690608163 -0.05982320764762798 0.9029049808720427 0 0 0 0.19 90 9 116 2 154 1 193 6 228 4 
77 0.5451351246631714 -0.05002266668425216 0.8922330048209697 0 0 0 0.31 22 75 47 1 94 6 149 10 230 75 233 13 
78 -0.035173813797441424 -0.043480741621395896 0.842763668291494 0 0 0 0.12 22 76 122 47 230 76 
79 0.2547438692434925 -0.04595743253185367 0.9077467280491514 0 0 0 0.28 22 77 45 2 90 10 230 77 
80 0.4187396231562665 0.022222526706862013 0.8747015314972559 0 0 0 0.32 22 78 37 2 46 0 94 7 116 3 122 48 140 4 193 7 216 1 228 5 230 78 233 14 
81 -0.03576902670600663 0.021418193973983517 0.8222213877921362 0 0 0 0.26 22 79 45 3 151 2 192 1 211 2 216 2 218 0 226 1 228 6 230 79 
82 -0.009827180613327595 0.0233460510224521 0.8283050162936132 0 0 0 0.19 22 80 90 11 122 49 230 80 
83 0.4213633658717414 0.02655234109503447 0.8731974400786418 0 0 0 0.22 22 81 46 1 140 5 193 8 228 7 230 81 233 15 
84 -0.20327042886007798 0.044585081392848225 0.862756075756973 0 0 0 0.33 22 82 195 4 230 82 
85 0.41985147273366885 0.04799680574828095 0.8657743867557548 0 0 0 0.14 22 83 125 2 230 83 
86 0.2771689518134962 0.05461561062598907 0.8665855687114712 0 0 0 0.28 22 84 86 1 94 8 122 50 151 3 177 0 193 9 218 1 228 8 230 84 233 16 
87 0.4253564376946289 0.05558626097250803 0.8591111653486148 0 0 0 0.19 22 85 86 2 90 12 94 9 125 3 230 85 
88 0.13208642942304616 0.06454014835524655 0.8086121147674529 0 0 0 0.44 22 86 47 2 122 51 140 6 230 86 
89 -0.16436836285811307 0.08839752223622947 0.8433837300909983 0 0 0 0.23 22 87 34 0 45 4 55 1 139 2 140 7 149 11 151 4 161 2 183 3 228 9 230 87 
90 0.3737639083545085 0.10113846087662012 0.8536715662301173 0 0 0 0.32 22 88 55 2 140 8 143 0 230 88 
91 0.002310056054903226 0.09662751358675395 0.800550269112344 0 0 0 0.46 22 89 45 5 90 13 195 5 230 89 
92 -0.0476971971749941 0.09779871359290276 0.7960499844612012 0 0 0 0.17 22 90 86 3 94 10 116 4 139 3 140 9 143 1 151 5 161 3 193 10 205 1 211 3 216 3 226 2 228 10 230 90 233 17 
93 -0.16854648578872852 0.1115944758160955 0.8348699797363113 0 0 0 0.29 22 91 45 6 55 3 195 6 230 91 
94 -0.0012258393089573968 0.14870056603841347 0.7845175831042167 0 0 0 0.32 22 92 70 12 83 3 192 2 230 92 
95 -0.10498828993491596 0.1947617061691434 0.7651969655030767 0 0 0 0.18 45 7 125 4 143 2 161 4 177 1 193 11 205 2 228 11 
96 0.24818521769667679 0.20096573285808914 0.7726638688149341 0 0 0 0.48 22 93 191 0 230 93 
97 0.17620501598889268 0.20140297232739987 0.7699709831265744 0 0 0 0.28 22 94 161 5 193 12 230 94 
98 0.07805488482697474 -0.34154321812367067 0.9684308576581689 0 0 0 0.17 22 95 47 3 230 95 
99 0.5418228685528144 -0.17308208082592247 0.9473943112229595 0 0 0 0.18 22 96 86 4 90 14 230 96 
100 -0.029005367647297633 -0.11086737456350262 0.8711243313253544 0 0 0 0.73 22 97 57 1 90 15 230 97 
101 0.5298572608274578 -0.08101579844570633 0.9052829536691536 0 0 0 0.25 22 98 37 3 46 2 47 4 90 16 94 11 116 5 149 12 166 2 216 4 230 98 
102 0.5410205786001218 -0.07969839598803924 0.8932149619097494 0 0 0 0.21 22 99 137 0 149 13 193 13 211 4 212 0 218 2 230 99 233 18 
103 0.5271963754094958 -0.07420822084382508 0.9066278876546024 0 0 0 0.31 22 100 94 12 119 0 122 52 125 5 149 14 166 3 211 5 228 12 230 100 
104 0.5498034534901616 -0.07079083553771595 0.88313494788304 0 0 0 0.18 22 101 94 13 149 15 166 4 193 14 210 3 230 101 233 19 
105 0.5123024501314569 -0.07095340034664468 0.915547228683414 0 0 0 0.35 22 102 45 8 90 17 216 5 230 102 
106 0.52094494911349 -0.07104968136233536 0.9136092634397917 0 0 0 0.34 22 103 37 4 46 3 94 14 116 6 122 53 125 6 149 16 166 5 216 6 230 103 
107 -0.20991636489421733 -0.06851525010424983 0.9026567836936724 0 0 0 0.31 22 104 122 54 139 4 230 104 
108 0.4090777259917592 -0.06978624364668423 0.9105895882519555 0 0 0 0.14 22 105 94 15 161 6 230 105 
109 -0.1896103895122337 -0.0677879770071546 0.9017732224955859 0 0 0 0.18 22 106 122 55 230 106 
110 0.5360975131015314 -0.0139122899791291 0.8866612378323484 0 0 0 0.43 22 107 47 5 86 5 94 16 149 17 166 6 193 15 230 107 
111 0.27426333191873387 0.029126512326749777 0.884898622911395 0 0 0 0.43 22 108 189 0 210 4 230 108 
112 -0.03507386626126726 0.033693446954074315 0.8160237077403163 0 0 0 0.32 22 109 90 18 122 56 230 109 
113 -0.0011475817301064483 0.06803609537756446 0.8121988603723926 0 0 0 0.34 22 110 45 9 230 110 
114 0.2695703719502022 0.0814031510781738 0.8557161933759022 0 0 0 0.35 22 111 45 10 86 6 139 5 140 10 161 7 166 7 183 4 226 3 230 111 233 20 
115 -0.03590517611642421 0.0904295505854022 0.795916085051303 0 0 0 0.53 22 112 70 13 195 7 230 112 
116 -0.034003550699071364 0.0955854032334539 0.7917833752230597 0 0 0 0.24 22 113 34 1 55 4 90 19 94 17 122 57 139 6 140 11 143 3 145 2 149 18 151 6 161 8 166 8 183 5 195 8 205 3 211 6 216 7 228 13 230 113 233 21 
117 0.02032015459049423 0.09790012222529702 0.8042917057548503 0 0 0 0.32 22 114 37 5 45 11 57 2 90 20 94 18 116 7 119 1 125 7 139 7 140 12 143 4 151 7 193 16 211 7 216 8 228 14 230 114 233 22 
118 -0.027481535642237525 0.0979290588181669 0.7924898720987054 0 0 0 0.3 22 115 70 14 90 21 122 58 205 4 230 115 
119 -0.10787210825922731 0.11230980483727016 0.8394854254953817 0 0 0 0.34 22 116 122 59 125 8 139 8 140 13 144 0 145 3 149 19 151 8 154 2 166 9 189 1 191 1 193 17 210 5 211 8 216 9 218 3 230 116 
120 0.331121728874387 0.12177596404271585 0.8417467868901387 0 0 0 0.26 22 117 55 5 59 0 90 22 116 8 125 9 137 1 140 14 143 5 144 1 145 4 149 20 193 18 216 10 218 4 230 117 233 23 
121 0.04112186099487111 0.11915583393165964 0.7868000557077179 0 0 0 0.29 22 118 122 60 137 2 139 9 140 15 143 6 166 10 193 19 211 9 216 11 226 4 228 15 230 118 
122 0.0629078765998069 0.16999606308984871 0.7769812976178334 0 0 0 0.41 22 119 34 2 45 12 195 9 228 16 230 119 233 24 
123 0.06292927067322032 0.17030661070845943 0.7773234186739243 0 0 0 0.38 22 120 45 13 55 6 119 2 143 7 144 2 177 2 193 20 195 10 211 10 218 5 228 17 230 120 233 25 
124 0.18701464781941166 0.19592800252066528 0.7698671552363796 0 0 0 0.35 22 121 45 14 90 23 151 9 161 9 230 121 
125 0.19680802142252968 0.19642029927919116 0.7720348421795585 0 0 0 0.42 22 122 139 10 151 10 161 10 211 11 228 18 230 122 
126 0.146936863794112 0.2046643344921152 0.7656484288163607 0 0 0 0.16 45 15 90 24 125 10 211 12 233 26 
127 0.5557924531005372 -0.16731494729290278 0.9305028431639423 0 0 0 0.4 22 123 37 6 46 4 86 7 94 19 122 61 143 8 149 21 166 11 211 13 230 123 
128 0.5593421752343951 -0.15121957472422873 0.9250298999381017 0 0 0 0.41 22 124 94 20 122 62 125 11 149 22 151 11 166 12 193 21 218 6 230 124 
129 -0.2524464932755409 -0.07402014698289568 0.9044988861124945 0 0 0 0.23 22 125 195 11 230 125 
130 -0.1734068061288152 -0.060687908568792824 0.9024458811238283 0 0 0 0.06 22 126 45 16 230 126 
131 -0.17338720774962335 -0.060681631136802076 0.9022270537470098 0 0 0 0.06 22 127 139 11 230 127 
132 -0.13844124547541892 -0.06002322932507591 0.9011150920443106 0 0 0 0.4 22 128 45 17 57 3 70 15 90 25 119 3 149 23 228 19 230 128 
133 0.5423950835101173 -0.05631866140702379 0.8931006955937667 0 0 0 0.44 22 129 34 3 37 7 46 5 47 6 57 4 122 63 149 24 151 12 193 22 211 14 228 20 230 129 
134 -0.28594195296747105 -0.04939120304108989 0.9001805093949958 0 0 0 0.12 22 130 45 18 90 26 230 130 
135 0.494196431800841 -0.04990310991768052 0.9095692863499877 0 0 0 0.22 22 131 45 19 90 27 139 12 230 131 233 27 
136 0.35375006365891437 -0.049073845692372366 0.910091365153011 0 0 0 0.55 22 132 47 7 59 1 116 9 119 4 144 3 149 25 212 1 230 132 
137 0.5406200906841915 -0.04166348792313798 0.8952633175607448 0 0 0 0.43 22 133 46 6 47 8 94 21 125 12 139 13 149 26 166 13 193 23 210 6 211 15 212 2 230 133 233 28 
138 0.10965662250178856 -0.020747656706699504 0.8463626417648608 0 0 0 0.18 22 134 37 8 45 20 46 7 47 9 55 7 59 2 90 28 94 22 116 10 119 5 122 64 125 13 139 14 140 16 151 13 161 11 166 14 189 2 191 2 193 24 205 5 211 16 212 3 216 12 228 21 230 134 233 29 
139 -0.12920545803410557 -0.014206015269966562 0.8919384357846009 0 0 0 0.39 22 135 90 29 122 65 230 135 
140 0.37762003187893173 0.00633944460508795 0.8834913169592488 0 0 0 0.22 22 136 45 21 90 30 230 136 
141 0.4186259898733086 0.010490741942642707 0.8791457852852865 0 0 0 0.25 22 137 37 9 45 22 46 8 47 10 86 8 90 31 116 11 125 14 139 15 140 17 151 14 166 15 177 3 193 25 210 7 216 13 218 7 228 22 230 137 233 30 
142 -0.03472655264336506 0.014425791219353968 0.8233383779078715 0 0 0 0.16 22 138 55 8 139 16 216 14 230 138 
143 -0.10362122225681322 0.028690405896593007 0.8741205960351198 0 0 0 0.39 22 139 195 12 230 139 
144 0.12649826887968504 0.03664816135157905 0.824390866149772 0 0 0 0.29 22 140 45 23 59 3 90 32 122 66 125 15 139 17 228 23 230 140 
145 0.11068996537361889 0.03679349024599412 0.826360492626536 0 0 0 0.33 22 141 122 67 139 18 211 17 230 141 233 31 
146 -0.20709986355664828 0.03932886810841395 0.8634481863969317 0 0 0 0.27 22 142 90 33 161 12 205 6 211 18 228 24 230 142 
147 -0.10250636330327394 0.03966829062449336 0.8673699724959514 0 0 0 0.22 22 143 70 16 192 3 195 13 230 143 
148 -0.09609192059526218 0.0547548359879085 0.8611745878259236 0 0 0 0.53 22 144 70 17 122 68 230 144 
149 -0.09619622996882503 0.05503335791154437 0.8619033754033416 0 0 0 0.53 22 145 70 18 230 145 
150 0.05217881707047975 0.06134552696264188 0.8050319108322453 0 0 0 0.2 22 146 139 19 211 19 230 146 
151 0.005885140177586616 0.06435265581938614 0.8150896447815615 0 0 0 0.12 22 147 139 20 230 147 
152 -0.214968482444436 0.07972272775275929 0.8482447997532697 0 0 0 0.46 22 148 70 19 230 148 
153 0.23550428326420875 0.08296511938356349 0.8572726537834594 0 0 0 0.44 22 149 45 24 57 5 211 20 230 149 
154 -0.22250965204912324 0.08764505415775317 0.8465683979202846 0 0 0 0.19 22 150 161 13 230 150 
155 -0.09479944244255877 0.15831908991424146 0.8221895076143261 0 0 0 0.27 22 151 122 69 195 14 230 151 233 32 
156 0.28052072710266207 0.15963525356498048 0.8256883155041314 0 0 0 0.35 22 152 37 10 59 4 137 3 140 18 166 16 177 4 193 26 202 0 211 21 216 15 218 8 228 25 233 33 
157 0.042560139719759846 0.16249175730039483 0.7803821061323931 0 0 0 0.15 22 153 55 9 137 4 143 9 230 152 
158 -0.0019755377262887642 0.1650497204406859 0.7788110522567359 0 0 0 0.34 22 154 37 11 46 9 90 34 116 12 151 15 195 15 211 22 228 26 
159 0.07282744112668393 0.16509667974773556 0.7844732807820328 0 0 0 0.3 22 155 45 25 230 153 
160 0.08476724398084705 0.170118789779845 0.7796984294714305 0 0 0 0.38 22 156 34 4 37 12 45 26 46 10 57 6 59 5 70 20 83 4 90 35 116 13 139 21 140 19 144 4 149 27 151 16 166 17 177 5 193 27 205 7 211 23 216 16 218 9 228 27 230 154 233 34 
161 -0.0087106447734268 0.16984874593686372 0.7756624707708499 0 0 0 0.42 22 157 45 27 70 21 83 5 90 36 139 22 154 3 166 18 183 6 192 4 195 16 202 1 211 24 228 28 230 155 233 35 
162 0.02803140308011862 0.17561575360274054 0.7776859481391937 0 0 0 0.26 37 13 70 22 139 23 144 5 151 17 193 28 211 25 228 29 233 36 
163 0.07123133939348383 0.17647156067126388 0.7779712117700378 0 0 0 0.36 34 5 37 14 45 28 145 5 149 28 192 5 228 30 233 37 
164 0.08151826707696401 0.1761928442769515 0.7781913767227304 0 0 0 0.23 22 158 37 15 70 23 116 14 195 17 211 26 228 31 230 156 233 38 
165 -0.04106593368100996 0.1752786922286712 0.7712360176801663 0 0 0 0.27 22 159 151 18 205 8 218 10 230 157 
166 0.005018468944990511 0.1766582094760608 0.7766839647518518 0 0 0 0.25 22 160 70 24 83 6 90 37 140 20 144 6 177 6 192 6 211 27 230 158 233 39 
167 0.07107960505574736 0.21219123957357047 0.76868963531844 0 0 0 0.25 34 6 37 16 55 10 57 7 90 38 116 15 119 6 139 24 143 10 144 7 145 6 183 7 191 3 193 29 202 2 211 28 212 4 218 11 233 40 
168 0.539961829329674 -0.07152973557023624 0.8899520780233904 0 0 0 0.39 22 161 37 17 45 29 46 11 47 11 55 11 86 9 122 70 140 21 177 7 191 4 193 30 210 8 211 29 216 17 228 32 230 159 233 41 
169 0.5323554347810733 -0.06816823775482818 0.9010502775228441 0 0 0 0.34 22 162 34 7 37 18 46 12 47 12 57 8 59 6 86 10 94 23 122 71 125 16 144 8 149 29 151 19 166 19 177 8 191 5 211 30 212 5 216 18 218 12 228 33 230 160 233 42 
170 0.3856720942490698 -0.0628659518642927 0.912089455809203 0 0 0 0.46 22 163 57 9 139 25 149 30 228 34 230 161 
171 0.5267073633894426 -0.027370213072770783 0.8968647773361217 0 0 0 0.24 22 164 119 7 230 162 
172 0.5263654046839831 -0.02732032099237145 0.8963680984594264 0 0 0 0.34 22 165 57 10 119 8 166 20 230 163 
173 0.5317080038541653 -0.0008540398575634103 0.8800656480297402 0 0 0 0.27 22 166 45 30 55 12 119 9 137 5 166 21 177 9 226 5 230 164 
174 0.10477232367079138 0.024468418737750693 0.8311973730382743 0 0 0 0.24 22 167 34 8 37 19 45 31 46 13 47 13 55 13 59 7 86 11 90 39 94 24 116 16 119 10 125 17 137 6 140 22 143 11 144 9 145 7 149 31 151 20 154 4 161 14 166 22 177 10 183 8 189 3 191 6 193 31 202 3 205 9 210 9 211 31 216 19 218 13 226 6 228 35 230 165 233 43 
175 -0.01927062239404542 0.11311499872783784 0.7963413347110914 0 0 0 0.34 22 168 34 9 37 20 45 32 59 8 90 40 119 11 122 72 137 7 143 12 144 10 145 8 149 32 151 21 189 4 193 32 195 18 202 4 216 20 228 36 230 166 
176 -0.008239268998717839 0.14442639672599128 0.784689423658787 0 0 0 0.27 22 169 70 25 83 7 192 7 195 19 230 167 
177 0.11103390127451436 0.1448317055089402 0.7860356116642923 0 0 0 0.21 22 170 37 21 45 33 46 14 55 14 59 9 70 26 90 41 119 12 125 18 137 8 139 26 143 13 144 11 149 33 151 22 161 15 183 9 189 5 191 7 192 8 193 33 195 20 205 10 211 32 212 6 218 14 226 7 228 37 230 168 233 44 
178 0.2777026658909905 0.16890184804495362 0.8322032838698847 0 0 0 0.61 22 171 183 10 230 169 
179 0.08280894879809614 0.16434798601561268 0.782582358677006 0 0 0 0.33 22 172 37 22 45 34 46 15 55 15 57 11 90 42 119 13 122 73 125 19 137 9 139 27 177 11 183 11 189 6 193 34 202 5 212 7 218 15 228 38 230 170 233 45 
180 0.087491208464849 0.23955553504404786 0.7535050914953728 0 0 0 0.27 22 173 34 10 57 12 90 43 137 10 139 28 144 12 145 9 191 8 193 35 211 33 
181 -0.25419973258680484 -0.051903946821693435 0.8885898244121784 0 0 0 0.31 22 174 70 27 230 171 
182 0.5059708316919107 -0.04646175106466464 0.9078482007874507 0 0 0 0.39 22 175 45 35 47 14 90 44 125 20 139 29 166 23 202 6 211 34 212 8 228 39 230 172 233 46 
183 0.4944338403768124 -0.03471036744820677 0.9027145461067451 0 0 0 0.35 22 176 45 36 122 74 230 173 
184 -0.2183004438763632 0.011418322511855691 0.8777970029741743 0 0 0 0.13 22 177 195 21 230 174 
185 0.036469411707900114 0.06391351066440036 0.8068598352489691 0 0 0 0.52 22 178 45 37 57 13 70 28 90 45 230 175 
186 0.07488135959539523 0.15719656978496788 0.7879759015450326 0 0 0 0.28 22 179 90 46 230 176 
187 0.09761580561152446 0.18007518588221033 0.7745962947548943 0 0 0 0.27 22 180 37 23 46 16 191 9 230 177 
188 -0.005420141610959113 -0.2635204312410386 0.941741867566573 0 0 0 0.42 22 181 45 38 230 178 
189 0.1340733740486161 0.21236873010503332 0.7649889336604535 0 0 0 0.57 22 182 70 29 230 179 
190 0.10715213616083258 -0.09035104828446745 0.871419558727484 0 0 0 0.38 22 183 45 39 192 9 230 180 
191 -0.004648513158172073 0.15848675662478448 0.7829517001482024 0 0 0 0.48 22 184 45 40 70 30 83 8 90 47 122 75 139 30 140 23 145 10 183 12 192 10 193 36 195 22 211 35 230 181 233 47 
192 -0.17687630919336916 0.0972845330921625 0.8416333200428401 0 0 0 0.48 22 185 90 48 144 13 195 23 211 36 230 182 233 48 
193 0.0795330024324725 -0.30711824179442737 0.9596584645255807 0 0 0 0.54 22 186 45 41 90 49 230 183 
194 0.0795330024324725 -0.30711824179442737 0.9596584645255807 0 0 0 0.54 22 187 45 42 90 50 230 184 
195 0.015837389800850404 -0.11355288232444176 0.8864038814476702 0 0 0 1.4 22 188 195 24 230 185 
196 0.015837389800850404 -0.11355288232444176 0.8864038814476702 0 0 0 1.4 22 189 195 25 230 186 
197 0.11715500930397431 -0.374093185240351 0.9633445896247999 0 0 0 0.14 34 11 45 43 230 187 
198 0.11044318736945569 -0.37042040770924917 0.9686114707170234 0 0 0 0.32 34 12 86 12 94 25 125 21 230 188 
199 0.1182010572123901 -0.3466665026864709 0.9622136713364966 0 0 0 0.43 34 13 37 24 47 15 122 76 125 22 140 24 143 14 149 34 151 23 161 16 166 24 195 26 218 16 230 189 
200 0.5873739335642572 -0.2981340326112556 1.1457724919158632 0 0 0 0.58 34 14 145 11 230 190 
201 -0.01187786860264205 -0.17826589410074362 0.9026050990032701 0 0 0 0.36 34 15 55 16 177 12 205 11 218 17 228 40 230 191 
202 -0.3294877174447243 -0.04770622988034872 0.8960568399300435 0 0 0 0.37 34 16 94 26 139 31 154 5 210 10 230 192 
203 0.10215508591764146 -0.06398376164202013 0.8658697493127235 0 0 0 0.32 34 17 45 44 47 16 122 77 139 32 140 25 149 35 151 24 161 17 193 37 210 11 211 37 216 21 228 41 230 193 233 49 
204 0.5372394704640501 -0.10945116258211025 0.9225261739404406 0 0 0 0.22 34 18 90 51 125 23 139 33 140 26 166 25 193 38 212 9 230 194 
205 0.10236904726253138 -0.04786874678781232 0.8587509069306575 0 0 0 0.21 34 19 37 25 47 17 55 17 90 52 94 27 116 17 119 14 122 78 140 27 149 36 154 6 161 18 177 13 193 39 205 12 216 22 218 18 226 8 228 42 230 195 233 50 
206 0.10232749246864947 -0.047993118915638656 0.8588330239305577 0 0 0 0.27 34 20 37 26 45 45 47 18 57 14 86 13 90 53 94 28 116 18 119 15 122 79 140 28 144 14 145 12 149 37 161 19 177 14 191 10 193 40 205 13 211 38 218 19 228 43 230 196 233 51 
207 0.550220130903047 -0.03295375723661551 0.8689557459799987 0 0 0 0.23 34 21 37 27 45 46 57 15 86 14 94 29 122 80 125 24 149 38 166 26 177 15 193 41 211 39 212 10 218 20 228 44 230 197 
208 0.2731893155627963 0.04338725826191011 0.8796081970384341 0 0 0 0.27 34 22 46 17 55 18 116 19 139 34 143 15 191 11 193 42 211 40 216 23 218 21 230 198 
209 0.1271914759512647 0.09769321706600018 0.7992141277425714 0 0 0 0.33 34 23 37 28 45 47 47 19 90 54 94 30 125 25 140 29 149 39 151 25 166 27 205 14 218 22 230 199 233 52 
210 0.22886878787831572 0.12289534388007464 0.8491912973891709 0 0 0 0.38 34 24 37 29 46 18 151 26 193 43 230 200 233 53 
211 0.041755928905208906 0.14125708449929628 0.7786359879421654 0 0 0 0.43 34 25 90 55 125 26 149 40 151 27 166 28 177 16 193 44 211 41 228 45 230 201 233 54 
212 0.27941450527317724 0.14933409276447557 0.8275436256400216 0 0 0 0.26 34 26 46 19 90 56 94 31 116 20 119 16 125 27 140 30 151 28 211 42 228 46 230 202 233 55 
213 0.09317035700540632 -0.9212132699133313 1.2184025960075597 0 0 0 0.37 34 27 37 30 45 48 46 20 55 19 59 10 86 15 90 57 94 32 116 21 119 17 122 81 139 35 149 41 151 29 166 29 183 13 189 7 191 12 202 7 205 15 211 43 212 11 218 23 230 203 
214 0.015627929258545163 -0.8260597864852576 1.1785072590551915 0 0 0 0.28 34 28 57 16 59 11 144 15 189 8 211 44 212 12 230 204 
215 0.03225681429856219 -0.2851716877555917 0.950035293137303 0 0 0 0.36 34 29 45 49 55 20 59 12 90 58 94 33 116 22 119 18 140 31 144 16 149 42 154 7 161 20 202 8 205 16 211 45 212 13 230 205 
216 0.08981812482641825 -0.18609712763087008 0.9118568443908074 0 0 0 0.38 34 30 45 50 90 59 119 19 122 82 125 28 139 36 143 16 151 30 161 21 166 30 193 45 205 17 211 46 228 47 230 206 
217 0.5384736841161905 -0.10758174925066942 0.9332192482985552 0 0 0 0.2 34 31 37 31 55 21 59 13 86 16 90 60 94 34 116 23 119 20 125 29 137 11 139 37 140 32 144 17 151 31 154 8 166 31 177 17 191 13 193 46 202 9 211 47 212 14 216 24 228 48 230 207 233 56 
218 0.5377262932771103 -0.10370760053209058 0.9066705153660822 0 0 0 0.23 34 32 37 32 46 21 94 35 122 83 125 30 144 18 149 43 177 18 191 14 193 47 211 48 216 25 218 24 228 49 230 208 
219 -0.04483834017948637 0.023354924229498756 0.825503497300526 0 0 0 0.19 34 33 45 51 90 61 116 24 122 84 139 38 140 33 149 44 151 32 161 22 193 48 205 18 211 49 216 26 228 50 230 209 
220 0.04258750681439058 0.015851892533101812 0.8280577532859806 0 0 0 0.1 34 34 45 52 230 210 
221 0.11847224102282232 0.026403769269500752 0.8284791006253226 0 0 0 0.22 34 35 45 53 139 39 205 19 230 211 
222 0.12582969968986477 0.036676554529473375 0.823554567927489 0 0 0 0.24 34 36 47 20 59 14 90 62 122 85 125 31 139 40 151 33 228 51 230 212 233 57 
223 0.0955924622255343 0.06475593304347012 0.8160408126911125 0 0 0 0.2 34 37 37 33 46 22 55 22 57 17 59 15 86 17 90 63 94 36 116 25 119 21 122 86 125 32 139 41 144 19 151 34 154 9 161 23 166 32 177 19 183 14 189 9 193 49 202 10 205 20 211 50 212 15 216 27 218 25 228 52 230 213 233 58 
224 0.3411527301336012 0.0683451976634023 0.8639526210161164 0 0 0 0.21 34 38 37 34 46 23 122 87 125 33 230 214 
225 0.36512074299912334 0.06667379316384786 0.8642441320085806 0 0 0 0.22 34 39 57 18 145 13 177 20 228 53 230 215 
226 0.12144200437050603 0.08449780443087647 0.8077629742006442 0 0 0 0.23 34 40 55 23 139 42 144 20 145 14 230 216 
227 -0.03255115692869933 0.1168299143361715 0.7932080788999126 0 0 0 0.24 34 41 45 54 55 24 59 16 116 26 122 88 125 34 137 12 139 43 145 15 149 45 151 35 166 33 177 21 183 15 193 50 202 11 211 51 212 16 216 28 218 26 226 9 228 54 230 217 
228 -0.02003623180396045 0.17237572012085547 0.7729133087570573 0 0 0 0.36 34 42 55 25 183 16 230 218 
229 0.008970830800181205 0.19120944770905554 0.7691261707726211 0 0 0 0.3 34 43 59 17 90 64 139 44 140 34 143 17 144 21 166 34 193 51 211 52 212 17 228 55 233 59 
230 -0.012794602209618316 -0.3445504879791936 0.962890682360203 0 0 0 0.36 34 44 45 55 47 21 57 19 59 18 90 65 94 37 116 27 125 35 140 35 144 22 145 16 149 46 151 36 154 10 161 24 177 22 193 52 202 12 205 21 211 53 212 18 230 219 
231 0.10348942380689852 -0.3445634453587407 0.9658641417792225 0 0 0 0.38 34 45 37 35 45 56 47 22 90 66 94 38 116 28 119 22 144 23 145 17 149 47 151 37 161 25 166 35 189 10 193 53 202 13 205 22 211 54 212 19 230 220 
232 -0.046443452175234254 0.15677622106356903 0.817497197375396 0 0 0 0.22 34 46 37 36 45 57 57 20 59 19 90 67 125 36 140 36 143 18 144 24 151 38 161 26 166 36 177 23 183 17 189 11 191 15 211 55 212 20 226 10 
233 0.09913889525428697 0.1622768193365393 0.7826775402710792 0 0 0 0.28 34 47 37 37 45 58 55 26 57 21 116 29 119 23 125 37 137 13 139 45 140 37 143 19 144 25 145 18 149 48 151 39 166 37 183 18 189 12 191 16 193 54 211 56 212 21 216 29 218 27 226 11 228 56 233 60 
234 0.025165788713140357 -0.33910716010255604 0.9650328241341838 0 0 0 0.54 34 48 47 23 59 20 94 39 125 38 140 38 144 26 149 49 151 40 183 19 218 28 230 221 
235 -0.04820742449505977 -0.2727297151366056 1.1311158108918273 0 0 0 0.44 34 49 45 59 90 68 125 39 144 27 154 11 211 57 228 57 230 222 
236 0.09436698302608469 0.19584459882838545 0.7665764958946519 0 0 0 0.34 34 50 57 22 139 46 230 223 
237 0.5412802282406292 -0.3000992180987727 0.997948340969177 0 0 0 0.75 34 51 47 24 90 69 122 89 230 224 
238 -0.1799371130480386 -0.03445451352252952 0.8941076801017892 0 0 0 0.28 34 52 37 38 45 60 57 23 90 70 116 30 119 24 139 47 140 39 143 20 144 28 145 19 149 50 151 41 154 12 161 27 177 24 183 20 193 55 205 23 210 12 211 58 226 12 230 225 233 61 
239 0.01861944678574332 -0.048526586271809724 0.8576416182983898 0 0 0 0.28 34 53 57 24 59 21 90 71 116 31 122 90 125 40 139 48 140 40 143 21 144 29 149 51 151 42 154 13 177 25 211 59 212 22 216 30 228 58 230 226 
240 0.5241372125357731 -0.07651917227684675 0.9124795547813773 0 0 0 0.35 34 54 45 61 47 25 57 25 59 22 90 72 94 40 119 25 125 41 140 41 149 52 151 43 166 38 191 17 193 56 211 60 212 23 216 31 228 59 230 227 
241 0.5286884898047185 -0.010252308432217545 0.8894323605631774 0 0 0 0.27 34 55 37 39 45 62 57 26 86 18 119 26 122 91 125 42 139 49 143 22 144 30 149 53 154 14 166 39 189 13 191 18 210 13 212 24 216 32 226 13 230 228 
242 0.13660141818071747 0.11108435261450185 0.79919329334389 0 0 0 0.41 34 56 57 27 125 43 139 50 140 42 144 31 145 20 151 44 161 28 193 57 202 14 211 61 228 60 230 229 
243 0.5798955660063799 -0.2826677873396113 0.9818972265405577 0 0 0 0.47 34 57 45 63 116 32 139 51 144 32 149 54 154 15 166 40 211 62 212 25 230 230 233 62 
244 -0.0542149429569005 -0.2877174299933201 1.1284179994660266 0 0 0 0.7 34 58 45 64 205 24 230 231 
245 0.5467278462759014 -0.1382474998109049 0.9388792367355413 0 0 0 0.6 34 59 116 33 137 14 139 52 144 33 151 45 189 14 202 15 212 26 230 232 
246 0.017989371370451326 -0.8394505695444919 1.1775330467391538 0 0 0 0.62 37 40 90 73 94 41 183 21 230 233 
247 0.010583769108971082 -0.8322227150174132 1.1796264421597793 0 0 0 0.22 37 41 46 24 86 19 94 42 116 34 149 55 151 46 211 63 230 234 
248 0.03661070135897572 -0.3779831838942141 0.9588333124906929 0 0 0 0.25 37 42 90 74 140 43 230 235 
249 -0.014035409296783733 -0.31612640772399025 0.9547167714312673 0 0 0 0.31 37 43 90 75 94 43 125 44 230 236 
250 0.5585166363681113 -0.363259931227299 1.0313500751590992 0 0 0 0.23 37 44 46 25 122 92 230 237 
251 0.0944527026892749 -0.26696681864096583 0.9441886193474657 0 0 0 0.31 37 45 45 65 47 26 90 76 137 15 139 53 151 47 193 58 205 25 226 14 230 238 
252 0.5386152105432762 -0.09692585211134619 0.9032413907603905 0 0 0 0.63 37 46 46 26 47 27 94 44 193 59 230 239 
253 0.08272711914913829 -0.05421862554785324 0.8604935597475659 0 0 0 0.25 37 47 45 66 47 28 90 77 122 93 230 240 
254 0.2555891369675499 -0.04089297974540109 0.9018000141588893 0 0 0 0.11 37 48 90 78 230 241 
255 0.5303500185732039 -0.023335259426777187 0.8893332446193385 0 0 0 0.2 37 49 122 94 140 44 211 64 230 242 233 63 
256 0.4234007354756173 0.003949839285674906 0.8800029720375149 0 0 0 0.37 37 50 45 67 90 79 125 45 139 54 151 48 192 11 211 65 228 61 230 243 233 64 
257 0.1097412340836257 0.028565665983779274 0.8292025751889299 0 0 0 0.21 37 51 45 68 46 27 90 80 94 45 122 95 149 56 193 60 195 27 211 66 230 244 233 65 
258 0.414198145221898 0.041764869294987614 0.8812555031150149 0 0 0 0.24 37 52 90 81 149 57 154 16 193 61 211 67 230 245 
259 0.12227981358680624 0.05418550069537166 0.8191205920161766 0 0 0 0.36 37 53 47 29 139 55 149 58 161 29 216 33 226 15 230 246 233 66 
260 0.33195491711480946 0.0545895193906973 0.8687246217373193 0 0 0 0.18 37 54 140 45 230 247 
261 0.12426348883030473 0.08090155661108522 0.8042516228862429 0 0 0 0.41 37 55 45 69 47 30 70 31 90 82 94 46 116 35 122 96 125 46 140 46 144 34 149 59 151 49 166 41 183 22 192 12 193 62 195 28 211 68 230 248 233 67 
262 0.3712484463993209 0.13296160807559507 0.839609155898671 0 0 0 0.3 37 56 46 28 149 60 151 50 193 63 228 62 230 249 233 68 
263 0.09319697747224723 -0.9403515971153225 1.2259496056530446 0 0 0 0.3 37 57 45 70 46 29 55 27 57 28 86 20 94 47 119 27 139 56 144 35 149 61 151 51 166 42 183 23 191 19 205 26 211 69 212 27 218 29 226 16 230 250 
264 0.0939027335626912 -0.3014722366637814 0.9585685572067028 0 0 0 0.25 37 58 45 71 205 27 230 251 
265 0.5452832221626243 -0.0980871079206186 0.8961547880421541 0 0 0 0.23 37 59 46 30 59 23 140 47 149 62 151 52 211 70 218 30 228 63 230 252 
266 0.36172807331280915 -0.04938674025237537 0.9061025013200764 0 0 0 0.3 37 60 45 72 116 36 140 48 151 53 166 43 230 253 
267 0.5707066195568011 -0.068410178725991 0.882698112972608 0 0 0 0.53 37 61 149 63 151 54 211 71 228 64 230 254 
268 0.5249863930909051 0.006592455556380161 0.8820719557004205 0 0 0 0.27 37 62 46 31 47 31 55 28 57 29 59 24 86 21 94 48 116 37 119 28 122 97 125 47 137 16 140 49 143 23 144 36 149 64 151 55 154 17 166 44 177 26 191 20 193 64 210 14 211 72 212 28 216 34 218 31 226 17 228 65 230 255 233 69 
269 0.022022482106159053 0.07320717674646095 0.8112862250278321 0 0 0 0.28 37 63 151 56 230 256 
270 0.27493539395854 0.08149845066918046 0.8511837374891799 0 0 0 0.38 37 64 45 73 59 25 86 22 125 48 140 50 151 57 166 45 191 21 193 65 205 28 211 73 216 35 218 32 226 18 230 257 
271 -0.2155900536104784 0.11245089609738115 0.8364302773136784 0 0 0 0.27 37 65 45 74 125 49 140 51 143 24 149 65 151 58 154 18 161 30 193 66 210 15 211 74 216 36 228 66 230 258 
272 0.121512381993657 0.09268164662322055 0.8052280024340032 0 0 0 0.36 37 66 46 32 47 32 90 83 94 49 139 57 144 37 145 21 151 59 161 31 183 24 205 29 216 37 230 259 233 70 
273 0.08554219883431649 0.1704655213736984 0.7801785847526908 0 0 0 0.31 37 67 45 75 55 29 57 30 125 50 139 58 140 52 143 25 166 46 183 25 191 22 211 75 216 38 218 33 226 19 
274 0.24501033849109213 0.19674759482388832 0.775329765069213 0 0 0 0.44 37 68 45 76 59 26 90 84 125 51 139 59 151 60 
275 0.014393307418989533 -0.8050725323156169 1.177530798185451 0 0 0 0.21 37 69 45 77 46 33 90 85 139 60 143 26 149 66 202 16 211 76 230 260 
276 0.41818341354467053 0.06475213786502163 0.8617909722337362 0 0 0 0.56 37 70 47 33 57 31 166 47 191 23 216 39 230 261 233 71 
277 -0.026487903852921442 0.10640014816330531 0.7952643349752837 0 0 0 0.52 37 71 45 78 122 98 139 61 144 38 183 26 202 17 211 77 230 262 
278 0.33413557379831577 0.12911389121586553 0.8384412534261799 0 0 0 0.22 37 72 45 79 90 86 137 17 151 61 230 263 
279 0.19277981336668434 0.20691700520249995 0.7674308029459305 0 0 0 0.31 37 73 119 29 125 52 139 62 140 53 144 39 151 62 161 32 177 27 193 67 202 18 212 29 216 40 218 34 228 67 
280 0.09421950763027676 0.24132770128431705 0.7441145626242189 0 0 0 0.3 37 74 45 80 144 40 183 27 189 15 191 24 193 68 202 19 211 78 228 68 230 264 233 72 
281 0.12543039959067764 0.06450966409887539 0.8146747668499865 0 0 0 0.22 37 75 90 87 122 99 149 67 154 19 202 20 228 69 230 265 233 73 
282 0.12484970532222776 0.06462948389403322 0.8140318910336141 0 0 0 0.26 37 76 47 34 57 32 59 27 86 23 94 50 116 38 122 100 125 53 140 54 144 41 145 22 149 68 151 63 154 20 161 33 166 48 191 25 193 69 202 21 211 79 212 30 218 35 228 70 230 266 233 74 
283 0.07885856487448702 0.22725836090212523 0.7650044624416594 0 0 0 0.28 37 77 45 81 90 88 137 18 211 80 228 71 230 267 233 75 
284 0.44643103426071795 -0.058697757444653074 0.9088237184012643 0 0 0 0.49 37 78 47 35 125 54 177 28 211 81 216 41 228 72 230 268 233 76 
285 0.2838737654903458 0.004670646281848777 0.8832935465348299 0 0 0 0.33 37 79 230 269 233 77 
286 0.1154557792029611 0.12293281068170224 0.8001061833029993 0 0 0 0.69 37 80 45 82 183 28 189 16 230 270 233 78 
287 0.05251505160849528 0.12485399238137111 0.7943496563215264 0 0 0 0.65 37 81 46 34 55 30 83 9 119 30 125 55 139 63 140 55 183 29 189 17 192 13 211 82 226 20 228 73 230 271 233 79 
288 0.030414988451104966 -0.5839254878703821 1.0818017188032154 0 0 0 0.31 45 83 116 39 149 69 151 64 193 70 226 21 230 272 
289 -0.014998270979985108 -0.33097224634062905 0.959635550740153 0 0 0 0.27 45 84 116 40 122 101 125 56 149 70 230 273 
290 0.10739295183228229 -0.21334503908959818 0.9156590849571855 0 0 0 0.38 45 85 47 36 140 56 230 274 
291 0.09955567286768055 -0.19296396102647095 0.9116840290017973 0 0 0 0.31 45 86 47 37 90 89 94 51 116 41 125 57 140 57 151 65 161 34 183 30 193 71 205 30 216 42 226 22 228 74 230 275 
292 -0.04130906718925144 -0.1105560332118393 0.8722300866521416 0 0 0 0.22 45 87 139 64 230 276 
293 0.2679210387278808 -0.06852010313901506 0.9135182461161484 0 0 0 0.6 45 88 47 38 70 32 90 90 166 49 216 43 230 277 
294 0.2818179304195606 -0.0628690607103368 0.9031751703151033 0 0 0 0.25 45 89 90 91 154 21 226 23 228 75 230 278 233 80 
295 0.5341940420033309 -0.07675035527477636 0.9005314443874228 0 0 0 0.27 45 90 125 58 211 83 230 279 
296 0.42316992244474205 -0.06367905683553454 0.9047075338437339 0 0 0 0.15 45 91 90 92 94 52 140 58 154 22 216 44 228 76 233 81 
297 0.3953676833810482 -0.04797107320063315 0.908100800884873 0 0 0 0.14 45 92 122 102 139 65 230 280 
298 0.11356373644392935 -0.004718618934825586 0.8399084749628153 0 0 0 0.34 45 93 116 42 125 59 151 66 228 77 230 281 
299 0.1302833442153572 -0.004605404546620302 0.835762816640997 0 0 0 0.45 45 94 90 93 122 103 205 31 230 282 233 82 
300 0.11876074351170912 -0.0022032095358932692 0.837525882803796 0 0 0 0.15 45 95 90 94 125 60 230 283 
301 0.436532459539258 0.027098255733487495 0.8761076646312153 0 0 0 0.2 45 96 90 95 230 284 
302 0.031717448897106336 0.05878123583862335 0.812534882217037 0 0 0 0.23 45 97 57 33 90 96 139 66 145 23 151 67 226 24 230 285 
303 0.42337687662634454 0.051346652774051704 0.8633231223040704 0 0 0 0.29 45 98 154 23 230 286 233 83 
304 0.029306003994277536 0.06392919261681071 0.8125478973785148 0 0 0 0.15 45 99 125 61 140 59 145 24 149 71 151 68 193 72 211 84 226 25 228 78 230 287 233 84 
305 0.11845306387593901 0.10833502775119062 0.8005526494677146 0 0 0 0.23 45 100 230 288 233 85 
306 0.052979596662842215 0.17906692866485371 0.7759706665592278 0 0 0 0.14 45 101 140 60 151 69 177 29 193 73 228 79 
307 0.2305118221270199 0.19619719038773265 0.7703025833260305 0 0 0 0.22 45 102 230 289 233 86 
308 0.14501675047548468 0.20387904943789642 0.7634031251754027 0 0 0 0.19 45 103 211 85 216 45 228 80 230 290 
309 0.17867931255307487 0.2059009421233859 0.7658802078686455 0 0 0 0.29 139 67 140 61 143 27 161 35 216 46 
310 -0.00212071953516448 -0.9869493015066106 1.2527065650295979 0 0 0 0.29 45 104 90 97 230 291 
311 0.091926230026848 -0.8990345745054815 1.2108430114358666 0 0 0 0.38 45 105 46 35 55 31 86 24 90 98 94 53 119 31 139 68 151 70 166 50 189 18 205 32 211 86 212 31 230 292 
312 0.11500600798762566 -0.3888680492420011 0.9663362064937066 0 0 0 0.33 45 106 90 99 230 293 
313 0.09409581390125868 -0.2591693084780896 0.9414143656688684 0 0 0 0.29 45 107 47 39 55 32 140 62 205 33 230 294 
314 -0.020816340321240488 -0.2135782217417657 0.9148094378073621 0 0 0 0.21 45 108 90 100 230 295 
315 0.5822728034534169 -0.24044676875668974 1.0676114495578486 0 0 0 0.37 45 109 90 101 211 87 230 296 
316 0.07970394887353356 -0.17882717672883006 0.9120488065873442 0 0 0 0.21 45 110 90 102 230 297 
317 -0.036398371950945876 -0.10740762424849246 0.8679692690251578 0 0 0 0.4 45 111 55 33 230 298 
318 -0.3053903713370968 -0.06731245662726419 0.8986813319849896 0 0 0 0.31 45 112 195 29 230 299 
319 -0.021225612907739264 -0.08708124981326264 0.8611701688818254 0 0 0 0.52 45 113 90 103 230 300 
320 -0.019004781973953385 -0.0753266004139184 0.8648314037383528 0 0 0 0.2 45 114 90 104 230 301 
321 0.10885316505167775 -0.06597266146317794 0.8650349651874523 0 0 0 0.23 45 115 90 105 144 42 149 72 154 24 230 302 
322 0.33930039788851907 -0.06307541218622176 0.9195048013850905 0 0 0 0.57 45 116 47 40 230 303 
323 -0.1719463128920333 -0.016952475506469555 0.8948318872597841 0 0 0 0.22 45 117 90 106 94 54 116 43 149 73 210 16 228 81 230 304 233 87 
324 0.5231753756209676 -0.06727625054688577 0.9082531830228961 0 0 0 0.53 45 118 125 62 216 47 230 305 
325 0.35232935482279537 -0.04862489680453939 0.908781935323985 0 0 0 0.51 45 119 47 41 59 28 90 107 116 44 149 74 151 71 191 26 230 306 
326 0.10892101075678096 0.005880531620578953 0.8357044092192143 0 0 0 0.3 45 120 55 34 86 25 166 51 211 88 230 307 
327 0.11025521269915278 0.018758841940418592 0.8323111843871013 0 0 0 0.21 45 121 90 108 94 55 116 45 125 63 139 69 143 28 149 75 161 36 191 27 193 74 205 34 216 48 226 26 228 82 230 308 233 88 
328 0.11847355273939941 0.038882227358649143 0.8254325698518381 0 0 0 0.36 45 122 47 42 90 109 122 104 205 35 211 89 226 27 230 309 
329 0.11853925242103644 0.03881509948638508 0.8255362943717971 0 0 0 0.37 45 123 47 43 90 110 122 105 205 36 211 90 226 28 230 310 233 89 
330 -0.05693386376837513 0.10649802464862818 0.8442477088135696 0 0 0 0.09 45 124 122 106 230 311 
331 0.38923550054112005 0.1229336486560834 0.8465101631199851 0 0 0 0.3 45 125 90 111 161 37 205 37 230 312 
332 -0.06939807271379314 0.19484437794341 0.7681331286859208 0 0 0 0.18 45 126 55 35 143 29 230 313 
333 0.16204639940098792 0.2040323854163905 0.761341047075311 0 0 0 0.34 45 127 90 112 230 314 
334 0.0059185473377811795 -0.9842758330826267 1.2513993561719658 0 0 0 0.6 45 128 90 113 151 72 230 315 
335 0.08499565270768741 -0.9841839959671095 1.2482373459199543 0 0 0 0.48 45 129 139 70 230 316 
336 0.028597855920799237 -0.9239207807925491 1.2127939615244068 0 0 0 0.32 45 130 90 114 230 317 
337 0.007353640514385985 -0.6230248032978458 1.0966953446210588 0 0 0 0.36 45 131 139 71 151 73 212 32 230 318 
338 0.12970865315261948 -0.49598110787669186 1.0079774749537262 0 0 0 0.21 45 132 90 115 230 319 
339 -0.0021820410734600076 -0.3259954599068989 0.9586030545760996 0 0 0 0.45 45 133 122 107 139 72 149 76 230 320 
340 0.0324006130942212 -0.2997753844242158 0.95581205788562 0 0 0 0.09 45 134 59 29 230 321 
341 -0.01006417523504755 -0.21290889766504634 0.913966944798149 0 0 0 0.12 45 135 90 116 230 322 
342 -0.012345940246424027 -0.2038091519350674 0.9119208417991094 0 0 0 0.4 45 136 90 117 230 323 
343 0.10204157261837848 -0.173742201139994 0.9158075853146195 0 0 0 0.19 45 137 90 118 230 324 
344 0.550065361337002 -0.21706104687992678 0.9410003338286014 0 0 0 0.71 45 138 139 73 230 325 
345 -0.0836405288865853 -0.0676725408315597 0.90584885178576 0 0 0 0.4 45 139 125 64 139 74 161 38 211 91 230 326 
346 -0.04718825186854779 -0.07496587625551021 0.860210113328711 0 0 0 0.53 45 140 122 108 205 38 230 327 
347 0.08046024152681397 -0.06366910294217919 0.8657550426585985 0 0 0 0.19 45 141 90 119 94 56 122 109 125 65 139 75 228 83 230 328 
348 0.4838118336274196 -0.047350423160159985 0.9086461255244171 0 0 0 0.33 45 142 90 120 116 46 230 329 
349 0.331133879373592 0.0016542023119843863 0.8846975218314683 0 0 0 0.18 45 143 90 121 230 330 
350 0.5273235398082575 -0.0026392605880243506 0.8876715126201411 0 0 0 0.53 45 144 47 44 116 47 125 66 143 30 151 74 166 52 193 75 218 36 230 331 233 90 
351 0.12554633722883304 0.017543818856928482 0.8319846490972106 0 0 0 0.19 45 145 122 110 161 39 230 332 
352 0.004774691494163168 0.06390335434586936 0.8119709278859908 0 0 0 0.21 45 146 55 36 116 48 119 32 122 111 230 333 
353 -0.0720718516422501 0.07981482876507785 0.851772542090859 0 0 0 0.26 45 147 166 53 183 31 218 37 230 334 
354 0.22416825932288212 0.06822739442501805 0.8633311229437488 0 0 0 0.14 45 148 139 76 230 335 
355 -0.047084216124697424 0.12461080718605648 0.828162376914502 0 0 0 0.31 45 149 90 122 116 49 122 112 125 67 139 77 143 31 145 25 154 25 166 54 183 32 189 19 210 17 230 336 
356 -0.0015984014966645404 0.15134811990241664 0.7835161402300719 0 0 0 0.4 45 150 70 33 83 10 90 123 122 113 230 337 
357 0.09368025245190696 0.1587459964451747 0.794587834088159 0 0 0 0.18 45 151 90 124 230 338 
358 0.016356637588641115 0.17785711055724487 0.7757831358277174 0 0 0 0.21 45 152 59 30 116 50 119 33 154 26 177 30 191 28 211 92 212 33 216 49 218 38 228 84 233 91 
359 0.08800780879604048 -0.3388621901243614 0.967348279092072 0 0 0 0.28 45 153 90 125 94 57 116 51 145 26 191 29 193 76 211 93 230 339 
360 0.08774325962879018 -0.3390383589298712 0.9673569053407689 0 0 0 0.2 45 154 125 68 149 77 151 75 211 94 230 340 
361 0.026403169453259143 -0.2669049319819559 0.9477807542762332 0 0 0 0.12 45 155 122 114 230 341 
362 0.5869878762160268 -0.30512432719742727 1.1733692479062652 0 0 0 0.46 45 156 57 34 90 126 125 69 161 40 205 39 212 34 216 50 230 342 
363 0.009779152714500227 -0.08765613126798533 0.8765769483228728 0 0 0 0.21 45 157 90 127 230 343 
364 0.10663979938796157 -0.0819974695691278 0.8692467690362135 0 0 0 0.39 45 158 59 31 94 58 116 52 119 34 125 70 139 78 143 32 144 43 149 78 177 31 189 20 193 77 205 40 230 344 
365 0.549152744734704 -0.07311538750046097 0.8874582204226836 0 0 0 0.44 45 159 125 71 144 44 149 79 151 76 166 55 191 30 212 35 218 39 228 85 230 345 233 92 
366 0.2388840012322926 0.04917156135467955 0.8749728505427692 0 0 0 0.16 45 160 90 128 230 346 
367 0.12294535338144673 0.114505363350125 0.8006967421894804 0 0 0 0.36 45 161 151 77 189 21 192 14 195 30 205 41 212 36 230 347 
368 0.011110890074728092 0.15710646377486034 0.7878004709535945 0 0 0 0.49 45 162 90 129 145 27 192 15 195 31 230 348 
369 -0.03454406566989022 0.18012022214839915 0.7700169541560122 0 0 0 0.28 45 163 125 72 212 37 228 86 230 349 
370 0.07990036211152982 0.24541677198453138 0.7579387911938584 0 0 0 0.32 45 164 137 19 211 95 230 350 
371 -0.00015683712067908378 -0.8341040876762136 1.18960744225413 0 0 0 0.13 45 165 90 130 230 351 
372 0.001138180407387749 -0.8364565705614488 1.1936351429709127 0 0 0 0.5 45 166 90 131 139 79 230 352 
373 0.5636644791319146 -0.3590998650828418 1.0268298131329343 0 0 0 0.35 45 167 116 53 125 73 139 80 154 27 166 56 211 96 216 51 230 353 
374 0.5637632013372188 -0.3591676518287731 1.0269204036186907 0 0 0 0.31 45 168 116 54 125 74 151 78 154 28 166 57 211 97 216 52 230 354 
375 0.5859328830451012 -0.31955139084513284 1.1357106546413034 0 0 0 0.27 45 169 90 132 230 355 
376 -0.2958483209920886 -0.04808728331553477 0.900414500182186 0 0 0 0.25 45 170 90 133 230 356 
377 -0.14778724554030562 -0.05372317583184692 0.8992844409147688 0 0 0 0.41 45 171 90 134 230 357 
378 -0.19326160347824634 -0.04280728145831679 0.8936447455853211 0 0 0 0.37 45 172 90 135 119 35 230 358 
379 0.07989880959264709 -0.03190212544090515 0.8547417675045662 0 0 0 0.19 45 173 90 136 230 359 
380 -0.06962291886254084 0.20212428562801898 0.764435909640812 0 0 0 0.29 45 174 55 37 230 360 
381 0.0175062173683943 -0.9118555905984006 1.2063283205657778 0 0 0 0.55 45 175 90 137 230 361 
382 -0.006172976721967454 -0.7710284165874399 1.1748618284891532 0 0 0 0.25 45 176 90 138 230 362 
383 0.5677089496952247 -0.32134252744176306 0.9812376874801707 0 0 0 0.67 45 177 59 32 139 81 212 38 230 363 
384 -0.4036759776416208 -0.04691770247677019 0.8963464753763359 0 0 0 0.5 45 178 90 139 191 31 230 364 
385 0.2038026125691786 -0.05650164756941288 0.8962891790865393 0 0 0 0.31 45 179 90 140 230 365 
386 0.528867512280493 -0.060499642812357125 0.9093701254135298 0 0 0 0.42 45 180 47 45 57 35 59 33 125 75 151 79 193 78 211 98 212 39 228 87 230 366 
387 -0.05594620699206044 0.2095639478763896 0.7600954702210133 0 0 0 0.55 45 181 55 38 230 367 
388 -0.000474829760683327 -0.3341211940432193 0.9636138704316988 0 0 0 0.28 45 182 90 141 151 80 205 42 230 368 
389 0.5724694361382467 -0.2634172911031446 1.0697188701864693 0 0 0 0.31 45 183 90 142 230 369 
390 0.5762996897142786 -0.264301890642404 1.074485684096323 0 0 0 0.47 45 184 90 143 139 82 230 370 
391 0.10629793501966993 -0.006871863087225218 0.8430631860725151 0 0 0 0.57 45 185 47 46 59 34 139 83 211 99 216 53 230 371 
392 0.426311653152408 0.007128497492192368 0.883549237577767 0 0 0 0.42 45 186 90 144 139 84 143 33 189 22 193 79 211 100 230 372 
393 -0.0582835314115964 -0.7319924828538442 1.2130030326754686 0 0 0 0.96 45 187 90 145 195 32 230 373 
394 -0.030550092088080325 -0.780755779939262 1.18986321374522 0 0 0 0.59 45 188 90 146 230 374 
395 0.01702025114848751 -0.1705084736526014 0.9020544373769519 0 0 0 0.58 45 189 195 33 230 375 
396 -0.020136942426486667 -0.09175459524849354 0.8747824727682368 0 0 0 0.35 45 190 137 20 139 85 161 41 230 376 
397 0.08954130418176591 0.14931688345087288 0.7976842347024711 0 0 0 1.38 45 191 90 147 122 115 139 86 144 45 230 377 
398 0.5674223040916054 -0.28612009688315854 0.9992401903333957 0 0 0 0.46 45 192 122 116 230 378 
399 0.019667655283084777 -0.33650342288759666 0.9643742527377048 0 0 0 0.32 46 36 94 59 161 42 230 379 
400 -0.05322281237651231 -0.2102823526556648 0.9154619804448838 0 0 0 0.23 46 37 122 117 228 88 230 380 
401 -0.05300737928077846 -0.21038401947529195 0.9155425957616048 0 0 0 0.15 46 38 94 60 230 381 
402 0.5426262099204283 -0.16093814909533044 0.9397235207953724 0 0 0 0.26 46 39 90 148 94 61 125 76 140 63 149 80 193 80 230 382 
403 0.5649190695758153 -0.15477981808934543 0.9241237644439375 0 0 0 0.41 46 40 47 47 94 62 122 118 125 77 139 87 149 81 151 81 166 58 193 81 228 89 230 383 233 93 
404 0.41552538344240525 0.09629555375246633 0.8531506932138249 0 0 0 0.33 46 41 116 55 125 78 140 64 149 82 151 82 154 29 166 59 230 384 
405 0.13628825016118204 0.12430406880471806 0.7980410829074259 0 0 0 0.13 46 42 116 56 154 30 193 82 216 54 228 90 
406 0.07150873112218625 0.18240206727312597 0.763998808454143 0 0 0 0.28 46 43 211 101 228 91 
407 0.011847976846617309 -1.0002274145051924 1.2529208230840438 0 0 0 0.65 46 44 90 149 230 385 
408 0.08959300352705714 -0.9793450458942202 1.245213558471508 0 0 0 0.51 46 45 90 150 211 102 230 386 
409 0.09314326413741074 -0.9405495609485962 1.225944550240452 0 0 0 0.2 46 46 86 26 94 63 139 88 149 83 166 60 205 43 211 103 218 40 226 29 230 387 
410 -0.0024866227770463704 -0.3478630466891437 0.9643969327798801 0 0 0 0.33 46 47 55 39 94 64 149 84 183 33 230 388 
411 -0.1078619088701165 -0.25264848146542385 1.1229525871813988 0 0 0 0.47 46 48 119 36 183 34 202 22 211 104 230 389 
412 0.43049470157273234 -0.2730713945445466 1.1445227353469845 0 0 0 0.26 46 49 122 119 125 79 151 83 228 92 230 390 233 94 
413 -0.09821123952406706 -0.05561536312271257 0.9021209078196187 0 0 0 0.33 46 50 125 80 205 44 230 391 
414 0.24353446430638495 -0.04799861229134897 0.9068254484190575 0 0 0 0.4 46 51 90 151 230 392 
415 0.2755924935005714 0.02829640217569818 0.8746930972273143 0 0 0 0.09 46 52 216 55 228 93 230 393 
416 0.12451317517781423 0.14514052441475597 0.7891651649439859 0 0 0 0.43 46 53 122 120 125 81 139 89 230 394 233 95 
417 0.033641082099499085 -0.26843769222255587 0.9433820056878545 0 0 0 0.34 46 54 59 35 119 37 125 82 144 46 161 43 166 61 202 23 212 40 228 94 230 395 
418 -0.1962390127882267 -0.01594193362898722 0.89117292103018 0 0 0 0.4 46 55 183 35 230 396 
419 0.03609706643896317 -0.33595569897321764 0.9648072126126319 0 0 0 0.21 47 48 149 85 230 397 
420 0.5547243406830376 -0.3554905290346891 1.0236646130255667 0 0 0 0.8 47 49 90 152 94 65 230 398 233 96 
421 0.5500786626614806 -0.35422788941414374 1.0181940512379153 0 0 0 0.8 47 50 90 153 230 399 233 97 
422 0.030414004829367867 -0.24012149413746972 0.9329647225800592 0 0 0 0.5 47 51 140 65 177 32 193 83 218 41 228 95 230 400 
423 -0.043661515725166904 -0.21261723414964545 0.9070222770845617 0 0 0 0.29 47 52 116 57 122 121 149 86 154 31 193 84 216 56 228 96 230 401 
424 0.09079641336837281 -0.07416522865433489 0.8700112774980738 0 0 0 0.5 47 53 140 66 230 402 233 98 
425 0.5665608534958124 -0.14681917706455402 0.9222932465726249 0 0 0 0.54 47 54 122 122 125 83 140 67 149 87 151 84 228 97 230 403 233 99 
426 0.5664449631850765 -0.14679940008425618 0.9221500874055067 0 0 0 0.59 47 55 122 123 125 84 149 88 193 85 228 98 230 404 233 100 
427 0.1019101004535683 -0.055013889330577506 0.8633714264412892 0 0 0 0.35 47 56 94 66 122 124 140 68 183 36 193 86 230 405 
428 0.5323426221700928 -0.10515422745539069 0.9116008558663302 0 0 0 0.53 47 57 125 85 140 69 228 99 230 406 
429 0.025791054835529723 -0.031127685868761502 0.8602117065558144 0 0 0 0.56 47 58 161 44 230 407 
430 0.5275193998271074 -0.07526060008255411 0.9148894617763073 0 0 0 0.15 47 59 122 125 230 408 
431 0.33701328945339615 -0.039683291635378086 0.9097149030908895 0 0 0 1.01 47 60 151 85 230 409 
432 0.11830362753023997 0.044883986171781916 0.8233269690620185 0 0 0 0.37 47 61 122 126 125 86 149 89 211 105 226 30 228 100 230 410 233 101 
433 0.43184743216620847 0.0304325494324439 0.8764503547000232 0 0 0 0.79 47 62 90 154 230 411 
434 0.132263256316276 0.06448518756871724 0.8089625754033244 0 0 0 0.49 47 63 122 127 140 70 149 90 230 412 
435 0.1039357133272594 0.09604267723107691 0.8018520722868785 0 0 0 0.36 47 64 216 57 228 101 
436 -0.014949074641687652 -0.3312148394090874 0.9598848069656449 0 0 0 0.41 47 65 94 67 116 58 122 128 125 87 149 91 151 86 177 33 193 87 230 413 
437 0.09424292388363124 -0.28184318269785746 0.9508796396913011 0 0 0 0.31 47 66 205 45 228 102 230 414 
438 0.0941180718061082 -0.2443885133108405 0.9362661508444973 0 0 0 0.25 47 67 90 155 193 88 230 415 
439 0.5600073759949922 -0.178453807957452 0.920746468959981 0 0 0 1.15 47 68 228 103 230 416 
440 0.5340481831974169 -0.05959233011983019 0.9007422113419298 0 0 0 0.3 47 69 86 27 94 68 122 129 149 92 151 87 211 106 230 417 233 102 
441 0.37703667603418667 -0.0003724280609167161 0.891149972219026 0 0 0 0.91 47 70 177 34 230 418 
442 0.4359547849352771 0.085583535273119 0.8539043044270438 0 0 0 0.27 94 69 143 34 189 23 211 107 212 41 228 104 
443 0.02517589411205146 -0.3746330905910077 0.9696357796801174 0 0 0 0.47 47 71 149 93 230 419 
444 0.10279941905939118 -0.27917454549176257 0.9408386258166969 0 0 0 0.28 47 72 55 40 161 45 230 420 
445 0.2820697815320833 -0.05060513621574118 0.8997160461009268 0 0 0 0.62 47 73 145 28 151 88 183 37 205 46 230 421 
446 0.4887067870408159 -0.06394103874178356 0.9153283568931325 0 0 0 0.29 47 74 125 88 139 90 230 422 
447 0.0316657636164532 -0.37417928617619756 0.963478900024063 0 0 0 0.42 47 75 59 36 90 156 144 47 161 46 202 24 230 423 
448 0.5365284351964024 -0.15938326155441873 0.9511716242209999 0 0 0 0.43 47 76 90 157 125 89 144 48 151 89 212 42 216 58 230 424 
449 0.12546294393802923 -0.07443515848240095 0.8618047680156135 0 0 0 0.45 47 77 161 47 205 47 230 425 
450 0.369709996686076 -0.06175487778530676 0.9132129511965487 0 0 0 0.35 47 78 139 91 151 90 189 24 191 32 211 108 228 105 230 426 
451 0.025413216227427662 -0.366148470958719 0.9678329435413022 0 0 0 0.44 47 79 144 49 149 94 151 91 166 62 177 35 230 427 
452 0.08421645490091031 -0.04794247187271321 0.8591957498931632 0 0 0 0.26 47 80 139 92 177 36 211 109 230 428 
453 0.3869570766249737 -0.11875634515260095 0.9680736492671128 0 0 0 0.76 57 36 125 90 144 50 145 29 166 63 202 25 218 42 228 106 230 429 
454 0.016901434237672784 -0.308935838601534 0.960877707189039 0 0 0 0.45 47 81 139 93 230 430 
455 0.12695344995142255 -0.6434247830199346 1.0866537664497489 0 0 0 0.17 55 41 116 59 216 59 230 431 
456 0.5135840408076463 -0.015752602258206013 0.8967517176703528 0 0 0 0.13 55 42 140 71 193 89 218 43 230 432 233 103 
457 0.3725903617014656 0.11079063364772175 0.8487463083145543 0 0 0 0.35 55 43 140 72 143 35 145 30 166 64 177 37 193 90 216 60 218 44 228 107 230 433 233 104 
458 0.1068046596345055 -0.08259912775848481 0.8698616732009493 0 0 0 0.14 55 44 137 21 143 36 145 31 226 31 230 434 
459 -0.10288810354732879 0.046589856651388734 0.8656604109521845 0 0 0 0.33 55 45 94 70 119 38 149 95 193 91 230 435 
460 -0.1602339081669697 0.06762831820559392 0.8494404748383203 0 0 0 0.25 55 46 125 91 140 73 144 51 193 92 226 32 230 436 
461 0.07502031590857863 0.17047588591885474 0.7784935669111702 0 0 0 0.12 55 47 137 22 228 108 230 437 233 105 
462 0.10508596869216395 0.15296133449346858 0.7835363499195032 0 0 0 0.36 55 48 59 37 90 158 119 39 125 92 139 94 143 37 144 52 149 96 151 92 166 65 212 43 218 45 228 109 230 438 233 106 
463 -0.035618216370935 0.17019897393903805 0.7764676218348483 0 0 0 0.32 55 49 145 32 230 439 
464 0.08436471652629654 0.17645571848461097 0.761747701541765 0 0 0 0.16 55 50 119 40 183 38 
465 0.08616582368355653 0.2150070235977182 0.7457364840209012 0 0 0 0.27 55 51 59 38 137 23 144 53 151 93 216 61 
466 0.07080775355875185 0.1835176487901512 0.7713334922790194 0 0 0 0.59 55 52 57 37 59 39 90 159 144 54 145 33 193 93 228 110 230 440 
467 0.5821764147957822 -0.18624539653353245 0.9526603189855178 0 0 0 0.98 55 53 86 28 94 71 125 93 144 55 149 97 166 66 211 110 212 44 230 441 233 107 
468 -0.04649301152861409 0.07189613137464533 0.8054467268345846 0 0 0 0.24 57 38 90 160 94 72 125 94 145 34 161 48 211 111 216 62 226 33 228 111 230 442 
469 -0.2361648635387704 -0.053125297526185215 0.9016691904593889 0 0 0 0.31 57 39 116 60 119 41 125 95 139 95 145 35 149 98 183 39 189 25 191 33 212 45 230 443 
470 -0.18998065122270405 0.08012260952643717 0.8496325720290934 0 0 0 0.15 57 40 94 73 183 40 189 26 230 444 
471 -0.0031493909914107315 0.07071272767029335 0.8103230175539912 0 0 0 0.12 57 41 94 74 116 61 139 96 189 27 
472 -0.4684342611454644 -0.23678087814634752 1.0852342267346753 0 0 0 0.48 57 42 59 40 183 41 230 445 
473 -0.06323067072535232 0.04535707948727563 0.8757440186469586 0 0 0 0.09 57 43 137 24 205 48 230 446 
474 -0.024983991299304315 0.16301102022487227 0.7763225072960136 0 0 0 0.44 57 44 137 25 139 97 144 56 183 42 202 26 212 46 
475 -0.026159953955411583 0.1787063859674035 0.7694600697537374 0 0 0 0.29 57 45 59 41 90 161 116 62 137 26 143 38 144 57 145 36 212 47 228 112 230 447 
476 -0.04654750222163912 0.13167609455859355 0.8260015192406104 0 0 0 0.33 57 46 139 98 205 49 230 448 
477 -0.07472724758457265 -0.03371571226239945 0.8956879983203826 0 0 0 0.52 57 47 122 130 139 99 211 112 230 449 
478 0.28292519766562807 0.04291513171048289 0.8685213007570485 0 0 0 0.34 57 48 116 63 139 100 228 113 230 450 
479 0.28682032939512814 0.10089083689741361 0.8485753550560183 0 0 0 0.54 57 49 83 11 122 131 230 451 
480 0.25575430569881435 0.07053380662607008 0.8626943181196968 0 0 0 0.11 59 42 122 132 139 101 230 452 
481 0.24613205857633275 0.07652948830414684 0.8619599551343836 0 0 0 0.26 59 43 139 102 151 94 191 34 202 27 211 113 230 453 
482 0.27505996734780275 0.1574588340562413 0.836222223549662 0 0 0 0.36 59 44 119 42 125 96 139 103 212 48 230 454 
483 0.15126824237777067 0.20410946969034302 0.7840631740253757 0 0 0 0.15 59 45 151 95 193 94 212 49 228 114 
484 0.050688179430278854 0.1611832348209986 0.7797432601160678 0 0 0 0.18 59 46 137 27 139 104 144 58 145 37 151 96 230 455 
485 -0.14846813677655038 0.11919527710579769 0.8244885755957615 0 0 0 0.11 70 34 122 133 230 456 
486 -0.036584999355507165 -0.2774818598352858 0.942759243966601 0 0 0 1.68 70 35 149 99 230 457 
487 0.10398992103452653 -0.01736670448891581 0.8463370545093855 0 0 0 0.42 70 36 122 134 154 32 205 50 211 114 216 63 228 115 230 458 233 108 
488 -0.09683596285443656 0.043495971646157976 0.8655778865019644 0 0 0 0.22 70 37 122 135 230 459 
489 -0.44241520606716384 -0.061683303538918724 0.893665345697223 0 0 0 0.4 70 38 94 75 191 35 230 460 
490 -0.09587231070953844 0.15275723939959746 0.8271641879810578 0 0 0 0.23 70 39 116 64 161 49 211 115 230 461 
491 -0.035319716732998656 -0.03568568122788741 0.8385419217782267 0 0 0 0.1 70 40 161 50 230 462 
492 -0.027491277247693034 0.0980031292606758 0.7923836473145419 0 0 0 0.29 70 41 122 136 205 51 230 463 
493 -0.10361451874940365 -0.068039777245691 0.9033631488062928 0 0 0 0.49 70 42 90 162 230 464 
494 -0.08920911512560452 -0.059962158485409464 0.9021854317729279 0 0 0 0.22 70 43 119 43 139 105 149 100 161 51 195 34 205 52 216 64 230 465 
495 -0.19562045015417118 -0.06058789402675581 0.8985583497801625 0 0 0 0.15 70 44 139 106 230 466 
496 -0.09741459315371419 0.043185258586609696 0.8690383819980996 0 0 0 0.51 70 45 139 107 195 35 230 467 
497 -0.10063234091369444 -0.044347973500397646 0.8917829421032117 0 0 0 0.95 70 46 205 53 230 468 
498 -0.10052966390036593 0.0952224627493237 0.8325367764229885 0 0 0 0.86 70 47 125 97 140 74 144 59 149 101 151 97 177 38 192 16 193 95 211 116 216 65 228 116 230 469 
499 0.006338239953702884 0.16590135064324396 0.7781655191201116 0 0 0 0.45 83 12 154 33 195 36 216 66 
500 0.5729732671991917 -0.36262266076354605 1.028340318890939 0 0 0 0.69 83 13 122 137 230 470 
501 -0.12054082481043135 0.0799271672840534 0.8518287149820647 0 0 0 0.3 83 14 195 37 230 471 
502 0.1628596301942013 0.19532061121286892 0.7653111965432083 0 0 0 0.23 116 65 143 39 144 60 151 98 193 96 218 46 
503 0.020512715116520117 0.17087725006909296 0.7796299413179814 0 0 0 0.37 83 15 90 163 137 28 139 108 151 99 166 67 183 43 191 36 193 97 211 117 216 67 228 117 230 472 
504 0.28677166536991444 0.1005190451012809 0.8484102996444721 0 0 0 0.55 83 16 125 98 230 473 
505 0.2609184670373223 0.14127703390887475 0.8377801787269645 0 0 0 0.1 83 17 90 164 230 474 
506 0.05325368057099806 0.12458219749028483 0.7918275457092381 0 0 0 0.3 83 18 192 17 230 475 
507 0.09740973375232449 -0.9004424081370128 1.2077639225340648 0 0 0 0.24 86 29 205 54 230 476 
508 0.036490818218420276 -0.37789074890394797 0.958489262947269 0 0 0 0.26 86 30 90 165 140 75 193 98 230 477 
509 0.5111133735376154 0.008379727594951052 0.893823177104063 0 0 0 0.19 86 31 94 76 166 68 211 118 230 478 233 109 
510 0.5905897457420063 -0.2537647146768429 1.0974364865537651 0 0 0 0.58 86 32 90 166 125 99 139 109 205 55 212 50 230 479 
511 0.5854438397051874 -0.2693264561042478 1.1302426716335423 0 0 0 0.46 86 33 94 77 122 138 166 69 230 480 233 110 
512 0.10120539334972077 -0.34020762146754513 0.9645851774855255 0 0 0 0.39 90 167 116 66 140 76 149 102 183 44 216 68 230 481 
513 -0.05335354001333066 -0.31274633101920707 0.9516932112288568 0 0 0 0.28 90 168 125 100 230 482 
514 -0.05703773553421925 -0.28168299619036646 1.1429792646751786 0 0 0 0.4 90 169 161 52 205 56 230 483 
515 0.5663660820853051 -0.3662152631736587 1.0239928275433199 0 0 0 0.26 90 170 149 103 193 99 230 484 
516 -0.008557354002969645 -0.27337986979292156 0.9377739234738205 0 0 0 0.25 90 171 122 139 230 485 
517 0.09431053878994046 -0.25072336221967745 0.9385858083416954 0 0 0 0.2 90 172 94 78 151 100 205 57 230 486 
518 0.5268852372103683 -0.09134383454426923 0.9143070799535561 0 0 0 0.21 90 173 140 77 193 100 230 487 
519 0.5268686896197251 -0.08013018727949549 0.9095837255484003 0 0 0 0.2 90 174 94 79 122 140 149 104 230 488 
520 -0.012975267070583598 -0.18807370254859226 0.9057609451203654 0 0 0 0.38 90 175 94 80 116 67 122 141 125 101 211 119 228 118 230 489 
521 0.03333732584550538 -0.09001305945774297 0.8774436071072074 0 0 0 0.37 90 176 125 102 143 40 166 70 230 490 
522 -0.12691597081050165 -0.025783045035741234 0.8966757006980788 0 0 0 0.08 90 177 122 142 230 491 
523 0.12985804923305916 -0.0271370005219836 0.8428489330189088 0 0 0 0.1 90 178 125 103 140 78 230 492 
524 0.1265530481297225 -0.0223791337304582 0.8428103957381019 0 0 0 0.14 90 179 149 105 205 58 230 493 
525 0.2340373090824427 0.07295550783359099 0.8616673711258338 0 0 0 0.21 90 180 94 81 119 44 122 143 125 104 143 41 202 28 211 120 230 494 233 111 
526 0.23390471778740649 0.07297853210267274 0.861503320244469 0 0 0 0.22 90 181 94 82 122 144 125 105 202 29 211 121 230 495 233 112 
527 -0.189975078532941 0.11317199768954936 0.8361039062041797 0 0 0 0.12 90 182 139 110 230 496 
528 0.014684702983794689 -0.8058937053839994 1.1787364027778886 0 0 0 0.15 90 183 139 111 230 497 
529 -0.2095417916302064 -0.06898974755307036 0.9049421629399389 0 0 0 0.61 90 184 122 145 230 498 
530 0.541132819320798 -0.1122111451407529 0.9458364430543084 0 0 0 0.23 90 185 137 29 211 122 230 499 
531 -0.16207186288661793 -0.043867490012999846 0.8991932733621985 0 0 0 0.3 90 186 122 146 230 500 
532 0.32432178224189834 0.10440923124591629 0.8557030030060832 0 0 0 0.16 90 187 230 501 233 113 
533 0.20306033345952926 0.14991936486879545 0.8317593378294325 0 0 0 0.31 90 188 230 502 233 114 
534 0.02590711728571514 -0.24175731617304946 0.9373886681237327 0 0 0 0.7 90 189 122 147 230 503 
535 -0.07370414492726446 -0.02461259686825005 0.8974500090454948 0 0 0 0.17 90 190 122 148 230 504 
536 -0.04681306647825185 0.01668820429195246 0.827926490267381 0 0 0 0.27 90 191 122 149 161 53 205 59 216 69 230 505 
537 0.08751241529072559 0.07387035784621186 0.8143870442516711 0 0 0 0.39 90 192 161 54 230 506 
538 -0.13412129536890421 0.1012741106428687 0.8415600076900291 0 0 0 0.4 90 193 122 150 230 507 
539 -0.044653762778648375 0.147498990174737 0.8224032762518011 0 0 0 0.23 90 194 116 68 230 508 
540 -0.034559577666596106 0.18007248807945805 0.7700823860448593 0 0 0 0.25 90 195 125 106 228 119 230 509 
541 0.0291310077284659 0.15923399912842343 0.7910296712994506 0 0 0 0.47 90 196 122 151 183 45 211 123 230 510 
542 0.42294790188606196 0.041097984692055625 0.8696661980302508 0 0 0 0.04 90 197 230 511 233 115 
543 0.008091087813636818 0.2224246421709158 0.763691208481637 0 0 0 0.48 90 198 116 69 230 512 
544 0.2815434062520395 0.005116509112827185 0.8805414306761896 0 0 0 0.39 90 199 161 55 230 513 
545 0.026016732681698525 -0.6061505336281027 1.0901736006630378 0 0 0 0.26 94 83 149 106 230 514 
546 -0.046571712470158975 -0.10072489420660959 0.8709914813084201 0 0 0 0.15 94 84 230 515 233 116 
547 -0.06547605884153954 -0.052689562062789914 0.9067025713736747 0 0 0 0.28 94 85 122 152 228 120 230 516 
548 0.01832682090694829 -0.06063138737059692 0.8621375394986918 0 0 0 0.29 94 86 122 153 230 517 
549 0.4213341070902284 -0.05362867577653238 0.9013080164272079 0 0 0 0.21 94 87 149 107 230 518 
550 -0.043533273273607294 -0.2127486082413944 0.9069090024929015 0 0 0 0.2 94 88 122 154 140 79 145 38 151 101 154 34 193 101 228 121 230 519 
551 0.5501497977104952 -0.17718791880315715 0.9342873410913692 0 0 0 0.19 94 89 149 108 230 520 
552 0.22913834888915688 -0.05282859400891523 0.9096541538520557 0 0 0 0.27 94 90 149 109 193 102 211 124 230 521 
553 0.5520167563679329 -0.0671772215373935 0.8785714758266361 0 0 0 0.26 94 91 140 80 216 70 230 522 
554 0.042084945997436424 -0.023198177644008798 0.839251940068655 0 0 0 0.15 94 92 149 110 154 35 228 122 230 523 
555 0.5350219322302313 -0.05947192037930287 0.9017405317823699 0 0 0 0.12 94 93 211 125 230 524 
556 0.02254684101177189 -0.20700236576510853 0.9149993725202648 0 0 0 0.31 94 94 140 81 149 111 205 60 230 525 
557 0.27657116855041286 -0.05569577286021954 0.9067932966572395 0 0 0 0.29 94 95 161 56 228 123 230 526 
558 0.5430764516586833 -0.08713786917919837 0.8902337684846078 0 0 0 0.24 94 96 125 107 166 71 210 18 230 527 
559 0.5498623382055101 -0.06090958226433579 0.8821860065521965 0 0 0 0.24 94 97 149 112 166 72 216 71 230 528 
560 0.5501523509948084 -0.06087968789532035 0.8825962451222019 0 0 0 0.2 94 98 125 108 140 82 151 102 166 73 177 39 211 126 218 47 228 124 230 529 233 117 
561 0.4191602559025416 -0.00974227358262028 0.8892682742169127 0 0 0 0.3 94 99 125 109 139 112 154 36 211 127 228 125 230 530 233 118 
562 0.5390117582699653 -0.020331947780485204 0.8777875904743325 0 0 0 0.17 94 100 211 128 218 48 230 531 
563 -0.18064711090904043 -0.057766222649160044 0.9031289577857365 0 0 0 0.24 94 101 149 113 151 103 228 126 230 532 
564 -0.0186992757651795 -0.8484655348002773 1.2046292998879224 0 0 0 0.46 116 70 149 114 230 533 
565 0.02367572095323598 -0.579650559001829 1.0809415178292556 0 0 0 0.14 116 71 149 115 193 103 230 534 
566 0.47443521161186414 0.04929556093516078 0.8707123804988139 0 0 0 0.27 116 72 122 155 230 535 
567 0.006780381805657104 0.08379360273785418 0.8033179072482047 0 0 0 0.33 116 73 122 156 230 536 
568 0.4183324153949135 -0.1683089886612234 1.0289691988930783 0 0 0 0.16 116 74 228 127 230 537 
569 -0.051617854996644674 0.2047590385366016 0.7626735131463785 0 0 0 0.14 116 75 211 129 230 538 
570 0.5634740265139987 -0.3708688748872117 1.031393745723509 0 0 0 0.15 116 76 125 110 230 539 
571 0.5634740265139987 -0.3708688748872117 1.031393745723509 0 0 0 0.15 116 77 125 111 230 540 
572 -0.039719409264019435 0.10685398178729706 0.7924039364532446 0 0 0 0.54 116 78 122 157 149 116 183 46 202 30 211 130 230 541 233 119 
573 0.23647286381470053 0.19239571795082847 0.7724538693235473 0 0 0 0.38 116 79 139 113 230 542 
574 0.037211779915888824 0.19964232075695895 0.7656728667446515 0 0 0 0.49 116 80 183 47 195 38 202 31 
575 -0.0736472782665596 -0.06749400406783138 0.9081634606555322 0 0 0 0.14 119 45 216 72 230 543 
576 0.1024672951572486 0.0599615642304704 0.8178828198411989 0 0 0 0.34 119 46 154 37 177 40 205 61 230 544 
577 0.3276237497568608 0.09521191312588476 0.8551212982937043 0 0 0 0.23 119 47 211 131 230 545 
578 0.2734128335619828 0.1723388432598513 0.8301264099508187 0 0 0 0.24 119 48 143 42 230 546 
579 0.0952137065172837 0.21834656830622434 0.7526067128587325 0 0 0 0.12 119 49 211 132 230 547 
580 0.28376717550878366 0.1760772230245453 0.8228056386246462 0 0 0 0.58 119 50 192 18 230 548 
581 0.036536216900617334 -0.620344154474414 1.0638173888263551 0 0 0 0.32 122 158 161 57 216 73 230 549 
582 0.5660584354057707 -0.3541366210563704 1.015818909965873 0 0 0 0.29 122 159 192 19 211 133 230 550 
583 0.42325169166639703 -0.27842816820448 1.1450398288194426 0 0 0 0.28 122 160 230 551 233 120 
584 0.2791495449678348 -0.061323565755587964 0.9076081185463315 0 0 0 0.11 122 161 149 117 210 19 230 552 233 121 
585 -0.057114281661828185 -0.46218250456888726 1.0072634498866877 0 0 0 0.17 122 162 149 118 230 553 
586 0.12521464638928895 -0.14525640569459655 0.8940260015403562 0 0 0 0.2 122 163 228 128 230 554 
587 0.10444980868363782 -0.0796065693010381 0.8676022306734803 0 0 0 0.45 122 164 161 58 216 74 230 555 233 122 
588 0.05918332456110501 -0.006084856933222245 0.8298969478244064 0 0 0 0.07 122 165 230 556 233 123 
589 -0.04397200216846423 0.04744792773400052 0.8121115741541801 0 0 0 0.34 122 166 149 119 230 557 
590 0.13163883298522416 0.0444737691516194 0.8172401836316547 0 0 0 0.16 122 167 230 558 233 124 
591 0.03725315610437031 -0.036929327919223334 0.8451267358411713 0 0 0 0.33 122 168 205 62 230 559 
592 0.5528650652822679 -0.13480951946490158 0.9201752867591311 0 0 0 0.31 122 169 149 120 211 134 230 560 
593 -0.15859463251971784 0.05494997105387768 0.8593552324242308 0 0 0 0.46 122 170 149 121 230 561 
594 0.0424235554589717 0.022164115365223065 0.8252179749552804 0 0 0 0.08 122 171 230 562 233 125 
595 0.10474482740100648 0.02885068283301224 0.8289157946864874 0 0 0 0.45 122 172 154 38 192 20 230 563 
596 -0.013634004482515283 0.057468546790239224 0.8117316070879093 0 0 0 0.24 122 173 149 122 230 564 
597 0.12867860325236763 0.0632810596196482 0.811745324404425 0 0 0 0.22 122 174 230 565 233 126 
598 -0.14837043392942592 0.11929328743529098 0.8248146283014932 0 0 0 0.23 122 175 230 566 233 127 
599 -0.12375694124675475 0.06315328241419532 0.8562156230028092 0 0 0 0.22 122 176 230 567 233 128 
600 -0.036087218591145706 0.08199297628474049 0.7978299250413851 0 0 0 0.29 122 177 216 75 230 568 233 129 
601 -0.050430326751198094 0.08904470540233776 0.8054446932496904 0 0 0 0.24 122 178 145 39 177 41 205 63 226 34 228 129 230 569 
602 0.036096228878025494 0.15515860762290654 0.7767529875692907 0 0 0 0.25 193 104 211 135 228 130 233 130 
603 -0.1342303719163103 -0.06788586322640447 0.903589828729516 0 0 0 0.34 122 179 139 114 230 570 
604 -0.09625933926245556 0.03392148635863167 0.8706282427515911 0 0 0 0.42 122 180 149 123 230 571 
605 0.3967838966485617 -0.03466149434396067 0.9015970932485137 0 0 0 0.27 122 181 149 124 212 51 230 572 
606 -0.1449176870204085 0.07646109395879938 0.8413734431268406 0 0 0 0.24 122 182 230 573 233 131 
607 -0.0923530955078217 0.19409920872365202 0.7755190232676428 0 0 0 0.14 125 112 211 136 228 131 
608 0.03958263086891417 0.024206539643576892 0.8288818302615688 0 0 0 0.11 122 183 151 104 230 574 
609 -0.09533262021217352 0.12038777837384505 0.8365496558625706 0 0 0 0.15 122 184 125 113 177 42 183 48 230 575 
610 -0.11445623579239203 -0.006830052966757339 0.8900166233779452 0 0 0 0.57 122 185 195 39 230 576 
611 -0.002640630318651388 0.07994132557244704 0.8091828042072937 0 0 0 0.37 122 186 139 115 230 577 
612 0.09571237842495017 -0.3387542347546522 0.9670175803532021 0 0 0 0.78 122 187 143 43 189 28 218 49 230 578 
613 0.5388357416819177 -0.08370854321300242 0.8996425881460043 0 0 0 0.16 125 114 211 137 228 132 230 579 
614 0.5394133132094782 -0.08372684017459094 0.9003105046600743 0 0 0 0.16 125 115 211 138 230 580 
615 0.5456726651088406 -0.04559059848501977 0.8820519117917348 0 0 0 0.1 125 116 211 139 230 581 233 132 
616 0.11602686214784017 0.012262393866222666 0.8358116039664596 0 0 0 0.24 125 117 193 105 205 64 226 35 230 582 
617 0.5577299007889374 -0.3166377738241105 1.0073364445457638 0 0 0 0.34 125 118 149 125 230 583 
618 0.5611235785073864 -0.07602915884683992 0.8794984255915687 0 0 0 0.24 125 119 137 30 211 140 230 584 
619 -0.18345308834727145 0.08749446668766184 0.8475390651275224 0 0 0 0.36 125 120 144 61 177 43 189 29 191 37 193 106 205 65 230 585 233 133 
620 0.42858819119662955 0.07090504251860041 0.857777865946057 0 0 0 0.4 125 121 144 62 193 107 211 141 230 586 
621 0.5537514096020784 -0.03657737739585896 0.8669254295903629 0 0 0 0.26 125 122 211 142 230 587 
622 -0.028814623122877508 0.21853270834502406 0.751804460236206 0 0 0 0.44 144 63 230 588 233 134 
623 0.2367542727176731 0.1719709048087662 0.8306229763636374 0 0 0 0.5 145 40 183 49 230 589 233 135 
624 0.15000036664216473 -0.3388847565774866 0.9649709627498011 0 0 0 0.42 137 31 140 83 230 590 
625 0.5716576738291502 -0.3038631760588056 0.9715130564563845 0 0 0 0.14 137 32 230 591 233 136 
626 -0.04668127759557218 -0.11213899088062165 0.8750180888845387 0 0 0 0.3 137 33 139 116 205 66 230 592 
627 -0.08962345574478985 -0.06008411949274217 0.90149589101975 0 0 0 0.23 137 34 139 117 154 39 161 59 183 50 205 67 230 593 
628 -0.019587686142431088 0.1642949806754368 0.7817833514138863 0 0 0 0.29 137 35 139 118 151 105 
629 0.10861050425158777 0.19869764534789072 0.7645033089155832 0 0 0 0.45 137 36 139 119 211 143 230 594 
630 -0.2547715201162687 0.0872602785597719 0.8376608044111963 0 0 0 0.39 137 37 139 120 183 51 210 20 226 36 230 595 
631 -0.02052798240967044 -0.8657508426696717 1.1979614569236183 0 0 0 0.23 139 121 151 106 205 68 230 596 
632 0.020962557270520987 -0.8231456157528765 1.172042370896583 0 0 0 0.77 139 122 149 126 166 74 205 69 211 144 226 37 230 597 
633 -0.1582981090295704 -0.052693798870501025 0.8997077022499859 0 0 0 0.31 139 123 211 145 230 598 
634 -0.1582981090295704 -0.052693798870501025 0.8997077022499859 0 0 0 0.31 139 124 211 146 230 599 
635 0.4725620793020018 0.022212622172896886 0.879680901133232 0 0 0 0.1 139 125 211 147 230 600 
636 0.5347440117359676 -0.12180017117885887 0.9312323525433654 0 0 0 0.16 139 126 228 133 230 601 
637 -0.09989921354298992 -0.044201815225922064 0.8902611693344151 0 0 0 0.55 139 127 183 52 211 148 230 602 
638 -0.14940850681606135 0.13398520778696188 0.823900577365596 0 0 0 0.53 139 128 145 41 230 603 
639 0.1098783651012355 -0.3509669051661042 0.9669679842782039 0 0 0 0.73 140 84 145 42 149 127 161 60 193 108 230 604 
640 0.12836030721801908 -0.3059636631895926 0.945261413619013 0 0 0 0.24 140 85 151 107 230 605 
641 0.5625640136292546 -0.258861369675126 0.969936337001254 0 0 0 0.44 140 86 149 128 211 149 230 606 
642 0.5112313637766039 -0.016587073396633643 0.9039692960962726 0 0 0 0.32 140 87 144 64 177 44 216 76 218 50 230 607 
643 0.26879907817327975 0.07119164313757546 0.8637313309018907 0 0 0 0.09 140 88 230 608 233 137 
644 -0.20353402730709444 0.07986738467872638 0.8477460587581652 0 0 0 0.3 140 89 202 32 205 70 228 134 230 609 
645 0.42792915323622865 0.07098251093543285 0.8570242551804984 0 0 0 0.27 140 90 144 65 193 109 230 610 
646 -0.21969911288227903 -0.043767833959114336 0.8961929438341809 0 0 0 0.34 140 91 228 135 230 611 
647 0.37036959401805314 0.027813898739530617 0.8864743124263562 0 0 0 0.29 143 44 193 110 230 612 
648 0.2747072394251719 0.07598705082129668 0.859242540790748 0 0 0 0.2 144 66 183 53 230 613 
649 0.24559203683787992 0.07681033139440553 0.8612874759367829 0 0 0 0.15 144 67 211 150 230 614 
650 -0.15785662969846462 -0.04580574865611773 0.9002843416778126 0 0 0 0.4 144 68 145 43 183 54 230 615 
651 0.04202359444229926 -0.07658564369362345 0.8598419540177143 0 0 0 0.16 145 44 177 45 193 111 228 136 230 616 
652 0.008183808497029462 -1.0074093789216 1.2492200585265816 0 0 0 0.39 149 129 205 71 230 617 
653 -0.007506333281679112 -0.7954782191240857 1.176251779683853 0 0 0 0.37 149 130 205 72 230 618 
654 0.025155910694455358 -0.5679033935040281 1.0747973918959521 0 0 0 0.65 149 131 193 112 230 619 
655 0.034662566370101906 -0.3203705170590424 0.9572054300101935 0 0 0 0.22 149 132 226 38 230 620 
656 -0.040805429604493265 0.023867570475657976 0.8224815322433084 0 0 0 0.34 149 133 193 113 230 621 
657 -0.0406241843851641 0.046114840242734205 0.8120120487966017 0 0 0 0.22 149 134 230 622 233 138 
658 -0.07756861728546248 0.08979261956728406 0.8485887500958839 0 0 0 0.24 149 135 210 21 230 623 
659 -0.2330097441302517 0.10357404997309237 0.8385552528248507 0 0 0 0.32 149 136 230 624 233 139 
660 -0.04012876776375822 0.11029937658685054 0.7918440109879178 0 0 0 0.16 149 137 230 625 233 140 
661 -0.2803205819693224 -0.05369613143342128 0.9004145078271198 0 0 0 0.34 149 138 205 73 230 626 
662 0.5507947060343823 -0.16414744230208947 0.9337214201021363 0 0 0 0.19 149 139 218 51 228 137 230 627 
663 0.04614707653879045 -0.05921518506006308 0.851419784873268 0 0 0 0.25 149 140 193 114 230 628 233 141 
664 0.5897636638669569 -0.27794959491299637 1.18377222621401 0 0 0 0.78 149 141 202 33 230 629 
665 0.374782073555105 6.314182013958375e-05 0.8874095402849057 0 0 0 0.15 151 108 177 46 212 52 230 630 
666 0.025096259290815034 0.1009290142540226 0.8019106406822102 0 0 0 0.11 151 109 193 115 230 631 233 142 
667 0.41952396168145584 -0.23461190686414812 1.1008491476270963 0 0 0 0.32 151 110 166 75 230 632 
668 0.08258572312408037 -0.21326559442961313 0.9180678027126885 0 0 0 0.53 154 40 161 61 183 55 230 633 
669 0.12633798336320853 0.07148123073531669 0.8090324124327298 0 0 0 0.43 161 62 183 56 230 634 233 143 
670 -0.16480375356732202 0.10809478161219649 0.8359775502744625 0 0 0 0.12 161 63 205 74 230 635 
671 -0.06006609762987385 0.18253009688095373 0.7738374199784366 0 0 0 0.17 161 64 228 138 230 636 
672 -0.09332063832301005 -0.06750283711595949 0.9060986899666165 0 0 0 0.26 161 65 205 75 211 151 216 77 230 637 
673 0.5357002494782995 -0.16641414313368166 0.9462171593237875 0 0 0 0.34 166 76 228 139 230 638 
674 0.32629627108328274 0.02015727643066706 0.8889838232316759 0 0 0 0.12 166 77 228 140 230 639 
675 0.3847671629135198 0.06573803509519585 0.8649766058482233 0 0 0 0.08 166 78 211 152 230 640 
676 -0.12263555486791827 0.1823503117578872 0.7708562264681953 0 0 0 0.4 183 57 216 78 230 641 233 144 
677 0.016537321031629325 -0.20272559011027308 0.9157203473982609 0 0 0 0.19 183 58 216 79 230 642 
678 -0.2803534562410443 -0.05353991700837144 0.8992762094058145 0 0 0 0.31 192 21 205 76 230 643 
679 -0.02883694998813779 0.1579552837873815 0.7808800101717134 0 0 0 0.32 192 22 193 116 195 40 230 644 
680 0.07009098920317823 -0.34990200253164144 0.9692707176139417 0 0 0 0.62 192 23 195 41 230 645 
681 0.03981718007077859 -0.004488561746613554 0.8309244616573707 0 0 0 0.21 193 117 205 77 230 646 233 145 
682 0.2825548877567509 -0.07154326459187503 0.9061400133704369 0 0 0 0.29 205 78 210 22 230 647 
683 -0.23521343256697685 -0.06046362669783108 0.9024425700542935 0 0 0 0.29 210 23 230 648 233 146 
684 0.11779825151662786 0.04484683071650854 0.8228661743604218 0 0 0 0.18 211 153 230 649 233 147 
685 0.0828965710343576 0.06452611986228762 0.8164045789945024 0 0 0 0.17 211 154 230 650 233 148 
686 -0.044263776576919246 -0.04645653426573909 0.8480608515003525 0 0 0 0.19 216 80 230 651 233 149 
687 0.256598800298111 0.07237919278674056 0.8622615308789319 0 0 0 0.2 228 141 230 652 233 150 
