# Image list with two lines of data per image:
#   IMAGE_ID, QW, QX, QY, QZ, TX, TY, TZ, CAMERA_ID, NAME
#   POINTS2D[] as (X, Y, POINT3D_ID)
# Number of images: 236, mean observations per image: 0.178
232 0.9882662015371698 0.0987060714879726 0.11656109451809525 -0.0007332137551831906 -0.2709220825649512 0.14046406516082977 1.2541672086917521 232 image_000232.jpg
 491.882 220.580 0 492.241 223.567 1 525.916 233.301 2 536.583 232.515 3 518.252 220.984 4 449.387 242.148 5 577.415 252.137 6 376.166 308.794 7 400.290 419.820 8 523.079 222.962 9 568.617 251.443 10 417.529 236.870 11 423.156 240.391 12 456.634 394.049 13
98 0.9995111533232092 0.019798262881671316 0.024073597629913575 0.0024387659394957354 -0.05994559329228192 0.04175846849114194 0.0049442569062325865 98 image_000098.jpg
 524.503 174.435 0 524.795 179.060 1 579.520 202.684 2 596.281 203.875 3 565.937 181.834 4 454.511 197.198 5 661.761 242.740 6 312.687 301.475 7 370.359 532.593 8 573.790 186.297 9 647.927 240.189 10 395.430 180.917 11 407.377 187.484 12 484.593 478.025 13
227 0.9909453865301155 0.12202150641646915 0.05560663720346182 0.006773555139370075 -0.32950781171489174 0.08120111237247324 1.1722396231737844 227 image_000227.jpg
 393.982 167.231 0 394.091 170.582 1 427.224 180.531 2 437.618 180.144 3 419.433 168.255 4 353.025 188.086 5 477.196 200.274 6 280.982 253.648 7 308.089 363.758 8 423.987 170.209 9 468.981 198.905 10 321.168 182.813 11 327.205 186.443 12 362.915 337.330 13
234 0.9806294404531662 0.07365095687526242 -0.17879411504811168 0.03121074632434517 -0.14672516076204078 0.040221744174932815 0.2708041844908081 234 image_000234.jpg

231 0.9920256324953897 0.06834323605366958 0.10525541024115272 -0.011647164655251186 -0.134455717198168 0.06322930660196693 0.3304187553595733 231 image_000231.jpg

