# 3D point list with one line of data per point:
#   POINT3D_ID, X, Y, Z, R, G, B, ERROR, TRACK[] as (IMAGE_ID, POINT2D_IDX)
# Number of points: 14, mean track length: 3.0
0 0.036281321717804335 -0.2154626987059005 0.7676157529007764 0 0 0 0.26 98 0 227 0 232 0 
1 0.0368358169661474 -0.21027994791092003 0.7653021818097291 0 0 0 0.13 98 1 227 1 232 1 
2 0.09189157444854945 -0.1910861223159604 0.7880666406051097 0 0 0 0.11 98 2 227 2 232 2 
3 0.10936560200881004 -0.19140544479756477 0.7966543551362407 0 0 0 0.12 98 3 227 3 232 3 
4 0.07795933867334187 -0.21264597928917725 0.7901091298110327 0 0 0 0.1 98 4 227 4 232 4 
5 -0.026772176035188357 -0.1830523009413625 0.7150744702959335 0 0 0 0.13 98 5 227 5 232 5 
6 0.1790199644486573 -0.15418162118487713 0.815038741447398 0 0 0 0.24 98 6 227 6 232 6 
7 -0.13085953233072622 -0.08052880740971588 0.6188247102243415 0 0 0 0.16 98 7 227 7 232 7 
8 -0.0627494055006967 0.08619093634174665 0.5267260537955322 0 0 0 0.22 98 8 227 8 232 8 
9 0.08595512737387508 -0.20880204462279053 0.7930941059410155 0 0 0 0.19 98 9 227 9 232 9 
10 0.1641219203724445 -0.15633963168509366 0.8110989703244899 0 0 0 0.18 98 10 227 10 232 10 
11 -0.0779639960130095 -0.19400701856056457 0.6952838041529612 0 0 0 0.11 98 11 227 11 232 11 
12 -0.06702715042838461 -0.1878734322335415 0.6940612001168512 0 0 0 0.2 98 12 227 12 232 12 
13 0.010862409820529379 0.05958779725657258 0.6038912532284915 0 0 0 0.31 98 13 227 13 232 13 
