# 3D point list with one line of data per point:
#   POINT3D_ID, X, Y, Z, R, G, B, ERROR, TRACK[] as (IMAGE_ID, POINT2D_IDX)
# Number of points: 379, mean track length: 17.16
0 0.1744684875011444 0.12116678804159164 0.48354223370552063 23 30 22 1.94 46 0 47 0 48 0 49 0 50 0 51 0 52 0 53 0 54 0 58 0 60 0 62 0 63 0 
1 0.0044958158396184444 0.09969315677881241 0.54871666431427 94 98 103 0.47 46 1 47 1 48 1 49 1 50 1 51 1 52 1 
2 0.28922760486602783 0.06932225823402405 0.7192198038101196 42 38 40 1.27 46 2 47 2 48 2 49 2 50 2 51 2 52 2 53 1 54 1 57 0 58 1 59 0 60 1 61 0 62 1 63 1 64 0 65 0 66 0 67 0 68 0 69 0 70 0 
3 0.0463314987719059 -0.028991803526878357 0.5257270932197571 115 114 113 2.01 46 3 47 3 48 3 49 3 50 3 51 3 52 3 53 2 54 2 57 1 58 2 60 2 62 2 63 2 64 1 65 1 66 1 67 1 68 1 70 1 71 0 
4 0.05089306831359863 0.06738156825304031 0.49957507848739624 109 104 101 2.12 46 4 47 4 48 4 49 4 50 4 51 4 52 4 53 3 54 3 57 2 58 3 60 3 
5 -0.2615017294883728 0.11554422229528427 0.8398062586784363 39 36 34 0.96 46 5 47 5 48 5 49 5 50 5 51 5 52 5 
6 0.4534643888473511 -0.0404999740421772 0.9196918606758118 104 103 100 1.84 46 6 47 6 48 6 49 6 50 6 51 6 52 6 53 4 54 4 57 3 58 4 59 1 60 4 61 1 62 3 63 3 64 2 65 2 66 2 67 2 68 2 69 1 70 2 71 1 72 0 
7 -0.16236671805381775 0.1977221965789795 0.5610945820808411 27 29 30 0.98 46 7 47 7 48 7 49 7 50 7 51 7 
8 -0.008548624813556671 -0.1692662537097931 0.6206596493721008 81 76 81 0.55 46 8 47 8 48 8 49 8 50 8 51 8 52 7 
9 0.13981695473194122 0.14481492340564728 0.36520257592201233 69 60 67 9.54 46 9 47 9 48 9 49 9 50 9 51 9 52 8 53 5 62 4 66 3 67 3 68 3 
10 0.2963939607143402 -0.1782260686159134 0.8089785575866699 135 129 122 1.97 46 10 47 10 48 10 49 10 50 10 52 9 53 6 57 4 58 5 60 5 61 2 62 5 63 4 64 3 65 3 66 4 67 4 68 4 69 2 70 3 71 2 72 1 
11 0.041459035128355026 0.10228369385004044 0.5020700693130493 116 114 112 1.61 46 11 47 11 48 11 49 11 50 11 51 10 52 10 53 7 54 5 57 5 58 6 
12 -0.005018804222345352 -0.12533308565616608 0.6065748929977417 132 143 154 0.34 46 12 47 12 48 12 49 12 50 12 51 11 52 11 
13 0.08251188695430756 -0.21940554678440094 0.5989297032356262 70 70 77 2.58 46 13 47 13 48 13 49 13 50 13 51 12 57 6 58 7 60 6 62 6 63 5 64 4 65 4 66 5 67 5 68 5 69 3 70 4 71 3 72 2 
14 0.00791725143790245 -0.06663486361503601 0.5757210850715637 136 135 136 0.38 46 14 47 14 48 14 49 14 50 14 51 13 52 12 
15 0.13667093217372894 -0.06075066700577736 0.6125442981719971 135 130 126 2.12 46 15 47 15 48 15 49 15 50 15 51 14 52 13 53 8 54 6 57 7 58 8 59 2 60 7 62 7 63 6 64 5 65 5 66 6 67 6 68 6 69 4 70 5 71 4 
16 0.3417072296142578 -0.16377608478069305 0.8496258854866028 138 133 129 3.52 46 16 47 16 48 16 49 16 50 16 51 15 52 14 53 9 57 8 58 9 60 8 61 3 62 8 63 7 64 6 65 6 66 7 67 7 68 7 69 5 70 6 71 5 72 3 
17 0.3375926613807678 -0.3230988681316376 0.8690919876098633 21 19 30 1.76 46 17 47 17 48 17 49 17 50 17 60 9 
18 -0.6351934671401978 0.0636153519153595 1.0526793003082275 131 135 136 3.28 46 18 47 18 48 18 49 18 50 18 51 16 52 15 53 10 
19 0.32867422699928284 -0.22691841423511505 0.8583484888076782 141 145 145 2.21 46 19 47 19 48 19 49 19 60 10 61 4 63 8 64 7 65 7 66 8 67 8 68 8 69 6 70 7 71 6 72 4 
20 0.7481576800346375 -0.019195465371012688 1.1657215356826782 56 69 38 4.55 46 20 47 20 48 20 49 20 50 19 51 17 52 16 53 11 61 5 
21 0.06234008073806763 -0.021777085959911346 0.5263861417770386 126 121 115 1.8 46 21 47 21 48 21 49 21 50 20 51 18 52 17 53 12 54 7 57 9 58 10 60 11 62 9 63 9 64 8 65 8 66 9 67 9 68 9 69 7 70 8 71 7 
22 0.028208423405885696 -0.13633610308170319 0.5688595175743103 81 83 90 1.38 46 22 47 22 48 22 49 22 50 21 51 19 52 18 53 13 57 10 58 11 60 12 62 10 
23 -0.08761636167764664 -0.171330526471138 0.7066957950592041 70 78 84 0.62 46 23 47 23 48 23 49 23 50 22 51 20 52 19 
24 0.45801085233688354 0.2077445238828659 0.8571651577949524 29 17 17 5.18 46 24 47 24 48 24 49 24 50 23 51 21 52 20 53 14 54 8 57 11 58 12 59 3 60 13 61 6 62 11 63 10 64 9 65 9 66 10 67 10 68 10 
25 -0.2037966102361679 0.21677610278129578 0.5320285558700562 30 29 30 0.79 46 25 47 25 48 25 49 25 50 24 
26 0.07471247762441635 0.11550535261631012 0.27965256571769714 54 54 59 11.57 46 26 47 26 48 26 49 26 50 25 67 11 
27 0.17051450908184052 0.1382731944322586 0.3439162075519562 55 45 50 9.28 46 27 47 27 48 27 49 27 50 26 51 22 52 21 53 15 62 12 
28 -0.04838903993368149 -0.022500796243548393 0.6269833445549011 34 25 22 0.4 46 28 47 28 48 28 49 28 50 27 51 23 52 22 
29 -0.3270303010940552 0.20103725790977478 0.6520925164222717 49 43 42 2.77 46 29 47 29 48 29 49 29 51 24 
30 -0.44827333092689514 0.23882681131362915 0.7746872901916504 88 96 100 3.11 46 30 47 30 48 30 49 30 51 25 
31 0.5970792770385742 -0.062013283371925354 1.0730822086334229 94 88 83 10.89 46 31 47 31 48 31 49 31 50 28 51 26 52 23 53 16 54 9 57 12 59 4 60 14 61 7 62 13 63 11 64 10 65 10 66 11 67 12 68 11 69 8 70 9 71 8 
32 0.13802294433116913 0.0336775965988636 0.5826969742774963 99 88 83 1.96 46 32 47 32 48 32 49 32 50 29 51 27 52 24 53 17 54 10 57 13 58 13 59 5 60 15 62 14 63 12 64 11 65 11 66 12 67 13 68 12 69 9 70 10 
33 0.32321906089782715 -0.1672852635383606 0.8321507573127747 138 120 112 3.08 46 33 47 33 48 33 49 33 50 30 51 28 52 25 53 18 57 14 58 14 60 16 61 8 62 15 63 13 64 12 65 12 66 13 67 14 68 13 69 10 70 11 71 9 72 5 
34 0.17333021759986877 0.07126351445913315 0.5074871182441711 19 27 21 2.14 46 34 47 34 48 34 49 34 50 31 51 29 52 26 53 19 54 11 57 15 58 15 60 17 62 16 63 14 64 13 65 13 66 14 67 15 68 14 70 12 71 10 
35 -0.14163918793201447 0.1035882830619812 0.7238552570343018 72 76 87 0.44 46 35 47 35 48 35 49 35 50 32 51 30 52 27 
36 -0.18376371264457703 0.1694289743900299 0.7327466011047363 89 79 75 0.63 46 36 47 36 48 36 49 36 50 33 51 31 52 28 
37 0.023591527715325356 0.16010360419750214 0.47663062810897827 121 117 110 6.99 46 37 47 37 48 37 49 37 50 34 51 32 52 29 53 20 
38 0.06051281839609146 0.10084576159715652 0.4883970320224762 106 98 95 1.8 46 38 47 38 48 38 49 38 50 35 51 33 52 30 53 21 54 12 57 16 58 16 60 18 
39 -0.5749533176422119 0.19763894379138947 0.9705354571342468 90 86 84 4.76 46 39 47 39 48 39 49 39 50 36 53 22 
40 0.6160142421722412 0.2800004482269287 0.9682114720344543 58 52 51 11.18 46 40 47 40 48 40 49 40 50 37 51 34 52 31 53 23 54 13 57 17 59 6 61 9 67 16 68 15 69 11 70 13 71 11 72 6 74 0 
41 -0.26909327507019043 -0.09107130765914917 0.7181434631347656 59 53 49 0.76 46 41 47 41 48 41 49 41 50 38 51 35 52 32 
42 -0.31311890482902527 -0.10571105033159256 0.6972290277481079 96 100 106 0.8 46 42 47 42 48 42 49 42 50 39 51 36 
43 0.14612284302711487 -0.0458863228559494 0.6168390512466431 139 136 131 1.67 46 43 47 43 48 43 49 43 50 40 51 37 52 33 53 24 54 14 57 18 58 17 59 7 60 19 62 17 63 15 64 14 65 14 66 15 67 17 68 16 69 12 70 14 71 12 
44 -0.1546216905117035 0.08019453287124634 0.7286670804023743 23 22 23 0.48 46 44 47 44 48 44 49 44 50 41 51 38 52 34 
45 0.048885490745306015 0.15595592558383942 0.48001348972320557 106 98 94 3.07 46 45 47 45 48 45 49 45 50 42 51 39 52 35 53 25 54 15 57 19 58 18 
46 0.1239221841096878 -0.08540812134742737 0.6079280376434326 137 132 125 2.2 46 46 47 46 48 46 49 46 50 43 51 40 52 36 53 26 54 16 57 20 58 19 59 8 60 20 62 18 63 16 64 15 65 15 66 16 67 18 68 17 69 13 70 15 71 13 
47 0.36708006262779236 -0.15109571814537048 0.8709636330604553 117 115 113 2.63 46 47 47 47 48 47 49 47 50 44 51 41 52 37 53 27 57 21 58 20 60 21 61 10 62 19 63 17 64 16 65 16 66 17 67 19 68 18 69 14 70 16 71 14 72 7 
48 -0.08487874269485474 0.17682243883609772 0.43989402055740356 76 73 77 3.16 46 48 47 48 48 48 49 48 50 45 51 42 
49 -0.37684106826782227 0.13244999945163727 0.7640393972396851 67 66 64 5.22 46 49 47 49 48 49 49 49 50 46 51 43 53 28 
50 -0.1872638761997223 -0.08060871809720993 0.7902783155441284 111 126 139 0.42 46 50 47 50 48 50 49 50 50 47 51 44 52 38 
51 -0.20645827054977417 0.21965141594409943 0.48648321628570557 26 43 16 1.09 46 51 47 51 48 51 49 51 
52 0.15226928889751434 -0.10622486472129822 0.6427471041679382 129 121 114 1.68 46 52 47 52 48 52 49 52 50 48 51 45 52 39 53 29 54 17 57 22 58 21 59 9 60 22 62 20 63 18 64 17 65 17 66 18 67 20 68 19 69 15 70 17 71 15 
53 0.1000743955373764 -0.22940370440483093 0.6262351870536804 24 23 28 3.13 46 53 47 53 48 53 49 53 50 49 51 46 58 22 60 23 62 21 63 19 64 18 65 18 66 19 67 21 68 20 69 16 70 18 71 16 
54 -0.6398183703422546 -0.03553171083331108 1.0701416730880737 164 172 178 2.97 46 54 47 54 48 54 49 54 50 50 51 47 52 40 53 30 
55 -0.06869020313024521 0.11659418046474457 0.6229047179222107 102 98 99 0.6 46 55 47 55 48 55 49 55 50 51 51 48 52 41 
56 -0.19621218740940094 0.20811815559864044 0.733981192111969 69 60 58 1.05 46 56 47 56 48 56 49 56 50 52 51 49 52 42 
57 0.33027979731559753 0.06310369074344635 0.7637540698051453 104 100 98 1.18 46 57 47 57 48 57 49 57 50 53 51 50 52 43 53 31 54 18 57 23 58 23 59 10 60 24 61 11 62 22 63 20 64 19 65 19 66 20 67 22 68 21 69 17 70 19 
58 0.11908135563135147 0.14934666454792023 0.37927311658859253 29 29 34 11.19 46 58 47 58 48 58 49 58 50 54 51 51 52 44 53 32 58 24 62 23 66 21 67 23 68 22 
59 -0.4527202248573303 -0.12375887483358383 0.8469994068145752 66 62 62 0.53 46 59 47 59 48 59 49 59 50 55 
60 0.17872953414916992 0.15521781146526337 0.4736691117286682 23 27 24 2.46 46 60 47 60 48 60 49 60 50 56 51 52 52 45 53 33 54 19 57 24 58 25 62 24 63 21 64 20 65 20 66 22 67 24 68 23 71 17 
61 0.08938954025506973 0.0720614418387413 0.5235323905944824 103 92 88 0.95 46 61 47 61 48 61 49 61 50 57 51 53 52 46 53 34 54 20 57 25 58 26 
62 0.4594019949436188 0.2760428488254547 0.7651247382164001 72 73 84 8.66 46 62 47 62 48 62 49 62 50 58 51 54 52 47 53 35 54 21 57 26 58 27 59 11 62 25 63 22 64 21 65 21 66 23 67 25 68 24 69 18 
63 -0.3321645259857178 -0.18700246512889862 0.7219491004943848 169 189 196 1.18 46 63 47 63 48 63 49 63 50 59 51 55 
64 0.488303542137146 0.23688648641109467 0.877670407295227 36 22 24 5.97 46 64 47 64 48 64 49 64 50 60 51 56 52 48 53 36 54 22 57 27 58 28 59 12 60 25 61 12 62 26 63 23 64 22 65 22 66 24 67 26 
65 -0.0031713764183223248 0.03136512264609337 0.570260763168335 16 13 14 0.3 46 65 47 65 48 65 49 65 50 61 51 57 52 49 
66 0.0781073346734047 0.031791217625141144 0.5252077579498291 114 109 106 2.06 46 66 47 66 48 66 49 66 50 62 51 58 52 50 53 37 54 23 57 28 58 29 60 26 62 27 67 27 68 25 
67 -0.2729434669017792 -0.07804391533136368 0.7076027989387512 61 61 61 0.4 46 67 47 67 48 67 49 67 50 63 51 59 52 51 
68 0.05297619104385376 0.030640436336398125 0.5062718391418457 122 112 109 2.11 46 68 47 68 48 68 49 68 50 64 51 60 52 52 53 38 54 24 57 29 58 30 60 27 62 28 63 24 
69 0.18834806978702545 -0.025122128427028656 0.6512208580970764 118 116 115 1.89 46 69 47 69 48 69 49 69 50 65 51 61 52 53 53 39 54 25 57 30 58 31 59 13 60 28 62 29 63 25 64 23 65 23 66 25 67 28 68 26 69 19 70 20 71 18 
70 0.07530653476715088 0.11637135595083237 0.49725502729415894 86 72 68 1.09 46 70 47 70 48 70 49 70 50 66 51 62 52 54 53 40 54 26 57 31 58 32 
71 0.43021032214164734 -0.07499724626541138 0.908026933670044 135 129 124 1.55 46 71 47 71 48 71 49 71 50 67 51 63 52 55 53 41 54 27 57 32 58 33 59 14 60 29 61 13 62 30 63 26 64 24 65 24 66 26 67 29 68 27 69 20 70 21 71 19 72 8 
72 -0.2231973558664322 -0.10632401704788208 0.7715115547180176 166 180 187 0.42 46 72 47 72 48 72 49 72 50 68 51 64 52 56 
73 0.06439711153507233 0.008554380387067795 0.5196214914321899 107 98 94 2.14 46 73 47 73 48 73 49 73 50 69 51 65 52 57 53 42 54 28 57 33 58 34 60 30 62 31 63 27 64 25 65 25 66 27 67 30 68 28 70 22 71 20 
74 0.3752255141735077 0.07104581594467163 0.8060770630836487 150 152 155 1.21 46 74 47 74 48 74 49 74 50 70 51 66 52 58 53 43 54 29 57 34 58 35 59 15 60 31 61 14 62 32 63 28 64 26 65 26 66 28 67 31 68 29 69 21 70 23 
75 0.10818922519683838 0.1580009162425995 0.5169519782066345 58 52 50 1.06 46 75 47 75 48 75 49 75 50 71 51 67 52 59 53 44 54 30 68 30 
76 0.3535211682319641 -0.19713202118873596 0.873009979724884 139 134 129 2.14 46 76 47 76 48 76 49 76 50 72 52 60 57 35 60 32 61 15 63 29 64 27 65 27 66 29 67 32 68 31 69 22 70 24 71 21 72 9 
77 0.12170474231243134 0.07908029109239578 0.5523809790611267 78 74 72 2.4 46 77 47 77 48 77 49 77 50 73 51 68 52 61 53 45 65 28 66 30 67 33 68 32 69 23 
78 -0.17541885375976562 0.020792122930288315 0.757847249507904 25 24 28 0.5 46 78 47 78 48 78 49 78 50 74 51 69 52 62 
79 0.1732671558856964 -0.18845157325267792 0.6911499500274658 92 99 103 2.12 46 79 47 79 48 79 49 79 50 75 51 70 52 63 57 36 58 36 60 33 62 33 63 30 64 28 65 29 66 31 67 34 68 33 69 24 70 25 71 22 72 10 
80 0.12468522787094116 0.02587360516190529 0.5749154090881348 108 101 100 1.19 46 80 47 80 48 80 49 80 50 76 51 71 52 64 53 46 54 31 57 37 58 37 60 34 62 34 63 31 64 29 65 30 66 32 67 35 68 34 69 25 70 26 
81 0.3218407928943634 0.1834074854850769 0.7204321622848511 97 89 86 1.38 47 81 48 81 49 81 50 77 51 72 52 65 53 47 54 32 57 38 58 38 59 16 60 35 61 16 62 35 63 32 64 30 65 31 66 33 67 36 68 35 69 26 
82 0.16204188764095306 0.07038210332393646 0.5149921178817749 34 44 41 1.37 46 81 47 82 48 82 49 82 50 78 51 73 52 66 53 48 54 33 57 39 58 39 60 36 62 36 63 33 64 31 65 32 66 34 67 37 68 36 70 27 
83 0.20451317727565765 0.2040909379720688 0.5134798884391785 33 29 30 2.07 46 82 47 83 48 83 49 83 50 79 51 74 52 67 53 49 54 34 57 40 58 40 62 37 63 34 64 32 65 33 66 35 67 38 68 37 70 28 71 23 
84 0.054887767881155014 -0.1895352005958557 0.578689694404602 138 129 117 2.09 46 83 47 84 48 84 49 84 50 80 51 75 52 68 57 41 58 41 60 37 62 38 63 35 64 33 65 34 66 36 67 39 68 38 69 27 70 29 71 24 72 11 
85 -0.2838643193244934 0.1557033658027649 0.6492135524749756 105 110 111 1.1 46 84 47 85 48 85 49 85 50 81 51 76 
86 0.32093843817710876 0.25992080569267273 0.6894384026527405 32 32 30 3.17 46 85 47 86 48 86 49 86 50 82 51 77 52 69 53 50 54 35 57 42 58 42 59 17 62 39 63 36 64 34 65 35 66 37 67 40 68 39 69 28 
87 0.1104419082403183 0.10679123550653458 0.5364899635314941 90 81 73 0.61 46 86 47 87 48 87 49 87 50 83 51 78 52 70 53 51 54 36 
88 0.10915634781122208 0.03687254339456558 0.5566985607147217 64 61 64 1.05 46 87 47 88 48 88 49 88 50 84 51 79 52 71 53 52 54 37 57 43 58 43 64 35 65 36 66 38 67 41 68 40 69 29 70 30 
89 0.14329375326633453 -0.1129026934504509 0.6384377479553223 151 147 142 1.39 46 88 47 89 48 89 49 89 50 85 51 80 52 72 53 53 54 38 57 44 58 44 59 18 60 38 62 40 63 37 64 36 65 37 66 39 67 42 68 41 69 30 70 31 71 25 
90 0.3677951693534851 -0.05816597118973732 0.8431085348129272 136 135 133 2.12 46 89 47 90 48 90 49 90 50 86 51 81 52 73 53 54 54 39 57 45 58 45 59 19 60 39 61 17 62 41 63 38 64 37 65 38 66 40 67 43 68 42 69 31 70 32 71 26 72 12 
91 0.190300852060318 0.050721220672130585 0.6212459206581116 71 74 71 2.87 46 90 47 91 48 91 49 91 50 87 51 82 52 74 53 55 54 40 57 46 58 46 59 20 60 40 62 42 63 39 64 38 65 39 66 41 67 44 68 43 69 32 70 33 
92 0.5906744003295898 0.1947443187236786 0.9166968464851379 20 21 20 2.05 46 91 47 92 48 92 49 92 50 88 51 83 52 75 53 56 54 41 57 47 59 21 61 18 62 43 63 40 64 39 65 40 
93 0.10797685384750366 -0.07405982166528702 0.5914398431777954 139 132 124 1.19 46 92 47 93 48 93 49 93 50 89 51 84 52 76 53 57 54 42 57 48 58 47 60 41 62 44 63 41 64 40 65 41 66 42 67 45 68 44 69 33 70 34 71 27 
94 0.024668129161000252 0.1639367938041687 0.5010012984275818 89 92 104 1.08 46 93 47 94 48 94 49 94 50 90 51 85 52 77 53 58 
95 0.6075801849365234 0.1487487107515335 1.0158032178878784 123 117 112 3.44 46 94 47 95 48 95 49 95 50 91 51 86 52 78 53 59 54 43 65 42 66 43 67 46 68 45 69 34 70 35 71 28 72 13 73 0 
96 0.2959306240081787 -0.0567774623632431 0.7693200707435608 131 131 129 1.67 46 95 47 96 48 96 49 96 50 92 51 87 52 79 53 60 54 44 57 49 58 48 59 22 60 42 61 19 62 45 63 42 64 41 65 43 66 44 67 47 68 46 69 35 70 36 71 29 72 14 
97 0.1108255460858345 -0.11467061936855316 0.6079840064048767 147 145 139 1.16 46 96 47 97 48 97 49 97 50 93 51 88 52 80 53 61 54 45 57 50 58 49 60 43 62 46 63 43 64 42 65 44 66 45 67 48 68 47 69 36 70 37 71 30 
98 0.043598778545856476 -0.21800707280635834 0.5648266673088074 86 86 88 2.16 46 97 47 98 48 98 49 98 50 94 51 89 57 51 58 50 60 44 62 47 63 44 64 43 65 45 66 46 67 49 68 48 69 37 70 38 71 31 72 15 
99 -0.06168823316693306 0.16798172891139984 0.4072636663913727 147 146 162 1.39 46 98 47 99 48 99 49 99 50 95 51 90 
100 0.18068209290504456 -0.13330543041229248 0.6820598244667053 143 138 130 1.7 46 99 47 100 48 100 49 100 50 96 51 91 52 81 53 62 57 52 58 51 59 23 60 45 62 48 63 45 64 44 65 46 66 47 67 50 68 49 69 38 70 39 71 32 72 16 
101 -0.04145870357751846 0.16921523213386536 0.41030019521713257 41 53 60 6.73 46 100 47 101 48 101 49 101 50 97 51 92 62 49 
102 0.0587507002055645 0.14645884931087494 0.48088815808296204 57 37 34 1.27 46 101 47 102 48 102 49 102 50 98 51 93 52 82 53 63 54 46 57 53 58 52 
103 0.2752664089202881 -0.10778827220201492 0.7646483182907104 137 135 130 1.65 46 102 47 103 48 103 49 103 50 99 51 94 52 83 53 64 54 47 57 54 58 53 59 24 60 46 61 20 62 50 63 46 64 45 65 47 66 48 67 51 68 50 69 39 70 40 71 33 72 17 
104 0.07835472375154495 0.11299700289964676 0.5045061111450195 99 94 94 0.96 46 103 47 104 48 104 49 104 50 100 51 95 52 84 53 65 54 48 57 55 58 54 
105 0.5187734961509705 0.19335779547691345 0.9182376265525818 113 102 97 4.01 46 104 47 105 48 105 49 105 50 101 51 96 52 85 53 66 54 49 57 56 58 55 59 25 60 47 61 21 62 51 63 47 64 46 65 48 66 49 72 18 
106 0.21631678938865662 0.03228791058063507 0.6632773876190186 90 78 70 0.98 46 105 47 106 48 106 49 106 50 102 51 97 52 86 53 67 54 50 57 57 58 56 59 26 60 48 62 52 63 48 64 47 65 49 66 50 67 52 68 51 69 40 70 41 
107 0.20473438501358032 0.11901218444108963 0.4823085069656372 11 16 11 2.27 46 106 47 107 48 107 49 107 50 103 51 98 52 87 53 68 54 51 57 58 58 57 60 49 62 53 63 49 64 48 65 50 66 51 67 53 68 52 71 34 
108 0.09780377149581909 -0.04314901679754257 0.5714564919471741 115 111 105 1.44 46 107 47 108 48 108 49 108 50 104 51 99 52 88 53 69 54 52 57 59 58 58 60 50 62 54 63 50 64 49 65 51 66 52 67 54 68 53 69 41 70 42 71 35 
109 -0.47739195823669434 0.3217688798904419 1.056248664855957 47 47 44 1.25 46 108 47 109 48 109 49 109 50 105 51 100 52 89 
110 0.12045739591121674 -0.01265766192227602 0.5830047130584717 130 130 129 1.12 46 109 47 110 48 110 49 110 50 106 51 101 52 90 53 70 54 53 57 60 58 59 60 51 62 55 63 51 64 50 65 52 66 53 67 55 68 54 69 42 70 43 71 36 
111 0.24278053641319275 0.10533735901117325 0.671362578868866 46 35 41 1.31 48 111 49 111 50 107 51 102 52 91 53 71 54 54 57 61 58 60 59 27 60 52 62 56 63 52 64 51 65 53 66 54 67 56 68 55 69 43 70 44 
112 0.1416720747947693 -0.15142089128494263 0.6497892141342163 105 102 98 1.89 46 110 47 111 48 112 49 112 50 108 51 103 52 92 53 72 57 62 58 61 59 28 60 53 62 57 63 53 64 52 65 54 66 55 67 57 68 56 69 44 70 45 71 37 72 19 
113 0.02752535045146942 -0.1338656097650528 0.572260320186615 142 149 154 1.0 46 111 47 112 48 113 49 113 50 109 51 104 52 93 53 73 60 54 
114 0.18688595294952393 0.14229801297187805 0.3569751977920532 65 65 77 8.84 46 112 47 113 48 114 49 114 50 110 51 105 52 94 53 74 62 58 67 58 
115 0.23902516067028046 0.11261647194623947 0.6653431057929993 32 22 25 1.13 49 115 50 111 51 106 52 95 53 75 54 55 57 63 58 62 59 29 60 55 62 59 63 54 64 53 65 55 66 56 67 59 68 57 69 45 70 46 
116 0.5634191036224365 0.035901736468076706 1.0125540494918823 125 127 125 2.81 46 113 47 114 48 115 49 116 50 112 51 107 52 96 53 76 54 56 57 64 58 63 59 30 60 56 61 22 62 60 63 55 64 54 65 56 66 57 67 60 68 58 69 46 70 47 71 38 72 20 
117 0.10458870977163315 0.18016664683818817 0.5118261575698853 66 63 60 0.77 46 114 47 115 48 116 49 117 50 113 51 108 52 97 53 77 54 57 
118 0.6097254753112793 0.22937169671058655 0.9011566042900085 53 50 45 8.84 46 115 47 116 48 117 49 118 50 114 51 109 52 98 53 78 54 58 57 65 59 31 61 23 62 61 63 56 64 55 65 57 66 58 67 61 68 59 70 48 71 39 
119 -0.15754982829093933 0.20280788838863373 0.6993619799613953 26 32 39 0.75 46 116 47 117 48 118 49 119 50 115 51 110 52 99 
120 0.29827553033828735 0.25046563148498535 0.6789626479148865 52 50 51 1.95 46 117 47 118 48 119 49 120 50 116 51 111 52 100 53 79 54 59 57 66 58 64 59 32 62 62 63 57 64 56 65 58 66 59 67 62 68 60 69 47 
121 0.19595517218112946 -0.0924486592411995 0.682330846786499 143 147 145 1.3 46 118 47 119 48 120 49 121 50 117 51 112 52 101 53 80 54 60 57 67 58 65 59 33 60 57 62 63 63 58 64 57 65 59 66 60 67 63 68 61 69 48 70 49 71 40 
122 0.376481831073761 -0.11196880787611008 0.8695008754730225 151 152 151 2.23 46 119 47 120 48 121 49 122 50 118 51 113 52 102 53 81 54 61 57 68 58 66 59 34 60 58 61 24 62 64 63 59 64 58 65 60 66 61 67 64 68 62 69 49 70 50 71 41 72 21 
123 -0.5143436193466187 0.13477496802806854 1.1380627155303955 61 52 41 3.84 46 120 47 121 48 122 49 123 50 119 51 114 52 103 
124 -0.08815260976552963 0.1878151148557663 0.6248359680175781 96 96 98 0.67 46 121 47 122 48 123 49 124 50 120 51 115 52 104 
125 0.053307514637708664 -0.04328393563628197 0.5295003652572632 96 93 92 1.71 46 122 47 123 48 124 49 125 50 121 51 116 52 105 53 82 54 62 57 69 58 67 60 59 62 65 63 60 64 59 65 61 66 62 67 65 68 63 69 50 70 51 71 42 
126 0.5273102521896362 -0.06121295690536499 1.006463885307312 132 132 132 3.67 46 123 47 124 48 125 49 126 50 122 51 117 52 106 53 83 54 63 57 70 58 68 59 35 60 60 61 25 62 66 63 61 64 60 65 62 66 63 67 66 68 64 69 51 70 52 71 43 72 22 
127 0.05542274937033653 -0.06735562533140182 0.5387247204780579 108 106 106 1.75 46 124 47 125 48 126 49 127 50 123 51 118 52 107 53 84 54 64 57 71 58 69 60 61 62 67 63 62 64 61 65 63 66 64 67 67 68 65 69 52 70 53 71 44 
128 0.1001720055937767 0.14884141087532043 0.4202101230621338 42 46 56 3.74 46 125 47 126 48 127 49 128 50 124 51 119 52 108 53 85 58 70 62 68 66 65 67 68 68 66 
129 0.5907146334648132 0.17452730238437653 0.9411177039146423 35 37 39 8.89 46 126 47 127 48 128 49 129 50 125 51 120 52 109 53 86 54 65 57 72 59 36 61 26 62 69 63 63 64 62 68 67 69 53 70 54 71 45 
130 0.30264008045196533 -0.06293442845344543 0.7781956791877747 150 151 148 1.6 46 127 47 128 48 129 49 130 50 126 51 121 52 110 53 87 54 66 57 73 58 71 59 37 60 62 61 27 62 70 63 64 64 63 65 64 66 66 67 69 68 68 69 54 70 55 71 46 72 23 
131 0.09678158164024353 -0.12126041203737259 0.5964499711990356 140 134 126 1.37 46 128 47 129 48 130 49 131 50 127 51 122 52 111 53 88 54 67 57 74 58 72 60 63 62 71 63 65 64 64 65 65 66 67 67 70 68 69 69 55 70 56 71 47 
132 0.26676106452941895 0.21660126745700836 0.5112981796264648 23 20 22 2.84 47 130 48 131 49 132 50 128 51 123 52 112 53 89 54 68 57 75 58 73 62 72 63 66 64 65 65 66 66 68 67 71 68 70 
133 0.049598850309848785 -0.11572274565696716 0.5496339797973633 131 127 123 1.85 46 129 47 131 48 132 49 133 50 129 51 124 52 113 53 90 54 69 57 76 58 74 60 64 62 73 63 67 64 66 65 67 66 69 67 72 68 71 69 56 70 57 71 48 
134 0.27632591128349304 0.050759345293045044 0.715981125831604 87 86 84 1.45 46 130 47 132 48 133 49 134 50 130 51 125 52 114 53 91 54 70 57 77 58 75 59 38 60 65 61 28 62 74 63 68 64 67 65 68 66 70 67 73 68 72 69 57 70 58 
135 0.14229214191436768 -0.033516980707645416 0.6110287308692932 124 120 115 1.39 46 131 47 133 48 134 49 135 50 131 51 126 52 115 53 92 54 71 57 78 58 76 59 39 60 66 62 75 63 69 64 68 65 69 66 71 67 74 68 73 69 58 70 59 71 49 
136 0.3973553776741028 0.11482324451208115 0.8161910772323608 37 30 28 1.2 46 132 47 134 48 135 49 136 50 132 51 127 52 116 53 93 54 72 57 79 58 77 59 40 60 67 61 29 62 76 63 70 64 69 65 70 66 72 67 75 68 74 69 59 
137 0.02334699034690857 0.19146551191806793 0.49424102902412415 36 40 46 1.45 46 133 47 135 48 136 49 137 50 133 51 128 52 117 53 94 
138 0.25584694743156433 -0.10640237480401993 0.7461671233177185 148 148 145 2.01 46 134 47 136 48 137 49 138 50 134 51 129 52 118 53 95 54 73 57 80 58 78 59 41 60 68 61 30 62 77 63 71 64 70 65 71 66 73 67 76 68 75 69 60 70 60 71 50 72 24 
139 0.2825801968574524 -0.06827323138713837 0.7592056393623352 137 135 131 1.47 46 135 47 137 48 138 49 139 50 135 51 130 52 119 53 96 54 74 57 81 58 79 59 42 60 69 61 31 62 78 63 72 64 71 65 72 66 74 67 77 68 76 69 61 70 61 71 51 72 25 
140 0.17653587460517883 -0.05142908915877342 0.6499140858650208 132 127 118 1.02 46 136 47 138 48 139 49 140 50 136 51 131 52 120 53 97 54 75 57 82 58 80 59 43 60 70 62 79 63 73 64 72 65 73 66 75 67 78 68 77 69 62 70 62 71 52 
141 0.41829249262809753 0.19612522423267365 0.8119800686836243 70 53 49 1.11 46 137 47 139 48 140 49 141 50 137 51 132 52 121 53 98 54 76 57 83 58 81 59 44 60 71 61 32 62 80 63 74 64 73 65 74 66 76 67 79 68 78 
142 0.3015945553779602 0.12082821875810623 0.7187789678573608 108 102 100 1.33 47 140 48 141 49 142 50 138 51 133 52 122 53 99 54 77 57 84 58 82 59 45 60 72 61 33 62 81 63 75 64 74 65 75 66 77 67 80 68 79 69 63 70 63 
143 -0.48591434955596924 0.03081420622766018 1.1275453567504883 7 5 6 2.65 46 138 47 141 48 142 49 143 50 139 51 134 52 123 
144 0.5982924103736877 0.03069867379963398 1.0495301485061646 138 130 126 4.66 46 139 47 142 48 143 49 144 50 140 51 135 52 124 53 100 54 78 57 85 59 46 60 73 61 34 62 82 63 76 64 75 65 76 66 78 67 81 68 80 69 64 70 64 71 53 72 26 73 1 
145 0.2663366496562958 -0.05813565477728844 0.7397512793540955 134 137 139 1.42 46 140 47 143 48 144 49 145 50 141 51 136 52 125 53 101 54 79 57 86 58 83 59 47 60 74 61 35 62 83 63 77 64 76 65 77 66 79 67 82 68 81 69 65 70 65 71 54 72 27 
146 0.04591774567961693 -0.07347220182418823 0.5379208922386169 109 106 109 1.72 46 141 47 144 48 145 49 146 50 142 51 137 52 126 53 102 54 80 57 87 58 84 60 75 62 84 63 78 64 77 65 78 66 80 67 83 68 82 71 55 
147 0.06886593997478485 -0.16430145502090454 0.5833254456520081 159 159 156 1.93 46 142 47 145 48 146 49 147 50 143 51 138 52 127 57 88 58 85 60 76 62 85 63 79 64 78 65 79 66 81 67 84 68 83 69 66 70 66 71 56 72 28 
148 0.09057791531085968 -0.01122218556702137 0.5542371273040771 133 134 137 1.69 46 143 47 146 48 147 49 148 50 144 51 139 52 128 53 103 54 81 57 89 58 86 60 77 62 86 63 80 64 79 65 80 66 82 67 85 68 84 69 67 70 67 71 57 
149 0.5497843027114868 0.12316308170557022 0.9690643548965454 91 82 78 3.56 46 144 47 147 48 148 49 149 50 145 51 140 52 129 53 104 54 82 57 90 58 87 59 48 60 78 61 36 62 87 63 81 64 80 65 81 69 68 70 68 71 58 72 29 
150 0.49678781628608704 0.11055261641740799 0.9204137921333313 59 49 49 3.06 46 145 47 148 48 149 49 150 50 146 51 141 52 130 53 105 54 83 57 91 58 88 59 49 60 79 61 37 62 88 63 82 64 81 65 82 66 83 67 86 68 85 71 59 72 30 73 2 
151 -0.014353551901876926 0.13741737604141235 0.3895488381385803 71 65 71 4.12 46 146 47 149 48 150 49 151 50 147 51 142 62 89 
152 0.08777584880590439 0.17291206121444702 0.4255073070526123 29 31 40 3.09 46 147 47 150 48 151 49 152 50 148 51 143 52 131 53 106 62 90 66 84 67 87 68 86 
153 0.043284159153699875 -0.14087285101413727 0.5578386187553406 134 131 132 1.58 46 148 47 151 48 152 49 153 50 149 51 144 52 132 53 107 57 92 58 89 60 80 62 91 63 83 64 82 65 83 66 85 67 88 68 87 69 69 70 69 71 60 
154 0.05012054741382599 0.05480846390128136 0.5055853128433228 108 104 106 1.23 46 149 47 152 48 153 49 154 50 150 51 145 52 133 53 108 54 84 57 93 58 90 60 81 
155 0.47977402806282043 0.018239134922623634 0.932086169719696 108 109 111 2.5 46 150 47 153 48 154 49 155 50 151 51 146 52 134 53 109 54 85 57 94 58 91 59 50 60 82 61 38 62 92 63 84 64 83 65 84 66 86 67 89 68 88 69 70 70 70 71 61 72 31 
156 0.6167561411857605 0.18339595198631287 0.9131234884262085 34 34 31 6.69 46 151 47 154 48 155 49 156 50 152 51 147 52 135 53 110 54 86 57 95 59 51 61 39 62 93 63 85 64 84 65 85 66 87 67 90 68 89 69 71 70 71 
157 0.07363232970237732 0.16806770861148834 0.4442731440067291 56 56 66 3.22 46 152 47 155 48 156 49 157 50 153 51 148 52 136 53 111 58 92 62 94 
158 -0.22092892229557037 -0.10356581211090088 0.7775062322616577 181 198 208 0.68 46 153 47 156 48 157 49 158 50 154 51 149 52 137 53 112 
159 0.27743446826934814 0.1717226505279541 0.6871982216835022 37 26 30 1.54 48 158 49 159 50 155 51 150 52 138 53 113 54 87 57 96 58 93 59 52 60 83 62 95 63 86 64 85 65 86 66 88 67 91 68 90 69 72 70 72 
160 -0.23546983301639557 0.19458051025867462 0.5676364898681641 89 94 100 1.27 46 154 47 157 48 159 49 160 50 156 51 151 
161 -0.22533443570137024 0.21546047925949097 0.5527868866920471 47 39 41 1.59 46 155 47 158 48 160 49 161 50 157 51 152 
162 0.21893838047981262 0.22575415670871735 0.5617592930793762 57 67 77 12.07 46 156 47 159 48 161 49 162 50 158 51 153 52 139 53 114 54 88 57 97 58 94 59 53 62 96 63 87 64 86 65 87 66 89 67 92 68 91 69 73 70 73 71 62 
163 0.03058871254324913 -0.23561199009418488 0.5620257258415222 20 20 22 3.75 46 157 47 160 48 162 50 159 51 154 58 95 60 84 62 97 63 88 64 87 65 88 66 90 67 93 68 92 69 74 70 74 71 63 72 32 
164 0.057654596865177155 -0.017005790024995804 0.5253171324729919 100 98 96 1.63 46 158 47 161 48 163 49 163 50 160 51 155 52 140 53 115 54 89 57 98 58 96 60 85 62 98 63 89 64 88 65 89 66 91 67 94 68 93 70 75 71 64 
165 0.09617414325475693 -0.09864690899848938 0.5884453654289246 140 137 131 1.25 46 159 47 162 48 164 49 164 50 161 51 156 52 141 53 116 54 90 57 99 58 97 60 86 62 99 63 90 64 89 65 90 66 92 67 95 68 94 69 75 70 76 71 65 
166 0.17198802530765533 0.036327578127384186 0.6082849502563477 51 54 50 2.72 46 160 47 163 48 165 49 165 50 162 51 157 52 142 53 117 54 91 57 100 58 98 59 54 60 87 62 100 63 91 64 90 65 91 66 93 67 96 68 95 69 76 70 77 71 66 
167 0.06543131172657013 -0.03473625332117081 0.53774493932724 108 100 94 1.71 46 161 47 164 48 166 49 166 50 163 51 158 52 143 53 118 54 92 57 101 58 99 60 88 62 101 63 92 64 91 65 92 66 94 67 97 68 96 69 77 70 78 71 67 
168 0.05484902858734131 -0.0023312955163419247 0.519492506980896 140 142 144 1.72 46 162 47 165 48 167 49 167 50 164 51 159 52 144 53 119 54 93 57 102 58 100 60 89 62 102 63 93 64 92 65 93 66 95 67 98 68 97 70 79 71 68 
169 0.05906565114855766 0.09207568317651749 0.494780033826828 129 129 130 1.49 46 163 47 166 48 168 49 168 50 165 51 160 52 145 53 120 54 94 57 103 58 101 60 90 
170 0.09661037474870682 0.1874697208404541 0.5008673071861267 88 81 75 1.86 46 164 47 167 48 169 49 169 50 166 51 161 52 146 53 121 54 95 57 104 
171 0.2754250168800354 -0.07979322224855423 0.7554917931556702 148 147 146 1.53 46 165 47 168 48 170 49 170 50 167 51 162 52 147 53 122 54 96 57 105 58 102 59 55 60 91 61 40 62 103 63 94 64 93 65 94 66 96 67 99 68 98 69 78 70 80 71 69 72 33 
172 0.25733456015586853 0.18071015179157257 0.6657388210296631 30 20 22 1.71 49 171 50 168 51 163 52 148 53 123 54 97 57 106 58 103 59 56 60 92 62 104 63 95 64 94 65 95 66 97 67 100 68 99 69 79 70 81 
173 0.20642730593681335 -0.05882313847541809 0.6813997626304626 145 145 143 1.03 46 166 47 169 48 171 49 172 50 169 51 164 52 149 53 124 54 98 57 107 58 104 59 57 60 93 62 105 63 96 64 95 65 96 66 98 67 101 68 100 69 80 70 82 71 70 
174 0.5376266241073608 0.05285261571407318 1.219067931175232 79 80 88 10.08 66 99 67 102 68 101 69 81 70 83 71 71 74 1 75 0 76 0 77 0 
175 0.167153999209404 0.14895622432231903 1.5646556615829468 173 177 185 8.37 66 100 67 103 68 102 70 84 71 72 75 1 76 1 77 1 78 0 79 0 80 0 81 0 84 0 
176 0.4098780155181885 0.06155354157090187 1.3477132320404053 68 68 92 7.65 66 101 67 104 68 103 69 82 70 85 72 34 73 3 74 2 75 2 76 2 77 2 
177 0.5660035610198975 0.4218285381793976 1.4145041704177856 82 72 52 11.51 69 83 70 86 71 73 72 35 73 4 74 3 75 3 76 3 
178 0.3804067075252533 -0.004309941083192825 1.3991336822509766 103 115 120 11.77 66 102 67 105 68 104 70 87 71 74 73 5 74 4 75 4 76 4 77 3 80 1 
179 0.3651840388774872 0.030882518738508224 1.3976643085479736 115 115 133 10.08 66 103 67 106 68 105 69 84 70 88 72 36 73 6 74 5 75 5 76 5 77 4 78 1 79 1 80 2 
180 0.08826350420713425 0.29739031195640564 1.5945420265197754 22 16 16 6.06 67 107 68 106 75 6 76 6 77 5 78 2 79 2 80 3 81 1 
181 0.5038256049156189 0.14402417838573456 1.2325230836868286 102 100 105 8.77 66 104 67 108 68 107 69 85 70 89 71 75 72 37 73 7 74 6 75 7 76 7 77 6 
182 0.10061430186033249 0.38508281111717224 1.5764336585998535 92 90 90 9.47 73 8 74 7 75 8 76 8 77 7 78 3 79 3 80 4 81 2 84 1 
183 0.3202276825904846 0.04106847941875458 1.4377572536468506 51 42 47 9.55 66 105 67 109 68 108 69 86 72 38 73 9 74 8 75 9 76 9 77 8 78 4 79 4 80 5 81 3 
184 0.526872456073761 0.07070697098970413 1.2263972759246826 112 99 98 9.36 66 106 67 110 68 109 69 87 70 90 71 76 73 10 74 9 75 10 76 10 77 9 
185 0.2048022747039795 0.3374127745628357 1.4916592836380005 146 142 150 9.75 70 91 76 11 77 10 78 5 79 5 80 6 81 4 84 2 
186 0.4430950880050659 0.4469699263572693 1.4479979276657104 170 167 166 7.04 71 77 72 39 73 11 74 10 75 11 76 12 77 11 
187 0.20311294496059418 0.07410971820354462 1.5368874073028564 82 92 94 7.46 67 111 68 110 72 40 73 12 74 11 75 12 76 13 77 12 78 6 79 6 80 7 81 5 84 3 
188 0.3860069513320923 0.3916464149951935 1.485973834991455 69 98 56 11.02 75 13 76 14 77 13 78 7 79 7 80 8 
189 0.3166653513908386 0.026567362248897552 1.4518049955368042 145 118 122 9.86 66 107 67 112 68 111 69 88 72 41 73 13 74 12 75 14 76 15 77 14 78 8 79 8 80 9 81 6 
190 0.3676597774028778 0.05513140186667442 1.3914611339569092 151 153 165 9.99 66 108 67 113 68 112 69 89 72 42 73 14 74 13 75 15 76 16 77 15 78 9 79 9 80 10 
191 0.4747963845729828 0.03886532410979271 1.27280855178833 165 188 213 6.85 66 109 67 114 68 113 69 90 70 92 71 78 73 15 74 14 75 16 76 17 77 16 
192 0.12771259248256683 0.1394098848104477 1.5984065532684326 181 183 191 6.69 66 110 67 115 68 114 70 93 74 15 75 17 76 18 77 17 78 10 79 10 80 11 81 7 84 4 
193 0.4557904601097107 0.2579028308391571 1.2409944534301758 144 165 181 6.49 66 111 67 116 68 115 73 16 74 16 75 18 76 19 77 18 
194 0.08852522820234299 0.2153802067041397 1.6150627136230469 157 169 193 5.83 67 117 68 116 74 17 75 19 76 20 77 19 78 11 79 11 80 12 81 8 
195 0.48829734325408936 0.20380422472953796 1.229901671409607 42 34 41 7.34 66 112 67 118 68 117 69 91 70 94 71 79 72 43 73 17 74 18 75 20 76 21 77 20 
196 0.533186674118042 0.19575414061546326 1.1915364265441895 68 63 67 9.2 66 113 67 119 68 118 69 92 70 95 71 80 72 44 73 18 74 19 75 21 76 22 77 21 
197 0.44051510095596313 0.13165953755378723 1.2987169027328491 60 45 30 7.61 66 114 67 120 68 119 69 93 70 96 71 81 72 45 73 19 74 20 75 22 76 23 77 22 
198 0.13982369005680084 0.06251494586467743 1.6133509874343872 78 72 73 7.82 67 121 68 120 70 97 72 46 73 20 74 21 75 23 76 24 77 23 78 12 79 12 80 13 81 9 84 5 
199 0.5897036194801331 0.325508177280426 1.3764612674713135 83 97 67 11.15 69 94 70 98 71 82 72 47 73 21 74 22 75 24 76 25 77 24 
200 0.4728948473930359 0.47344261407852173 1.5682744979858398 104 112 102 11.35 73 22 75 25 76 26 
201 0.163030743598938 0.07153962552547455 1.585984468460083 161 145 140 8.19 66 115 67 122 68 121 70 99 71 83 72 48 73 23 74 23 75 26 76 27 77 25 78 13 79 13 80 14 81 10 84 6 
202 0.11264853179454803 0.19650281965732574 1.5867633819580078 85 100 110 4.91 67 123 68 122 69 95 75 27 76 28 77 26 78 14 79 14 80 15 81 11 84 7 
203 0.47179684042930603 0.18618501722812653 1.2513567209243774 60 54 52 7.86 66 116 67 124 68 123 69 96 70 100 71 84 72 49 73 24 74 24 75 28 76 29 77 27 
204 -0.028991403058171272 0.13455688953399658 1.7509843111038208 58 46 46 7.22 67 125 68 124 72 50 73 25 74 25 75 29 76 30 77 28 78 15 79 15 80 16 81 12 84 8 
205 0.18609024584293365 0.1704576313495636 1.5428344011306763 137 144 158 8.37 66 117 67 126 68 125 70 101 74 26 75 30 76 31 77 29 78 16 79 16 80 17 81 13 84 9 
206 0.12179510295391083 0.2800183594226837 1.6829726696014404 130 142 96 13.55 67 127 68 126 73 26 74 27 75 31 76 32 77 30 78 17 79 17 80 18 81 14 84 10 
207 0.13957123458385468 0.27693307399749756 1.565944790840149 117 142 113 7.19 66 118 67 128 68 127 69 97 75 32 76 33 77 31 78 18 79 18 80 19 81 15 
208 0.1382845640182495 0.07274588197469711 1.6096282005310059 149 119 115 8.06 66 119 67 129 68 128 70 102 71 85 72 51 73 27 74 28 75 33 76 34 77 32 78 19 79 19 80 20 81 16 84 11 
209 0.491070032119751 0.11798296123743057 1.2521125078201294 110 106 102 9.17 66 120 67 130 68 129 69 98 70 103 71 86 72 52 73 28 74 29 75 34 76 35 77 33 
210 -0.022024210542440414 0.2563915550708771 1.7180789709091187 149 140 150 7.41 67 131 68 130 73 29 74 30 75 35 76 36 77 34 78 20 79 20 80 21 81 17 84 12 
211 0.08980759978294373 0.2922157347202301 1.601800799369812 72 75 78 6.27 67 132 68 131 69 99 75 36 76 37 77 35 78 21 79 21 80 22 81 18 
212 0.2416084259748459 0.06080992892384529 1.5090283155441284 54 45 48 8.73 66 121 67 133 68 132 69 100 71 87 72 53 73 30 74 31 75 37 76 38 77 36 78 22 79 22 80 23 81 19 84 13 
213 0.5366231203079224 0.3512609601020813 1.418399691581726 62 76 42 11.59 69 101 70 104 71 88 72 54 73 31 74 32 75 38 76 39 77 37 78 23 
214 0.4635002315044403 0.2197600156068802 1.234218716621399 111 132 147 5.87 66 122 67 134 68 133 69 102 70 105 71 89 72 55 73 32 74 33 75 39 76 40 77 38 
215 0.5576556324958801 0.12846910953521729 1.1785718202590942 90 82 75 9.3 66 123 67 135 68 134 69 103 70 106 71 90 72 56 73 33 74 34 75 40 76 41 
216 -0.025271466001868248 0.2619312107563019 1.7221933603286743 72 55 47 11.39 66 124 67 136 68 135 73 34 74 35 75 41 76 42 77 39 78 24 79 23 80 24 81 20 84 14 
217 0.21004816889762878 0.054078537970781326 1.5468494892120361 135 110 112 8.06 66 125 67 137 68 136 72 57 73 35 74 36 75 42 76 43 77 40 78 25 79 24 80 25 81 21 84 15 
218 0.30510175228118896 0.031729720532894135 1.4618686437606812 170 158 155 10.95 66 126 67 138 68 137 69 104 72 58 73 36 74 37 75 43 76 44 77 41 78 26 79 25 80 26 81 22 84 16 
219 0.539523184299469 0.17546775937080383 1.1870701313018799 100 91 92 8.65 66 127 67 139 68 138 69 105 70 107 71 91 72 59 73 37 74 38 75 44 76 45 77 42 
220 0.32956185936927795 0.03752155229449272 1.4193845987319946 135 141 150 7.73 68 139 69 106 73 38 74 39 75 45 76 46 77 43 78 27 79 26 80 27 81 23 
221 0.011324899271130562 0.19373321533203125 1.6952576637268066 195 195 198 6.62 67 140 68 140 73 39 74 40 75 46 76 47 77 44 78 28 79 27 80 28 81 24 84 17 
222 0.5896406173706055 0.2931095063686371 1.3940601348876953 71 90 34 12.2 69 107 70 108 71 92 72 60 73 40 74 41 75 47 76 48 77 45 
223 0.13045917451381683 0.10816683620214462 1.6059385538101196 190 193 200 7.82 66 128 67 141 68 141 70 109 71 93 72 61 73 41 74 42 75 48 76 49 77 46 78 29 79 28 80 29 81 25 84 18 
224 0.12874163687229156 0.26310276985168457 1.5742464065551758 137 130 140 6.41 67 142 68 142 69 108 75 49 76 50 77 47 78 30 79 29 80 30 81 26 
225 0.024443218484520912 0.16311493515968323 1.6938495635986328 148 123 124 6.39 67 143 68 143 73 42 74 43 75 50 76 51 77 48 78 31 79 30 80 31 81 27 84 19 
226 0.07842379063367844 0.16834363341331482 1.6303397417068481 66 49 59 6.36 67 144 68 144 74 44 75 51 76 52 77 49 78 32 79 31 80 32 81 28 84 20 
227 0.4877645671367645 0.18417420983314514 1.2363308668136597 18 13 11 7.37 66 129 67 145 68 145 69 109 70 110 71 94 72 62 73 43 74 45 75 52 76 53 77 50 
228 0.4429541230201721 0.2830008268356323 1.2503278255462646 114 123 132 3.87 71 95 73 44 74 46 75 53 76 54 77 51 
229 0.44166168570518494 0.19544771313667297 1.2795474529266357 27 20 16 7.5 66 130 67 146 68 146 69 110 70 111 71 96 72 63 73 45 74 47 75 54 76 55 
230 0.47035911679267883 0.06101137399673462 1.267916202545166 45 61 69 6.6 66 131 67 147 68 147 69 111 70 112 71 97 73 46 74 48 75 55 76 56 77 52 
231 0.45880264043807983 0.06165839359164238 1.278674840927124 81 87 89 6.8 66 132 67 148 68 148 69 112 70 113 71 98 73 47 74 49 75 56 76 57 77 53 
232 0.5370258688926697 0.1836041808128357 1.1889019012451172 131 131 132 8.58 66 133 67 149 68 149 69 113 70 114 71 99 72 64 73 48 74 50 75 57 76 58 77 54 
233 0.24121125042438507 0.08484451472759247 1.4989744424819946 124 140 153 7.68 66 134 67 150 68 150 69 114 71 100 72 65 73 49 74 51 75 58 76 59 77 55 78 33 79 32 80 33 81 29 84 21 
234 0.575900673866272 0.3056092858314514 1.3686628341674805 43 59 28 11.45 69 115 70 115 71 101 72 66 73 50 74 52 75 59 76 60 77 56 
235 -0.04403910040855408 0.16169288754463196 1.7587112188339233 147 155 169 6.16 67 151 68 151 73 51 74 53 75 60 76 61 77 57 78 34 79 33 80 34 81 30 84 22 
236 0.44339287281036377 0.263823926448822 1.2595900297164917 54 48 53 5.97 66 135 67 152 72 67 74 54 75 61 76 62 77 58 
237 0.45243582129478455 0.23655083775520325 1.2439848184585571 122 134 140 7.88 67 153 68 152 69 116 70 116 71 102 72 68 73 52 74 55 75 62 76 63 
238 0.08364805579185486 0.10183557122945786 1.652406930923462 87 78 85 7.73 66 136 67 154 68 153 70 117 71 103 72 69 73 53 74 56 75 63 76 64 77 59 78 35 79 34 80 35 81 31 84 23 
239 0.06390475481748581 0.11664309352636337 1.6664881706237793 194 188 182 6.73 67 155 68 154 72 70 73 54 74 57 75 64 76 65 77 60 78 36 79 35 80 36 81 32 84 24 
240 0.5617364048957825 0.15914838016033173 1.1464118957519531 73 64 55 6.14 67 156 68 155 69 117 70 118 71 104 72 71 73 55 74 58 75 65 76 66 
241 0.08929221332073212 0.3554525673389435 1.573459506034851 152 165 185 6.53 75 66 76 67 77 61 78 37 79 36 80 37 81 33 84 25 
242 0.26615363359451294 0.05372760817408562 1.488779067993164 186 189 194 8.87 67 157 68 156 69 118 73 56 74 59 75 67 76 68 77 62 78 38 79 37 80 38 81 34 84 26 
243 0.5484944581985474 0.12561681866645813 1.1895643472671509 137 137 135 8.67 67 158 68 157 69 119 70 119 71 105 72 72 73 57 74 60 75 68 76 69 77 63 
244 0.2596130669116974 -0.001424166257493198 0.7229422330856323 163 165 167 2.51 46 167 47 170 48 172 49 173 50 170 51 165 52 150 53 125 54 99 57 108 58 105 59 58 60 94 61 41 62 106 63 97 64 96 65 97 66 137 67 159 68 158 69 120 70 120 71 106 
245 0.3797113597393036 0.2657582461833954 0.7066555023193359 32 39 32 1.85 46 168 47 171 48 173 49 174 50 171 51 166 52 151 53 126 54 100 57 109 58 106 59 59 62 107 63 98 64 97 65 98 66 138 67 160 68 159 69 121 70 121 
246 0.6221537590026855 0.11154554039239883 1.059319257736206 143 145 152 5.66 46 169 47 172 48 174 49 175 50 172 51 167 52 152 53 127 54 101 57 110 59 60 61 42 63 99 64 98 65 99 66 139 67 161 68 160 69 122 70 122 71 107 72 73 73 58 74 61 
247 0.33617106080055237 0.12177217751741409 0.7574107646942139 120 108 111 1.62 46 170 47 173 48 175 49 176 50 173 51 168 52 153 53 128 54 102 57 111 58 107 59 61 60 95 61 43 62 108 63 100 64 99 65 100 66 140 67 162 68 161 69 123 70 123 
248 0.34687307476997375 0.21048370003700256 0.7411345839500427 34 34 42 1.38 46 171 47 174 48 176 49 177 50 174 51 169 52 154 53 129 54 103 57 112 58 108 59 62 61 44 62 109 63 101 64 100 65 101 66 141 67 163 68 162 69 124 
249 0.2896777391433716 0.0888812467455864 0.7237345576286316 127 111 111 1.93 46 172 47 175 48 177 49 178 50 175 51 170 52 155 53 130 54 104 57 113 58 109 59 63 60 96 61 45 62 110 63 102 64 101 65 102 66 142 67 164 68 163 69 125 70 124 
250 0.5987862348556519 0.07827144116163254 1.0468480587005615 126 117 117 5.22 46 173 47 176 48 178 49 179 50 176 51 171 52 156 53 131 54 105 57 114 59 64 61 46 63 103 64 102 65 103 66 143 67 165 68 164 69 126 70 125 71 108 72 74 73 59 74 62 
251 0.2522549331188202 0.011890682391822338 0.7119575142860413 166 162 160 2.55 46 174 47 177 48 179 49 180 50 177 51 172 52 157 53 132 54 106 57 115 58 110 59 65 60 97 62 111 63 104 64 103 65 104 66 144 67 166 68 165 69 127 70 126 71 109 
252 0.305195689201355 0.15063373744487762 0.7168785333633423 122 114 113 1.46 47 178 48 180 49 181 50 178 51 173 52 158 53 133 54 107 57 116 58 111 59 66 60 98 61 47 62 112 63 105 64 104 65 105 66 145 67 167 68 166 69 128 70 127 
253 0.5518403053283691 0.23696394264698029 0.6208903193473816 98 94 102 8.4 52 159 54 108 59 67 62 113 64 105 65 106 66 146 67 168 68 167 
254 0.49790889024734497 0.17617572844028473 0.9091455936431885 72 62 70 2.45 46 175 47 179 48 181 49 182 50 179 51 174 52 160 53 134 54 109 57 117 58 112 59 68 60 99 61 48 62 114 63 106 64 106 65 107 66 147 67 169 72 75 
255 0.4732600748538971 -0.04628084599971771 0.9518777132034302 153 159 165 3.19 46 176 47 180 48 182 49 183 50 180 51 175 52 161 53 135 54 110 57 118 58 113 59 69 60 100 61 49 62 115 63 107 64 107 65 108 66 148 67 170 68 168 69 129 70 128 71 110 72 76 
256 0.5089658498764038 -0.02747645042836666 0.9841576218605042 77 73 85 3.56 46 177 47 181 48 183 49 184 50 181 51 176 52 162 53 136 54 111 57 119 58 114 59 70 60 101 61 50 62 116 63 108 64 108 65 109 66 149 67 171 68 169 69 130 70 129 71 111 72 77 
257 0.5390636920928955 -0.10771085321903229 1.041875958442688 127 123 127 3.48 46 178 47 182 48 184 49 185 50 182 51 177 53 137 54 112 57 120 58 115 59 71 60 102 61 51 63 109 67 172 71 112 
258 0.5923407673835754 0.04902804642915726 1.0493299961090088 92 61 67 4.94 46 179 47 183 48 185 49 186 50 183 51 178 52 163 53 138 54 113 57 121 59 72 61 52 62 117 63 110 64 109 65 110 66 150 67 173 68 170 69 131 70 130 71 113 72 78 73 60 
259 0.45209839940071106 0.11322373896837234 0.886505663394928 73 61 68 2.6 46 180 47 184 48 186 49 187 50 184 51 179 52 164 53 139 54 114 57 122 58 116 59 73 60 103 61 53 62 118 63 111 64 110 65 111 66 151 67 174 68 171 72 79 
260 0.4490436017513275 -0.0793672725558281 0.9379621148109436 181 183 181 2.97 46 181 47 185 48 187 49 188 50 185 51 180 52 165 53 140 54 115 57 123 58 117 59 74 60 104 61 54 62 119 63 112 64 111 65 112 66 152 67 175 68 172 69 132 70 131 71 114 72 80 
261 0.6258417367935181 -0.083182193338871 1.126387357711792 70 70 66 3.17 46 182 47 186 48 188 49 189 50 186 51 181 52 166 53 141 54 116 57 124 59 75 61 55 63 113 
262 0.1470586061477661 0.011326752603054047 0.6130748987197876 130 126 134 2.93 46 183 47 187 48 189 49 190 50 187 51 182 52 167 53 142 54 117 57 125 58 118 59 76 60 105 62 120 63 114 64 112 65 113 66 153 67 176 68 173 69 133 70 132 71 115 
263 0.30782437324523926 0.206789031624794 0.7029856443405151 80 64 68 1.77 47 188 48 190 49 191 50 188 51 183 52 168 53 143 54 118 57 126 58 119 59 77 61 56 62 121 63 115 64 113 65 114 66 154 67 177 68 174 69 134 
264 0.4520924687385559 0.053262870758771896 0.8980758786201477 143 134 135 2.82 46 184 47 189 48 191 49 192 50 189 51 184 52 169 53 144 54 119 57 127 58 120 59 78 60 106 61 57 62 122 63 116 64 114 65 115 66 155 67 178 68 175 69 135 70 133 71 116 72 81 
265 0.4746687114238739 0.06281715631484985 0.9178783297538757 73 81 95 2.83 46 185 47 190 48 192 49 193 50 190 51 185 52 170 53 145 54 120 57 128 58 121 59 79 60 107 61 58 62 123 63 117 64 115 65 116 66 156 67 179 68 176 69 136 70 134 71 117 72 82 
266 0.4077932834625244 0.06974256038665771 0.8468057513237 103 71 76 2.24 46 186 47 191 48 193 49 194 50 191 51 186 52 171 53 146 54 121 57 129 58 122 59 80 60 108 61 59 62 124 63 118 64 116 65 117 66 157 67 180 68 177 69 137 70 135 72 83 
267 0.4648386240005493 -0.036405500024557114 0.9394811987876892 177 174 171 3.0 46 187 47 192 48 194 49 195 50 192 51 187 52 172 53 147 54 122 57 130 58 123 59 81 60 109 61 60 62 125 63 119 64 117 65 118 66 158 67 181 68 178 69 138 70 136 71 118 72 84 
268 0.4082106053829193 0.1530648171901703 0.8207547068595886 122 116 116 1.76 46 188 47 193 48 195 49 196 50 193 51 188 52 173 53 148 54 123 57 131 58 124 59 82 60 110 61 61 62 126 63 120 64 118 65 119 66 159 67 182 68 179 69 139 
269 0.12229572236537933 -0.10472610592842102 0.6272664666175842 139 136 137 3.84 46 189 47 194 48 196 49 197 50 194 51 189 52 174 53 149 54 124 57 132 58 125 59 83 60 111 62 127 63 121 64 119 65 120 66 160 67 183 68 180 69 140 70 137 71 119 
270 0.4478263854980469 0.20907628536224365 0.8519959449768066 65 50 61 2.04 46 190 47 195 48 197 49 198 50 195 51 190 52 175 53 150 54 125 57 133 58 126 59 84 60 112 61 62 62 128 63 122 64 120 65 121 66 161 67 184 68 181 
271 0.25378939509391785 0.2080799788236618 0.6614510416984558 41 28 33 2.06 50 196 51 191 52 176 53 151 54 126 57 134 58 127 59 85 62 129 63 123 64 121 65 122 66 162 67 185 68 182 69 141 70 138 
272 0.6116549372673035 0.11364882439374924 1.0391424894332886 184 184 182 3.58 46 191 47 196 48 198 49 199 50 197 51 192 52 177 53 152 54 127 57 135 59 86 61 63 63 124 64 122 65 123 66 163 67 186 68 183 69 142 70 139 71 120 72 85 73 61 74 63 
273 0.6102123260498047 0.11314447224140167 1.0185272693634033 176 183 182 6.8 46 192 47 197 48 199 49 200 50 198 51 193 52 178 53 153 54 128 57 136 59 87 61 64 62 130 63 125 64 123 65 124 66 164 67 187 68 184 69 143 70 140 71 121 72 86 73 62 74 64 
274 0.18649697303771973 -0.006723747123032808 0.6566485166549683 74 84 99 2.88 46 193 47 198 48 200 49 201 50 199 51 194 52 179 53 154 54 129 57 137 58 128 59 88 60 113 62 131 63 126 64 124 65 125 66 165 67 188 68 185 69 144 70 141 71 122 
275 0.20267608761787415 0.12821568548679352 0.6298717856407166 69 64 69 2.29 53 155 54 130 57 138 58 129 59 89 60 114 62 132 63 127 64 125 65 126 66 166 67 189 68 186 69 145 70 142 
276 0.40390345454216003 0.11685016751289368 0.8282496929168701 148 148 149 1.64 46 194 47 199 48 201 49 202 50 200 51 195 52 180 53 156 54 131 57 139 58 130 59 90 60 115 61 65 62 133 63 128 64 126 65 127 66 167 67 190 68 187 69 146 
277 0.543241024017334 -0.002275078324601054 1.0123004913330078 88 91 102 4.08 46 195 47 200 48 202 49 203 50 201 51 196 52 181 53 157 54 132 57 140 58 131 59 91 60 116 61 66 62 134 63 129 64 127 65 128 66 168 67 191 68 188 69 147 70 143 71 123 72 87 
278 0.4962749481201172 0.11262425780296326 0.9252443909645081 64 58 57 3.21 46 196 47 201 48 203 49 204 50 202 51 197 52 182 53 158 54 133 57 141 58 132 59 92 60 117 61 67 62 135 63 130 64 128 65 129 66 169 67 192 68 189 71 124 72 88 73 63 
279 0.6526516675949097 0.3125874400138855 0.9752362370491028 49 46 46 6.72 46 197 47 202 48 204 49 205 50 203 51 198 52 183 53 159 59 93 63 131 64 129 65 130 66 170 67 193 68 190 69 148 70 144 71 125 72 89 
280 0.5367498397827148 -0.023787127807736397 1.0125588178634644 170 170 168 3.8 46 198 47 203 48 205 49 206 50 204 51 199 52 184 53 160 54 134 57 142 58 133 59 94 60 118 61 68 62 136 63 132 64 130 65 131 66 171 67 194 68 191 69 149 70 145 71 126 72 90 
281 0.503456711769104 0.08845566213130951 0.9394299387931824 149 147 145 2.73 46 199 47 204 48 206 49 207 50 205 51 200 52 185 53 161 54 135 57 143 58 134 59 95 60 119 61 69 62 137 63 133 64 131 65 132 66 172 67 195 68 192 70 146 71 127 72 91 
282 0.5923839211463928 0.05218631774187088 1.048442006111145 185 181 179 5.01 46 200 47 205 48 207 49 208 50 206 51 201 52 186 53 162 54 136 57 144 59 96 61 70 62 138 63 134 64 132 65 133 66 173 67 196 68 193 69 150 70 147 71 128 72 92 73 64 
283 0.41349470615386963 0.27291250228881836 0.7351577281951904 126 133 136 2.03 46 201 47 206 48 208 49 209 50 207 51 202 52 187 53 163 54 137 57 145 58 135 59 97 62 139 63 135 64 133 65 134 66 174 67 197 68 194 69 151 70 148 
284 0.6550687551498413 0.16559341549873352 0.9440091252326965 138 147 149 9.08 46 202 48 209 49 210 50 208 52 188 59 98 61 71 63 136 64 134 65 135 66 175 67 198 68 195 69 152 70 149 71 129 72 93 
285 0.4845122694969177 0.08831242471933365 0.9200519323348999 115 97 95 2.79 46 203 47 207 48 210 49 211 50 209 51 203 52 189 53 164 54 138 57 146 58 136 59 99 60 120 61 72 62 140 63 137 64 135 65 136 66 176 67 199 68 196 69 153 71 130 72 94 
286 0.6070745587348938 -0.08874824643135071 1.1088353395462036 65 54 52 3.11 46 204 47 208 48 211 49 212 50 210 51 204 52 190 53 165 54 139 57 147 59 100 61 73 63 138 
287 0.5175814628601074 0.19325551390647888 0.9190741181373596 168 158 153 1.91 46 205 47 209 48 212 49 213 50 211 51 205 52 191 53 166 54 140 57 148 58 137 59 101 60 121 61 74 62 141 63 139 64 136 65 137 66 177 72 95 
288 0.5324873328208923 0.09795326739549637 0.9685028791427612 172 168 167 3.44 46 206 47 210 48 213 49 214 50 212 51 206 52 192 53 167 54 141 57 149 58 138 59 102 60 122 61 75 62 142 63 140 64 137 65 138 66 178 67 200 69 154 70 150 71 131 72 96 
289 0.4678211510181427 0.058736663311719894 0.9122591018676758 174 177 179 2.75 46 207 47 211 48 214 49 215 50 213 51 207 52 193 53 168 54 142 57 150 58 139 59 103 60 123 61 76 62 143 63 141 64 138 65 139 66 179 67 201 68 197 69 155 70 151 71 132 72 97 
290 0.41448214650154114 0.00852928962558508 0.8722893595695496 105 97 103 2.32 46 208 47 212 48 215 49 216 50 214 51 208 52 194 53 169 54 143 57 151 58 140 59 104 60 124 61 77 62 144 63 142 64 139 65 140 66 180 67 202 68 198 69 156 70 152 71 133 72 98 
291 0.42236587405204773 0.27678126096725464 0.7957552671432495 72 69 62 1.65 46 209 47 213 48 216 49 217 50 215 51 209 52 195 53 170 54 144 57 152 58 141 59 105 62 145 63 143 64 140 65 141 66 181 67 203 68 199 72 99 
292 0.5894028544425964 -0.036461181938648224 1.0745348930358887 99 89 93 4.74 46 210 47 214 48 217 49 218 50 216 51 210 52 196 53 171 54 145 57 153 59 106 60 125 61 78 62 146 63 144 64 141 65 142 66 182 67 204 68 200 69 157 70 153 71 134 72 100 
293 0.4570614695549011 0.26810741424560547 0.8425303101539612 69 50 53 2.07 46 211 47 215 48 218 49 219 50 217 51 211 52 197 53 172 54 146 57 154 58 142 59 107 62 147 63 145 64 142 65 143 66 183 67 205 68 201 72 101 
294 0.37681901454925537 -0.0075059072114527225 0.8393728137016296 102 96 103 2.31 46 212 47 216 48 219 49 220 50 218 51 212 52 198 53 173 54 147 57 155 58 143 59 108 60 126 61 79 62 148 63 146 64 143 65 144 66 184 67 206 68 202 69 158 70 154 71 135 72 102 
295 0.18656285107135773 0.08611766993999481 0.5711063742637634 124 127 130 11.42 46 213 47 217 48 220 49 221 50 219 51 213 52 199 53 174 54 148 57 156 58 144 59 109 60 127 62 149 63 147 64 144 65 145 66 185 67 207 68 203 70 155 71 136 
296 0.23705263435840607 0.1766844093799591 0.6550154089927673 47 29 33 1.86 51 214 52 200 53 175 54 149 57 157 58 145 59 110 60 128 62 150 63 148 64 145 65 146 66 186 67 208 68 204 69 159 70 156 
297 0.5027174353599548 0.3010094165802002 0.8706740140914917 81 91 98 2.64 46 214 47 218 48 221 49 222 50 220 51 215 52 201 53 176 54 150 57 158 58 146 59 111 62 151 63 149 64 146 65 147 66 187 67 209 68 205 70 157 71 137 72 103 
298 0.2587546408176422 -0.03364578261971474 0.7326303720474243 167 165 165 2.81 46 215 47 219 48 222 49 223 50 221 51 216 52 202 53 177 54 151 57 159 58 147 59 112 60 129 61 80 62 152 63 150 64 147 65 148 66 188 67 210 68 206 69 160 70 158 71 138 72 104 
299 0.2789749801158905 0.015978174284100533 0.7357999682426453 94 78 79 2.37 46 216 47 220 48 223 49 224 50 222 51 217 52 203 53 178 54 152 57 160 58 148 59 113 60 130 61 81 62 153 63 151 64 148 65 149 66 189 67 211 68 207 69 161 70 159 71 139 
300 0.3143787682056427 0.15230192244052887 0.7254438996315002 169 172 173 1.31 47 221 48 224 49 225 50 223 51 218 52 204 53 179 54 153 57 161 58 149 59 114 60 131 61 82 62 154 63 152 64 149 65 150 66 190 67 212 68 208 69 162 70 160 
301 0.3656747341156006 0.005735673941671848 0.8243869543075562 80 74 81 2.27 46 217 47 222 48 225 49 226 50 224 51 219 52 205 53 180 54 154 57 162 58 150 59 115 60 132 61 83 62 155 63 153 64 150 65 151 66 191 67 213 68 209 69 163 70 161 71 140 72 105 
302 0.6427432894706726 -0.09498485177755356 1.1317088603973389 214 238 251 2.56 46 218 47 223 48 226 49 227 50 225 51 220 52 206 53 181 54 155 57 163 59 116 61 84 
303 0.6408705711364746 -0.09125222265720367 1.1340218782424927 19 19 19 2.39 46 219 47 224 48 227 49 228 50 226 51 221 52 207 53 182 54 156 57 164 59 117 61 85 
304 0.48531174659729004 0.11901988089084625 0.9191893935203552 52 38 41 2.37 46 220 47 225 48 228 49 229 50 227 51 222 52 208 53 183 54 157 57 165 58 151 59 118 60 133 61 86 62 156 63 154 64 151 65 152 66 192 67 214 68 210 72 106 
305 0.38517987728118896 -0.028880402445793152 0.8547160029411316 88 89 100 2.5 46 221 47 226 48 229 49 230 50 228 51 223 52 209 53 184 54 158 57 166 58 152 59 119 60 134 61 87 62 157 63 155 64 152 65 153 66 193 67 215 68 211 69 164 70 162 71 141 72 107 
306 0.5112378001213074 0.2316356748342514 0.591392457485199 101 89 96 5.73 49 231 50 229 52 210 53 185 54 159 59 120 62 158 64 153 65 154 66 194 67 216 
307 0.6206003427505493 0.014845038764178753 1.0910475254058838 98 90 94 5.66 46 222 47 227 48 230 49 232 50 230 51 224 52 211 53 186 54 160 57 167 59 121 61 88 63 156 64 154 65 155 66 195 67 217 68 212 69 165 70 163 71 142 72 108 73 65 74 65 
308 0.5555537343025208 0.2966938316822052 0.8572345972061157 79 79 84 2.69 46 223 47 228 48 231 49 233 50 231 51 225 52 212 53 187 54 161 57 168 58 153 59 122 62 159 63 157 64 155 65 156 66 196 67 218 68 213 69 166 70 164 71 143 72 109 
309 0.24584883451461792 0.06069474294781685 0.6909975409507751 25 20 21 2.24 46 224 47 229 48 232 49 234 50 232 51 226 52 213 53 188 54 162 57 169 58 154 59 123 60 135 62 160 63 158 64 156 65 157 66 197 67 219 68 214 69 167 70 165 
310 0.19165050983428955 0.11488096415996552 0.6205262541770935 144 142 140 2.4 53 189 54 163 57 170 58 155 59 124 60 136 62 161 63 159 64 157 65 158 66 198 67 220 68 215 69 168 70 166 
311 0.2980465590953827 0.1713627129793167 0.7045539021492004 113 111 114 1.55 47 230 48 233 49 235 50 233 51 227 52 214 53 190 54 164 57 171 58 156 59 125 60 137 61 89 62 162 63 160 64 158 65 159 66 199 67 221 68 216 69 169 70 167 
312 0.5551887154579163 0.05735574662685394 1.0062544345855713 75 79 94 4.51 46 225 47 231 48 234 49 236 50 234 51 228 52 215 53 191 54 165 57 172 58 157 59 126 60 138 61 90 62 163 63 161 64 159 65 160 66 200 67 222 68 217 69 170 70 168 71 144 72 110 
313 0.49314841628074646 0.0001009388652164489 0.9578726291656494 117 113 115 3.28 46 226 47 232 48 235 49 237 50 235 51 229 52 216 53 192 54 166 57 173 58 158 59 127 60 139 61 91 62 164 63 162 64 160 65 161 66 201 67 223 68 218 69 171 70 169 71 145 72 111 
314 0.6410169005393982 0.15952175855636597 0.93290114402771 130 133 136 6.77 46 227 48 236 49 238 50 236 51 230 52 217 53 193 59 128 61 92 62 165 63 163 64 161 65 162 66 202 67 224 68 219 69 172 70 170 71 146 72 112 
315 0.4508558511734009 0.14244621992111206 0.8770624995231628 66 44 51 2.16 46 228 47 233 48 237 49 239 50 237 51 231 52 218 53 194 54 167 57 174 58 159 59 129 60 140 61 93 62 166 63 164 64 162 65 163 66 203 67 225 68 220 
316 0.6348326206207275 0.08404359966516495 1.0833905935287476 96 95 90 5.38 46 229 47 234 48 238 49 240 50 238 51 232 52 219 53 195 54 168 59 130 61 94 63 165 64 163 65 164 66 204 67 226 68 221 69 173 70 171 71 147 72 113 73 66 74 66 
317 0.37793445587158203 0.15272156894207 0.7881810069084167 69 65 69 1.31 46 230 47 235 48 239 49 241 50 239 51 233 52 220 53 196 54 169 57 175 58 160 59 131 60 141 61 95 62 167 63 166 64 164 65 165 66 205 67 227 68 222 69 174 
318 0.3832060992717743 0.17602497339248657 0.7867318391799927 136 130 131 1.42 46 231 47 236 48 240 49 242 50 240 51 234 52 221 53 197 54 170 57 176 58 161 59 132 60 142 61 96 62 168 63 167 64 165 65 166 66 206 67 228 68 223 69 175 
319 0.2041255682706833 0.1701970100402832 0.6136509776115417 90 73 66 1.55 54 171 57 177 58 162 59 133 60 143 62 169 63 168 64 166 65 167 66 207 67 229 68 224 69 176 70 172 
320 0.11803726851940155 -0.09492120891809464 0.6191493272781372 159 153 157 4.3 46 232 47 237 48 241 49 243 50 241 51 235 52 222 53 198 54 172 57 178 58 163 59 134 60 144 62 170 63 169 64 167 65 168 66 208 67 230 68 225 69 177 70 173 71 148 
321 0.25386810302734375 0.19314664602279663 0.6656412482261658 65 53 66 2.36 49 244 50 242 51 236 52 223 53 199 54 173 57 179 58 164 59 135 62 171 63 170 64 168 65 169 66 209 67 231 68 226 69 178 70 174 
322 0.2054353952407837 0.23376372456550598 0.604389488697052 43 44 48 2.69 49 245 52 224 53 200 54 174 57 180 58 165 59 136 62 172 63 171 64 169 65 170 66 210 67 232 68 227 69 179 70 175 
323 0.43454134464263916 0.11911964416503906 0.8677217960357666 46 35 40 2.59 46 233 47 238 48 242 49 246 50 243 51 237 52 225 53 201 54 175 57 181 58 166 59 137 60 145 61 97 62 173 63 172 64 170 65 171 66 211 67 233 68 228 69 180 
324 0.5769590139389038 0.17096899449825287 0.9634607434272766 56 60 54 6.47 46 234 47 239 48 243 49 247 50 244 51 238 52 226 53 202 54 176 57 182 59 138 60 146 61 98 62 174 63 173 64 171 65 172 66 212 67 234 68 229 69 181 70 176 71 149 72 114 73 67 
325 0.5234513282775879 -0.006600638385862112 0.9927173852920532 116 121 125 3.61 46 235 47 240 48 244 49 248 50 245 51 239 52 227 53 203 54 177 57 183 58 167 59 139 60 147 61 99 62 175 63 174 64 172 65 173 66 213 67 235 68 230 69 182 70 177 71 150 72 115 
326 0.4490053355693817 0.23461276292800903 0.845202624797821 64 48 58 1.91 46 236 47 241 48 245 49 249 50 246 51 240 52 228 53 204 54 178 57 184 58 168 59 140 61 100 62 176 63 175 64 173 65 174 66 214 67 236 68 231 
327 0.36928659677505493 0.26374560594558716 0.700484573841095 27 24 24 1.48 46 237 47 242 48 246 49 250 50 247 51 241 52 229 53 205 54 179 57 185 58 169 59 141 62 177 63 176 64 174 65 175 66 215 67 237 68 232 69 183 70 178 
328 0.3415393829345703 0.2563229203224182 0.6647480726242065 105 109 116 1.94 46 238 47 243 48 247 49 251 50 248 51 242 52 230 53 206 54 180 57 186 58 170 59 142 62 178 63 177 64 175 65 176 66 216 67 238 68 233 69 184 70 179 
329 0.23748381435871124 -0.04703223705291748 0.7167195081710815 135 127 132 3.29 46 239 47 244 48 248 49 252 50 249 51 243 52 231 53 207 54 181 57 187 58 171 59 143 60 148 62 179 63 178 64 176 65 177 66 217 67 239 68 234 69 185 70 180 71 151 72 116 
330 0.539415717124939 0.06102105230093002 0.9873936176300049 79 72 80 3.82 46 240 47 245 48 249 49 253 50 250 51 244 52 232 53 208 54 182 57 188 58 172 59 144 60 149 61 101 62 180 63 179 64 177 65 178 66 218 67 240 68 235 69 186 70 181 71 152 72 117 
331 0.3460325598716736 0.25733327865600586 0.6690874099731445 100 106 111 1.73 46 241 47 246 48 250 49 254 50 251 51 245 52 233 53 209 54 183 57 189 58 173 59 145 62 181 63 180 64 178 65 179 66 219 67 241 68 236 69 187 70 182 
332 0.4146960973739624 0.09558552503585815 0.8452561497688293 56 50 53 2.16 46 242 47 247 48 251 49 255 50 252 51 246 52 234 53 210 54 184 57 190 58 174 59 146 60 150 61 102 62 182 63 181 64 179 65 180 66 220 67 242 68 237 69 188 72 118 
333 0.3536588251590729 0.20077359676361084 0.7502681016921997 144 136 135 1.33 46 243 47 248 48 252 49 256 50 253 51 247 52 235 53 211 54 185 57 191 58 175 59 147 60 151 61 103 62 183 63 182 64 180 65 181 66 221 67 243 68 238 69 189 
334 0.33247628808021545 -0.09414434432983398 0.8246195316314697 167 170 165 2.66 46 244 47 249 48 253 49 257 50 254 51 248 52 236 53 212 54 186 57 192 58 176 59 148 60 152 61 104 62 184 63 183 64 181 65 182 66 222 67 244 68 239 69 190 70 183 71 153 72 119 
335 0.5718576908111572 0.29879555106163025 0.8926975727081299 71 66 66 2.82 46 245 47 250 48 254 49 258 50 255 51 249 52 237 53 213 54 187 57 193 59 149 62 185 63 184 64 182 65 183 66 223 67 245 68 240 70 184 71 154 72 120 
336 0.32302242517471313 0.12079613655805588 0.7442625761032104 161 162 166 1.57 46 246 47 251 48 255 49 259 50 256 51 250 52 238 53 214 54 188 57 194 58 177 59 150 60 153 61 105 62 186 63 185 64 183 65 184 66 224 67 246 68 241 69 191 70 185 
337 0.4069763123989105 0.21083033084869385 0.7995904088020325 154 149 145 1.33 46 247 47 252 48 256 49 260 50 257 51 251 52 239 53 215 54 189 57 195 58 178 59 151 60 154 61 106 62 187 63 186 64 184 65 185 66 225 67 247 68 242 
338 0.5095085501670837 0.13698701560497284 0.9306893944740295 184 183 180 2.76 46 248 47 253 48 257 49 261 50 258 51 252 52 240 53 216 54 190 57 196 58 179 59 152 60 155 61 107 62 188 63 187 64 185 65 186 66 226 67 248 71 155 72 121 
339 0.33135586977005005 -0.08348073810338974 0.8195375800132751 193 192 188 2.61 46 249 47 254 48 258 49 262 50 259 51 253 52 241 53 217 54 191 57 197 58 180 59 153 60 156 61 108 62 189 63 188 64 186 65 187 66 227 67 249 68 243 69 192 70 186 71 156 72 122 
340 0.5815497636795044 -0.014698130078613758 1.058429479598999 116 95 102 4.32 46 250 47 255 48 259 49 263 50 260 51 254 52 242 53 218 54 192 57 198 59 154 60 157 61 109 62 190 63 189 64 187 65 188 66 228 67 250 68 244 69 193 70 187 71 157 72 123 
341 0.5379576086997986 -0.05577463656663895 1.0249272584915161 107 110 117 3.91 46 251 47 256 48 260 49 264 50 261 51 255 52 243 53 219 54 193 57 199 58 181 59 155 60 158 61 110 62 191 63 190 64 188 65 189 66 229 67 251 68 245 69 194 70 188 71 158 72 124 
342 0.4825823903083801 0.04297991842031479 0.9328460693359375 152 161 171 3.03 46 252 47 257 48 261 49 265 50 262 51 256 52 244 53 220 54 194 57 200 58 182 59 156 60 159 61 111 62 192 63 191 64 189 65 190 66 230 67 252 68 246 69 195 70 189 71 159 72 125 
343 0.4245526194572449 0.06664364039897919 0.8654507398605347 153 154 153 2.24 46 253 47 258 48 262 49 266 50 263 51 257 52 245 53 221 54 195 57 201 58 183 59 157 60 160 61 112 62 193 63 192 64 190 65 191 66 231 67 253 68 247 69 196 72 126 
344 0.1925513595342636 0.06475160270929337 0.6399631500244141 60 48 56 2.71 49 267 50 264 51 258 52 246 53 222 54 196 57 202 58 184 59 158 60 161 62 194 63 193 64 191 65 192 66 232 67 254 68 248 69 197 70 190 
345 0.4356600344181061 0.27526095509529114 0.7475393414497375 107 110 116 3.08 46 254 47 259 48 263 49 268 50 265 51 259 52 247 53 223 54 197 57 203 58 185 59 159 62 195 63 194 64 192 65 193 66 233 67 255 68 249 69 198 70 191 
346 0.3127589225769043 0.131417915225029 0.7305122017860413 167 165 165 1.48 46 255 47 260 48 264 49 269 50 266 51 260 52 248 53 224 54 198 57 204 58 186 59 160 60 162 61 113 62 196 63 195 64 193 65 194 66 234 67 256 68 250 69 199 70 192 
347 0.5115915536880493 0.2953778803348541 0.883367121219635 66 58 59 2.39 46 256 47 261 48 265 49 270 50 267 51 261 52 249 53 225 54 199 57 205 58 187 59 161 62 197 63 196 64 194 65 195 66 235 67 257 71 160 72 127 
348 0.5601463913917542 -0.05643480271100998 1.0498775243759155 160 159 159 4.83 46 257 47 262 48 266 49 271 50 268 51 262 52 250 53 226 54 200 57 206 58 188 59 162 60 163 61 114 62 198 63 197 64 195 65 196 66 236 67 258 68 251 69 200 70 193 71 161 72 128 
349 0.2676074504852295 0.017110973596572876 0.7244910597801208 157 154 154 2.44 46 258 47 263 48 267 49 272 50 269 51 263 52 251 53 227 54 201 57 207 58 189 59 163 60 164 61 115 62 199 63 198 64 196 65 197 66 237 67 259 68 252 69 201 70 194 71 162 
350 0.36476239562034607 0.2627581059932709 0.6993622183799744 157 169 171 1.67 46 259 47 264 48 268 49 273 50 270 51 264 52 252 53 228 54 202 57 208 58 190 59 164 62 200 63 199 64 197 65 198 66 238 67 260 68 253 69 202 70 195 
351 0.4469537138938904 -0.09401421248912811 0.9412724375724792 95 93 101 3.11 46 260 47 265 48 269 49 274 50 271 51 265 52 253 53 229 54 203 57 209 58 191 59 165 60 165 61 116 62 201 63 200 64 198 65 199 66 239 67 261 68 254 69 203 70 196 71 163 72 129 
352 0.4118340313434601 0.27170953154563904 0.7412292957305908 31 36 32 2.28 46 261 47 266 48 270 49 275 50 272 51 266 52 254 53 230 54 204 57 210 58 192 59 166 62 202 63 201 64 199 65 200 66 240 67 262 68 255 69 204 70 197 
353 0.4594966471195221 -0.05431795492768288 0.9398617148399353 159 162 165 2.98 46 262 47 267 48 271 49 276 50 273 51 267 52 255 53 231 54 205 57 211 58 193 59 167 60 166 61 117 62 203 63 202 64 200 65 201 66 241 67 263 68 256 69 205 70 198 71 164 72 130 
354 0.5103278756141663 0.25211936235427856 0.8912959694862366 155 149 147 1.92 46 263 47 268 48 272 49 277 50 274 51 268 52 256 53 232 54 206 57 212 58 194 59 168 61 118 62 204 63 203 64 201 65 202 66 242 72 131 
355 0.47951093316078186 -0.056539762765169144 0.9620586037635803 138 137 140 3.27 46 264 47 269 48 273 49 278 50 275 51 269 52 257 53 233 54 207 57 213 58 195 59 169 60 167 61 119 62 205 63 204 64 202 65 203 66 243 67 264 68 257 69 206 70 199 71 165 72 132 
356 0.2888542413711548 0.1841140240430832 0.6951682567596436 49 31 38 2.1 48 274 49 279 50 276 51 270 52 258 53 234 54 208 57 214 58 196 59 170 60 168 61 120 62 206 63 205 64 203 65 204 66 244 67 265 68 258 69 207 70 200 
357 0.6519728302955627 0.2703225612640381 0.9089667201042175 40 41 39 6.12 46 265 48 275 49 280 50 277 52 259 59 171 63 206 64 204 65 205 66 245 67 266 68 259 69 208 70 201 71 166 72 133 
358 0.5123710632324219 0.059774529188871384 0.9584322571754456 68 65 74 3.24 46 266 47 270 48 276 49 281 50 278 51 271 52 260 53 235 54 209 57 215 58 197 59 172 60 169 61 121 62 207 63 207 64 205 65 206 66 246 67 267 68 260 69 209 70 202 71 167 72 134 
359 0.29098838567733765 -0.009831643663346767 0.7565847635269165 172 175 177 2.94 46 267 47 271 48 277 49 282 50 279 51 272 52 261 53 236 54 210 57 216 58 198 59 173 60 170 61 122 62 208 63 208 64 206 65 207 66 247 67 268 68 261 69 210 70 203 71 168 72 135 
360 0.5241115689277649 0.30161553621292114 0.8852370381355286 57 54 53 3.09 46 268 47 272 48 278 49 283 50 280 51 273 52 262 53 237 54 211 57 217 58 199 59 174 62 209 63 209 64 207 65 208 66 248 67 269 68 262 70 204 71 169 72 136 
361 0.5849778652191162 -0.0797678530216217 1.083554744720459 81 66 78 3.2 46 269 47 273 48 279 49 284 50 281 51 274 52 263 53 238 54 212 57 218 59 175 60 171 61 123 63 210 67 270 
362 0.5150172710418701 0.23884212970733643 0.6212891340255737 89 78 87 4.69 49 285 50 282 51 275 52 264 53 239 54 213 57 219 58 200 59 176 62 210 63 211 64 208 65 209 66 249 67 271 68 263 
363 0.4686887264251709 -0.10611394792795181 0.9690757989883423 125 123 134 3.7 46 270 47 274 48 280 49 286 50 283 51 276 52 265 53 240 54 214 57 220 58 201 59 177 60 172 61 124 62 211 63 212 64 209 65 210 66 250 67 272 68 264 69 211 70 205 71 170 72 137 
364 0.3920018970966339 0.22446292638778687 0.780925989151001 84 54 56 1.36 46 271 47 275 48 281 49 287 50 284 51 277 52 266 53 241 54 215 57 221 58 202 59 178 61 125 62 212 63 213 64 210 65 211 66 251 67 273 68 265 69 212 
365 0.6274147033691406 -0.0006073185941204429 1.1058156490325928 81 67 75 5.17 46 272 47 276 48 282 49 288 50 285 51 278 52 267 53 242 54 216 57 222 59 179 61 126 63 214 64 211 65 212 66 252 67 274 68 266 69 213 70 206 71 171 72 138 74 67 
366 0.40173497796058655 0.1933775395154953 0.800053060054779 140 133 133 1.43 46 273 47 277 48 283 49 289 50 286 51 279 52 268 53 243 54 217 57 223 58 203 59 180 60 173 61 127 62 213 63 215 64 212 65 213 66 253 67 275 68 267 69 214 
367 0.4797104299068451 0.12708602845668793 0.9119805693626404 57 41 47 2.92 46 274 47 278 48 284 49 290 50 287 51 280 52 269 53 244 54 218 57 224 58 204 59 181 60 174 61 128 62 214 63 216 64 213 65 214 66 254 67 276 68 268 72 139 
368 0.5093957185745239 0.2984042465686798 0.8568667769432068 137 162 187 2.6 46 275 47 279 48 285 49 291 50 288 51 281 52 270 53 245 54 219 57 225 58 205 59 182 62 215 63 217 64 214 65 215 66 255 67 277 68 269 71 172 72 140 
369 0.35522696375846863 0.023328261449933052 0.8081346154212952 158 160 161 2.22 46 276 47 280 48 286 49 292 50 289 51 282 52 271 53 246 54 220 57 226 58 206 59 183 60 175 61 129 62 216 63 218 64 215 65 216 66 256 67 278 68 270 69 215 70 207 71 173 72 141 
370 0.5012809038162231 -0.10073450952768326 1.0012617111206055 167 169 170 3.96 46 277 47 281 48 287 49 293 50 290 51 283 53 247 54 221 57 227 58 207 59 184 60 176 61 130 63 219 64 216 65 217 66 257 67 279 68 271 69 216 70 208 71 174 72 142 
371 0.38594645261764526 0.016199525445699692 0.8406150937080383 183 181 176 2.33 46 278 47 282 48 288 49 294 50 291 51 284 52 272 53 248 54 222 57 228 58 208 59 185 60 177 61 131 62 217 63 220 64 217 65 218 66 258 67 280 68 272 69 217 70 209 71 175 72 143 
372 0.2507191300392151 -0.05250110104680061 0.7310462594032288 157 156 158 2.97 46 279 47 283 48 289 49 295 50 292 51 285 52 273 53 249 54 223 57 229 58 209 59 186 60 178 61 132 62 218 63 221 64 218 65 219 66 259 67 281 68 273 69 218 70 210 71 176 72 144 
373 0.5798746347427368 -0.10178554803133011 1.0841666460037231 182 183 176 2.97 46 280 47 284 48 290 49 296 50 293 51 286 52 274 53 250 54 224 57 230 59 187 60 179 61 133 63 222 
374 0.1859426200389862 0.06735245138406754 0.5690426230430603 32 50 49 8.05 46 281 47 285 48 291 49 297 50 294 51 287 52 275 53 251 54 225 57 231 58 210 59 188 60 180 62 219 63 223 64 219 65 220 66 260 67 282 68 274 70 211 71 177 
375 0.40799787640571594 0.047709252685308456 0.8531941175460815 114 118 129 2.12 46 282 47 286 48 292 49 298 50 295 51 288 52 276 53 252 54 226 57 232 58 211 59 189 60 181 61 134 62 220 63 224 64 220 65 221 66 261 67 283 68 275 69 219 70 212 72 145 
376 0.22118869423866272 -0.1380937695503235 0.7325738072395325 165 154 152 3.73 46 283 47 287 48 293 49 299 50 296 51 289 52 277 53 253 57 233 58 212 59 190 60 182 62 221 63 225 64 221 65 222 66 262 67 284 68 276 69 220 70 213 71 178 72 146 
377 0.17482402920722961 -0.12152769416570663 0.6834720373153687 162 155 149 3.66 46 284 47 288 48 294 49 300 50 297 51 290 52 278 53 254 54 227 57 234 58 213 59 191 60 183 62 222 63 226 64 222 65 223 66 263 67 285 68 277 69 221 70 214 71 179 72 147 
378 0.6742070317268372 0.21122540533542633 0.9289172887802124 9 13 10 9.69 49 301 50 298 52 279 59 192 61 135 63 227 64 223 65 224 66 264 67 286 68 278 69 222 70 215 71 180 
