# 3D point list with one line of data per point:
#   POINT3D_ID, X, Y, Z, R, G, B, ERROR, TRACK[] as (IMAGE_ID, POINT2D_IDX)
# Number of points: 538, mean track length: 16.64
0 -0.1476956307888031 -0.14950866997241974 0.6772324442863464 164 171 180 3.46 18 0 19 0 20 0 21 0 22 0 23 0 24 0 26 0 38 0 39 0 40 0 
1 -0.14637209475040436 0.11923791468143463 0.6093056797981262 9 8 9 2.2 18 1 19 1 20 1 21 1 22 1 23 1 24 1 26 1 38 1 39 1 40 1 
2 -0.03114554099738598 0.08543509989976883 0.7045668959617615 101 107 111 2.78 18 2 19 2 20 2 21 2 22 2 23 2 24 2 26 2 36 0 37 0 38 2 40 2 42 0 
3 -0.1911420375108719 0.03174399212002754 0.5769180059432983 119 116 110 3.77 18 3 19 3 20 3 21 3 22 3 23 3 24 3 26 3 36 1 38 3 39 2 40 3 
4 -0.04921722784638405 0.01316713634878397 0.685484766960144 139 136 130 2.64 18 4 19 4 20 4 21 4 22 4 23 4 24 4 26 4 36 2 38 4 39 3 42 1 43 0 
5 -0.2936893105506897 -0.24756568670272827 0.6408847570419312 101 91 82 2.04 18 5 19 5 20 5 21 5 22 5 23 5 24 5 26 5 38 5 
6 -0.080341637134552 -0.037399280816316605 0.6767219305038452 109 99 92 3.63 18 6 19 6 20 6 21 6 22 6 23 6 24 6 26 6 36 3 38 6 39 4 42 2 43 1 
7 0.14797021448612213 0.20617695152759552 0.49187934398651123 30 24 24 3.76 18 7 19 7 20 7 21 7 22 7 23 7 24 7 26 7 36 4 40 4 43 2 
8 0.15138326585292816 -0.22406476736068726 0.6768726706504822 160 174 182 1.74 18 8 19 8 20 8 21 8 22 8 23 8 24 8 26 8 38 7 39 5 40 5 42 3 43 3 
9 -0.41391849517822266 0.08714746683835983 0.7533933520317078 32 22 16 5.25 18 9 19 9 20 9 26 9 
10 -0.22483988106250763 -8.279638132080436e-05 0.5616387128829956 99 87 86 3.78 18 10 19 10 20 10 21 9 22 9 23 9 24 9 26 10 36 5 38 8 40 6 
11 -0.24754630029201508 -0.21566122770309448 0.6058879494667053 142 135 124 2.38 18 11 19 11 20 11 21 10 22 10 23 10 24 10 26 11 38 9 
12 -0.2369081825017929 0.21235428750514984 0.48750194907188416 74 59 50 3.94 18 12 19 12 20 12 21 11 
13 -0.10058043152093887 0.17545896768569946 0.38335803151130676 54 48 52 3.62 18 13 19 13 20 13 21 12 22 11 
14 0.21704570949077606 0.19596853852272034 0.5824838876724243 60 53 55 4.01 18 14 19 14 20 14 21 13 22 12 23 11 24 11 26 12 36 6 38 10 39 6 40 7 42 4 43 4 
15 -0.08352060616016388 -0.02973526529967785 0.672225832939148 121 113 106 3.84 18 15 19 15 20 15 21 14 22 13 23 12 24 12 26 13 36 7 38 11 39 7 42 5 43 5 
16 -0.24244187772274017 -0.038651756942272186 0.5593312382698059 52 52 55 3.09 18 16 19 16 20 16 21 15 22 14 23 13 24 13 26 14 36 8 38 12 
17 0.3860672414302826 -0.35150307416915894 0.8849747180938721 122 145 161 2.3 18 17 19 17 20 17 21 16 22 15 23 14 37 1 38 13 39 8 40 8 42 6 43 6 
18 -0.1372586190700531 0.015544865280389786 0.6292803883552551 12 7 7 3.15 18 18 19 18 20 18 21 17 22 16 23 15 24 14 26 15 38 14 39 9 40 9 43 7 
19 0.11580225825309753 -0.16970695555210114 0.6990276575088501 187 202 213 2.09 18 19 19 19 20 19 21 18 22 17 23 16 24 15 26 16 38 15 39 10 40 10 42 7 43 8 
20 -0.18523643910884857 0.153356671333313 0.5454123020172119 102 92 86 3.63 18 20 19 20 20 20 21 19 22 18 23 17 24 16 26 17 36 9 38 16 40 11 
21 0.03230925649404526 -0.23016612231731415 0.7797093987464905 13 10 12 7.82 18 21 19 21 20 21 21 20 22 19 23 18 4 0 5 0 6 0 7 0 8 0 9 0 10 0 11 0 12 0 13 0 14 0 15 0 16 0 17 0 48 0 
22 0.29173925518989563 0.1868365854024887 0.677505612373352 103 98 100 4.97 18 22 19 22 20 22 21 21 22 20 23 19 24 17 26 18 36 10 38 17 39 11 40 12 42 8 43 9 
23 -0.14101731777191162 0.06520053744316101 0.6228340864181519 171 184 197 3.11 18 23 19 23 20 23 21 22 22 21 23 20 24 18 26 19 38 18 39 12 43 10 
24 -0.1638304442167282 -0.12738516926765442 0.6593848466873169 168 186 200 3.55 18 24 19 24 20 24 21 23 22 22 23 21 24 19 26 20 38 19 39 13 40 13 
25 -0.08242978155612946 0.10327315330505371 0.6350768208503723 56 42 42 3.47 18 25 19 25 20 25 21 24 22 23 23 22 24 20 26 21 36 11 38 20 39 14 40 14 43 11 
26 0.05617779493331909 0.09018246084451675 0.7270758152008057 111 96 87 3.25 18 26 19 26 20 26 21 25 22 24 23 23 26 22 35 0 36 12 37 2 39 15 40 15 42 9 
27 0.29275014996528625 0.16085778176784515 0.6628466844558716 67 69 79 5.77 18 27 19 27 20 27 21 26 22 25 23 24 39 16 
28 -0.2624133229255676 -0.1667773425579071 0.5867554545402527 157 158 152 1.85 18 28 19 28 20 28 21 27 22 26 23 25 24 21 26 23 38 21 
29 -0.10966666042804718 -0.17885296046733856 0.6969815492630005 128 116 106 2.94 18 29 19 29 20 29 21 28 22 27 23 26 24 22 26 24 38 22 39 17 40 16 
30 0.3774891495704651 -0.3379306495189667 0.8877905011177063 61 58 54 2.38 18 30 19 30 20 30 21 29 22 28 23 27 37 3 38 23 39 18 40 17 42 10 43 12 
31 -0.263548344373703 -0.12934447824954987 0.5785695314407349 163 159 149 2.06 18 31 19 31 20 31 21 30 22 29 24 23 26 25 38 24 
32 0.046654995530843735 0.17796504497528076 0.44510483741760254 26 34 21 4.23 18 32 19 32 20 32 21 31 22 30 23 28 24 24 26 26 36 13 
33 0.37616637349128723 -0.34162601828575134 0.8846776485443115 68 70 72 2.28 18 33 19 33 20 33 21 32 22 31 23 29 37 4 38 25 39 19 40 18 42 11 43 13 
34 -0.19209110736846924 -0.2045605182647705 0.6503224968910217 14 11 12 3.27 18 34 19 34 20 34 21 33 22 32 23 30 24 25 26 27 39 20 40 19 
35 -3.7481626350199804e-05 0.17758111655712128 0.6377082467079163 41 36 38 3.91 18 35 19 35 20 35 24 26 26 28 36 14 38 26 39 21 40 20 
36 0.0752498209476471 0.12361322343349457 0.46218419075012207 24 32 15 4.61 18 36 19 36 20 36 21 34 22 33 23 31 24 27 26 29 36 15 40 21 43 14 
37 0.13932761549949646 -0.1540696620941162 0.6728510856628418 79 71 69 1.86 18 37 19 37 20 37 21 35 22 34 23 32 24 28 26 30 38 27 39 22 40 22 42 12 43 15 
38 0.2126685529947281 0.21248285472393036 0.5665499567985535 100 91 93 4.8 18 38 19 38 20 38 21 36 22 35 23 33 24 29 36 16 38 28 39 23 40 23 42 13 43 16 
39 -0.2006288766860962 -0.006494301371276379 0.5813453793525696 126 118 111 4.03 18 39 19 39 20 39 21 37 22 36 23 34 24 30 26 31 36 17 38 29 39 24 40 24 
40 0.5601921081542969 -0.21020565927028656 0.9897878766059875 69 73 75 7.0 18 40 19 40 20 40 21 38 22 37 23 35 24 31 35 1 37 5 38 30 39 25 40 25 42 14 43 17 
41 -0.13967525959014893 0.08669661730527878 0.6168937087059021 166 179 191 2.72 18 41 19 41 20 41 21 39 22 38 23 36 24 32 26 32 38 31 39 26 40 26 43 18 
42 0.1390567123889923 0.16672435402870178 0.47984620928764343 56 54 54 3.81 18 42 19 42 20 42 21 40 22 39 23 37 24 33 26 33 36 18 40 27 
43 0.44403785467147827 0.18575666844844818 0.7924026846885681 56 57 64 3.97 18 43 19 43 20 43 21 41 22 40 23 38 24 34 26 34 35 2 36 19 37 6 38 32 39 27 40 28 42 15 43 19 
44 0.4705048203468323 0.08567266166210175 0.8395978808403015 109 115 125 2.5 18 44 19 44 20 44 21 42 22 41 23 39 24 35 26 35 35 3 36 20 37 7 38 33 39 28 40 29 42 16 43 20 
45 0.18439486622810364 0.03957155719399452 0.6242905855178833 86 84 86 2.25 18 45 19 45 20 45 21 43 22 42 23 40 24 36 26 36 36 21 38 34 39 29 40 30 42 17 43 21 
46 -0.1944444477558136 -0.06981303542852402 0.6019728183746338 42 36 34 4.15 18 46 19 46 20 46 21 44 22 43 23 41 24 37 26 37 36 22 38 35 39 30 40 31 
47 0.15080904960632324 -0.24859601259231567 0.6827166676521301 100 95 94 5.0 18 47 19 47 20 47 21 45 22 44 23 42 24 38 26 38 36 23 38 36 39 31 40 32 42 18 43 22 3 0 4 1 5 1 6 1 7 1 8 1 9 1 10 1 11 1 12 1 13 1 14 1 15 1 16 1 17 1 41 0 46 0 47 0 48 1 49 0 
48 -0.0692734643816948 0.17955997586250305 0.4044930934906006 56 50 53 4.13 18 48 19 48 20 48 21 46 22 45 24 39 36 24 
49 -0.43084266781806946 -0.008911725133657455 0.7962220311164856 51 35 27 2.94 18 49 19 49 20 49 
50 -0.10832545906305313 0.14806315302848816 0.6034862995147705 120 114 109 2.59 18 50 19 50 20 50 21 47 22 46 23 43 24 40 26 39 38 37 39 32 40 33 
51 0.15677210688591003 0.13844028115272522 0.8231697082519531 50 34 35 2.22 18 51 19 51 21 48 22 47 23 44 24 41 26 40 35 4 36 25 37 8 38 38 39 33 42 19 43 23 
52 -0.04931068792939186 0.1652078777551651 0.42495718598365784 37 34 34 4.23 18 52 19 52 20 51 21 49 22 48 23 45 24 42 26 41 
53 -0.20536552369594574 -0.06901711970567703 0.5950928330421448 143 136 126 4.47 18 53 19 53 20 52 21 50 22 49 23 46 24 43 26 42 38 39 39 34 40 34 
54 0.4830891788005829 -0.13322985172271729 0.9113690853118896 105 126 141 2.43 18 54 19 54 20 53 21 51 22 50 23 47 24 44 26 43 35 5 36 26 37 9 38 40 39 35 40 35 42 20 43 24 
55 0.04016244783997536 0.17205800116062164 0.6933922171592712 29 31 37 3.88 18 55 19 55 21 52 22 51 23 48 24 45 36 27 37 10 38 41 40 36 42 21 
56 0.35488781332969666 0.23220618069171906 0.5688855648040771 45 36 37 4.45 18 56 19 56 20 54 21 53 22 52 23 49 24 46 26 44 36 28 38 42 39 36 40 37 6 2 9 2 12 2 17 2 41 1 
57 -0.1417073756456375 0.15259520709514618 0.5766098499298096 37 30 25 2.93 18 57 19 57 20 55 21 54 22 53 23 50 24 47 39 37 40 38 
58 0.26238882541656494 0.21701252460479736 0.528118371963501 22 23 28 2.3 18 58 19 58 20 56 21 55 22 54 23 51 
59 -0.2372080385684967 -0.2319706678390503 0.6181835532188416 82 81 83 3.28 18 59 19 59 20 57 21 56 22 55 23 52 24 48 26 45 38 43 40 39 
60 -0.19519846141338348 -0.15787188708782196 0.6427999138832092 192 183 159 3.3 18 60 19 60 20 58 21 57 22 56 23 53 24 49 26 46 39 38 40 40 
61 0.026830388233065605 0.17556366324424744 0.4055376350879669 69 88 38 3.2 18 61 19 61 20 59 21 58 22 57 23 54 24 50 26 47 36 29 
62 -0.23734411597251892 0.13539397716522217 0.5116745233535767 105 91 84 3.05 18 62 19 62 20 60 21 59 22 58 24 51 26 48 36 30 38 44 39 39 
63 -0.00211979984305799 -0.06138792261481285 0.7666837573051453 43 46 48 2.51 18 63 19 63 20 61 21 60 22 59 23 55 24 52 35 6 36 31 37 11 38 45 39 40 40 41 42 22 
64 -0.20134659111499786 0.1909787952899933 0.5208548903465271 66 52 46 5.26 18 64 19 64 20 62 21 61 22 60 23 56 24 53 26 49 
65 -0.21708449721336365 -0.007939592003822327 0.56977379322052 126 111 103 3.47 18 65 19 65 20 63 21 62 22 61 23 57 24 54 26 50 36 32 38 46 40 42 
66 -0.09498648345470428 -0.021968182176351547 0.6615956425666809 135 124 113 2.95 18 66 19 66 20 64 21 63 22 62 23 58 24 55 26 51 38 47 39 41 43 25 
67 -0.06434545665979385 0.16489408910274506 0.6295939087867737 120 113 102 2.75 18 67 19 67 20 65 21 64 22 63 24 56 26 52 36 33 38 48 39 42 
68 0.6162177324295044 0.19335606694221497 0.9224246740341187 155 163 168 4.1 18 68 19 68 20 66 21 65 22 64 23 59 24 57 26 53 35 7 38 49 39 43 40 43 42 23 43 26 
69 -0.21142759919166565 0.13631466031074524 0.5317612290382385 111 90 83 4.36 18 69 19 69 20 67 21 66 22 65 23 60 24 58 26 54 36 34 38 50 40 44 
70 0.00794250424951315 0.11540088057518005 0.721802294254303 110 110 116 2.17 18 70 19 70 20 68 21 67 22 66 23 61 24 59 36 35 37 12 38 51 39 44 40 45 42 24 
71 0.43305936455726624 -0.32383713126182556 0.9172465205192566 131 153 166 3.21 18 71 19 71 20 69 21 68 22 67 23 62 37 13 38 52 39 45 40 46 42 25 43 27 
72 -0.20589835941791534 -0.12654054164886475 0.6113290190696716 72 78 83 3.94 18 72 19 72 20 70 21 69 22 68 23 63 24 60 26 55 38 53 39 46 40 47 
73 -0.25650542974472046 0.08294045925140381 0.5190178155899048 120 116 109 2.1 18 73 19 73 20 71 21 70 22 69 24 61 26 56 36 36 38 54 39 47 
74 -0.2296372652053833 -0.13118265569210052 0.5941492915153503 152 145 135 3.59 18 74 19 74 20 72 21 71 22 70 23 64 24 62 26 57 38 55 40 48 
75 0.6413415670394897 -0.0345478355884552 1.2569879293441772 116 108 99 2.22 19 75 20 73 21 72 23 65 24 63 35 8 36 37 37 14 38 56 39 48 40 49 42 26 43 28 
76 0.5278784036636353 -0.010617264546453953 1.1635545492172241 115 122 134 1.89 18 75 19 76 21 73 22 71 23 66 24 64 26 58 35 9 36 38 37 15 38 57 39 49 40 50 42 27 43 29 
77 0.5317987203598022 0.22684508562088013 1.1039904356002808 140 152 164 3.97 18 76 19 77 21 74 22 72 23 67 24 65 26 59 35 10 36 39 37 16 38 58 39 50 40 51 42 28 43 30 5 2 6 3 7 2 8 2 9 3 10 2 11 2 12 3 15 2 17 3 46 1 47 1 48 2 49 1 
78 0.6736313104629517 0.0563310831785202 1.2826248407363892 214 230 229 2.01 19 78 20 74 22 73 23 68 24 66 35 11 36 40 37 17 38 59 39 51 40 52 42 29 43 31 
79 0.6316019892692566 0.25256863236427307 0.8928606510162354 92 106 103 5.51 18 77 19 79 20 75 21 75 22 74 23 69 24 67 26 60 35 12 36 41 37 18 38 60 39 52 40 53 42 30 43 32 
80 0.5416741371154785 0.04049165919423103 1.173579454421997 122 137 153 2.11 18 78 19 80 20 76 21 76 22 75 23 70 24 68 26 61 35 13 36 42 37 19 38 61 39 53 40 54 42 31 43 33 
81 0.7022626996040344 0.27987173199653625 1.2389373779296875 124 133 146 3.27 19 81 20 77 22 76 23 71 35 14 37 20 38 62 39 54 40 55 42 32 43 34 
82 0.5341275334358215 0.2522774040699005 1.0995253324508667 119 135 151 2.25 18 79 19 82 21 77 22 77 23 72 24 69 26 62 35 15 36 43 37 21 38 63 39 55 40 56 42 33 43 35 
83 0.6496677994728088 0.20599660277366638 1.188248872756958 92 84 84 3.07 19 83 20 78 21 78 23 73 24 70 35 16 36 44 37 22 38 64 39 56 40 57 42 34 43 36 
84 0.6052625179290771 0.19505460560321808 1.1563048362731934 108 101 100 2.69 18 80 20 79 21 79 22 78 26 63 35 17 36 45 37 23 38 65 39 57 40 58 42 35 43 37 
85 0.8017757534980774 -0.08349807560443878 1.3900643587112427 106 122 131 3.23 20 80 21 80 22 79 23 74 35 18 37 24 38 66 39 58 40 59 42 36 43 38 
86 0.7884149551391602 0.0873967632651329 1.3473272323608398 79 65 64 4.48 18 81 19 84 20 81 21 81 22 80 23 75 35 19 37 25 38 67 39 59 40 60 42 37 43 39 
87 0.48932987451553345 0.11283457279205322 1.0654387474060059 77 69 63 2.77 18 82 19 85 20 82 22 81 23 76 24 71 26 64 36 46 37 26 38 68 39 60 40 61 42 38 43 40 
88 0.7780411243438721 0.2619047164916992 1.2830511331558228 56 60 60 4.01 20 83 21 82 22 82 23 77 35 20 37 27 38 69 39 61 40 62 42 39 43 41 
89 0.6979203820228577 -0.0859026163816452 1.3189347982406616 65 50 44 3.29 18 83 19 86 21 83 22 83 23 78 24 72 35 21 36 47 37 28 38 70 39 62 40 63 42 40 43 42 
90 0.7807154059410095 0.1729101687669754 1.3146108388900757 125 113 108 4.37 18 84 20 84 21 84 22 84 23 79 35 22 37 29 38 71 39 63 40 64 42 41 43 43 
91 0.10545269399881363 0.08125429600477219 0.8016029000282288 50 49 50 3.56 18 85 19 87 20 85 21 85 22 85 23 80 24 73 26 65 36 48 37 30 38 72 39 64 40 65 42 42 43 44 
92 0.7880631685256958 0.18200711905956268 1.318110466003418 117 104 97 4.56 18 86 20 86 21 86 22 86 23 81 35 23 37 31 38 73 39 65 40 66 42 43 43 45 
93 0.4628860354423523 0.07770495116710663 0.8658037185668945 100 99 104 1.98 18 87 19 88 20 87 21 87 22 87 23 82 24 74 26 66 35 24 36 49 37 32 38 74 39 66 40 67 42 44 43 46 
94 0.7671501040458679 0.301749587059021 1.2629202604293823 109 102 97 3.56 21 88 22 88 23 83 35 25 37 33 38 75 39 67 40 68 42 45 43 47 
95 0.6987647414207458 0.29886385798454285 0.8946491479873657 14 14 16 5.29 19 89 20 88 21 89 22 89 23 84 35 26 36 50 38 76 39 68 40 69 42 46 43 48 
96 0.8083720803260803 0.3169957995414734 1.0432274341583252 53 52 34 1.81 35 27 38 77 39 69 40 70 42 47 43 49 
97 0.4610029458999634 -0.09234040230512619 0.9090791344642639 64 63 62 1.58 18 88 19 90 20 89 21 90 22 90 23 85 24 75 26 67 35 28 36 51 37 34 38 78 39 70 40 71 42 48 43 50 
98 0.7225062251091003 0.07513562589883804 1.2988054752349854 146 138 141 3.26 18 89 19 91 21 91 22 91 23 86 35 29 37 35 38 79 39 71 40 72 42 49 43 51 
99 0.6125233173370361 0.2735014855861664 1.1375188827514648 109 99 92 2.49 20 90 21 92 26 68 35 30 36 52 37 36 38 80 39 72 40 73 42 50 43 52 
100 0.6465273499488831 -0.19017788767814636 1.0331131219863892 59 81 108 3.98 18 90 19 92 20 91 21 93 22 92 23 87 24 76 35 31 37 37 38 81 39 73 40 74 42 51 43 53 
101 0.7193877696990967 0.26972389221191406 1.1003354787826538 55 48 48 4.22 21 94 22 93 23 88 35 32 36 53 37 38 38 82 39 74 40 75 42 52 43 54 
102 0.675067663192749 0.19816258549690247 1.2198963165283203 43 33 36 2.86 19 93 20 92 22 94 23 89 35 33 36 54 37 39 38 83 39 75 40 76 42 53 43 55 
103 0.32443052530288696 0.18580995500087738 0.6853354573249817 147 154 152 3.14 18 91 19 94 20 93 21 95 22 95 23 90 24 77 26 69 35 34 36 55 37 40 38 84 39 76 40 77 42 54 43 56 
104 0.6195966005325317 -0.19171224534511566 1.0172224044799805 145 165 175 2.96 18 92 19 95 20 94 21 96 22 96 23 91 24 78 35 35 37 41 38 85 39 77 40 78 42 55 43 57 
105 0.667579174041748 0.015330015681684017 1.2710813283920288 57 57 68 2.5 19 96 20 95 22 97 23 92 24 79 35 36 36 56 37 42 38 86 39 78 40 79 42 56 43 58 
106 0.1640528440475464 0.04397042840719223 0.8423008322715759 74 51 41 1.95 18 93 20 96 21 97 22 98 23 93 24 80 26 70 35 37 36 57 37 43 38 87 39 79 42 57 43 59 
107 0.5468839406967163 0.2542980909347534 1.1149078607559204 117 132 148 2.72 18 94 19 97 21 98 22 99 23 94 24 81 26 71 35 38 36 58 37 44 38 88 39 80 40 80 42 58 43 60 
108 0.483110249042511 0.22499406337738037 0.783331036567688 175 172 168 6.87 18 95 19 98 20 97 21 99 22 100 23 95 24 82 26 72 35 39 36 59 37 45 38 89 39 81 40 81 42 59 43 61 
109 0.5915444493293762 0.2791319191455841 0.780610203742981 44 37 34 2.76 19 99 20 98 21 100 22 101 23 96 24 83 26 73 35 40 36 60 38 90 39 82 40 82 42 60 43 62 
110 0.7658720016479492 0.24706776440143585 1.2737160921096802 125 112 103 4.61 18 96 20 99 21 101 22 102 23 97 35 41 37 46 38 91 39 83 40 83 42 61 43 63 
111 0.6090236306190491 0.2202385514974594 0.9461030960083008 44 32 32 2.16 18 97 19 100 20 100 21 102 22 103 23 98 24 84 26 74 35 42 36 61 37 47 38 92 39 84 40 84 42 62 43 64 
112 0.6149085760116577 -0.14586180448532104 1.0225423574447632 141 151 159 2.88 18 98 19 101 20 101 21 103 22 104 23 99 24 85 35 43 36 62 37 48 38 93 39 85 40 85 42 63 43 65 
113 0.7237988710403442 0.21189379692077637 1.2689008712768555 95 83 86 2.99 18 99 19 102 21 104 22 105 23 100 35 44 37 49 38 94 39 86 40 86 42 64 43 66 
114 0.5658986568450928 0.21047139167785645 1.1401164531707764 109 115 128 2.52 18 100 19 103 20 102 21 105 22 106 23 101 24 86 35 45 36 63 37 50 38 95 39 87 40 87 42 65 43 67 
115 0.8512789011001587 0.31373274326324463 1.134006142616272 79 72 80 2.16 35 46 37 51 38 96 39 88 40 88 42 66 43 68 
116 0.5647330284118652 0.2559230625629425 1.1285922527313232 99 113 127 2.57 18 101 19 104 20 103 21 106 22 107 23 102 24 87 35 47 36 64 37 52 38 97 39 89 40 89 42 67 43 69 
117 0.11584774404764175 0.10836446285247803 0.8087638020515442 70 68 68 3.1 18 102 19 105 20 104 22 108 23 103 24 88 26 75 35 48 36 65 37 53 38 98 39 90 40 90 42 68 43 70 
118 0.5917018055915833 0.21350833773612976 1.1462023258209229 63 57 57 2.19 18 103 20 105 21 107 22 109 23 104 26 76 35 49 36 66 37 54 38 99 39 91 40 91 42 69 43 71 
119 0.44910815358161926 0.14549076557159424 0.8075457215309143 121 115 110 4.36 18 104 19 106 20 106 21 108 22 110 23 105 24 89 26 77 35 50 36 67 37 55 38 100 39 92 40 92 42 70 43 72 5 3 7 3 8 3 9 4 10 3 11 3 12 4 13 2 14 2 15 3 16 2 17 4 41 2 46 2 47 2 48 3 49 2 
120 0.48514029383659363 -0.12394331395626068 0.9135918021202087 53 46 40 2.11 18 105 19 107 20 107 21 109 22 111 23 106 24 90 26 78 35 51 36 68 37 56 38 101 39 93 40 93 42 71 43 73 
121 0.3258887827396393 -0.11629088968038559 1.0214701890945435 29 18 14 1.63 18 106 19 108 21 110 22 112 23 107 24 91 26 79 35 52 36 69 37 57 38 102 39 94 40 94 42 72 43 74 
122 0.4615367352962494 -0.012967482209205627 0.8885669112205505 93 96 102 3.32 18 107 19 109 20 108 21 111 22 113 23 108 24 92 26 80 35 53 36 70 37 58 38 103 39 95 40 95 42 73 43 75 4 2 5 4 7 4 8 4 9 5 10 4 11 4 12 5 13 3 14 3 15 4 16 3 17 5 41 3 46 3 47 3 48 4 49 3 
123 0.46498966217041016 0.15537971258163452 0.845740795135498 95 99 102 2.7 18 108 19 110 20 109 21 112 22 114 23 109 24 93 26 81 35 54 36 71 37 59 38 104 39 96 40 96 42 74 43 76 
124 0.8070114254951477 0.31379279494285583 0.9689194560050964 42 51 30 2.93 35 55 36 72 38 105 39 97 40 97 
125 0.6005207896232605 0.23883619904518127 0.8906113505363464 116 112 109 6.49 18 109 19 111 20 110 21 113 22 115 23 110 24 94 26 82 35 56 36 73 37 60 38 106 39 98 40 98 42 75 43 77 10 5 11 5 12 6 13 4 41 4 
126 0.3239276707172394 0.220053032040596 0.9151583313941956 98 92 88 2.81 18 110 19 112 20 111 22 116 23 111 24 95 26 83 35 57 36 74 37 61 38 107 39 99 40 99 43 78 
127 0.804078221321106 0.31281808018684387 0.997374415397644 32 42 21 1.4 35 58 38 108 39 100 40 100 42 76 
128 0.28606584668159485 -0.1670655608177185 0.7657212615013123 82 96 104 2.77 18 111 19 113 20 112 21 114 22 117 23 112 24 96 26 84 36 75 37 62 38 109 39 101 40 101 42 77 43 79 
129 0.16803693771362305 -0.0827714279294014 0.684215247631073 81 80 78 2.31 18 112 19 114 20 113 21 115 22 118 23 113 24 97 26 85 36 76 38 110 39 102 40 102 42 78 43 80 
130 0.6979389190673828 0.2913154065608978 1.1703100204467773 53 34 32 2.8 22 119 23 114 35 59 36 77 37 63 38 111 39 103 40 103 42 79 43 81 
131 0.33032864332199097 0.022330500185489655 0.9760483503341675 30 26 24 2.05 18 113 19 115 21 116 22 120 23 115 24 98 26 86 35 60 36 78 37 64 38 112 39 104 40 104 43 82 
132 0.7484973073005676 0.29938825964927673 1.0207270383834839 25 22 23 3.66 20 114 35 61 36 79 38 113 39 105 40 105 42 80 43 83 
133 0.3121359050273895 0.004522151779383421 0.9674925804138184 42 31 24 2.82 18 114 19 116 20 115 22 121 23 116 24 99 26 87 36 80 37 65 38 114 39 106 40 106 43 84 
134 0.7581652998924255 -0.07821213454008102 1.3627707958221436 81 84 88 3.67 18 115 20 116 21 117 22 122 23 117 35 62 37 66 38 115 39 107 40 107 42 81 43 85 
135 0.778181791305542 0.16346071660518646 1.3148998022079468 116 108 105 4.29 18 116 20 117 21 118 22 123 23 118 35 63 37 67 38 116 39 108 40 108 42 82 43 86 
136 0.7120848298072815 -0.02289234846830368 1.329142451286316 157 171 184 2.65 19 117 21 119 22 124 23 119 35 64 36 81 37 68 38 117 39 109 40 109 42 83 43 87 
137 0.47683194279670715 0.16793161630630493 0.8128008246421814 123 127 135 3.14 18 117 19 118 20 118 21 120 22 125 23 120 24 100 26 88 35 65 36 82 37 69 38 118 39 110 40 110 42 84 43 88 
138 0.29424452781677246 -0.052211858332157135 0.9850637316703796 36 26 20 1.32 18 118 19 119 20 119 22 126 23 121 24 101 26 89 36 83 37 70 38 119 39 111 40 111 43 89 
139 0.8464866876602173 0.31540319323539734 1.106167197227478 66 63 70 3.28 35 66 37 71 38 120 39 112 40 112 42 85 43 90 
140 0.2753559350967407 -0.029330560937523842 0.9722866415977478 31 28 24 2.7 18 119 19 120 20 120 21 121 23 122 24 102 26 90 36 84 37 72 38 121 39 113 40 113 43 91 
141 0.6248090863227844 -0.06847811490297318 1.253551721572876 112 101 91 2.13 19 121 20 121 21 122 23 123 24 103 26 91 35 67 36 85 37 73 38 122 39 114 40 114 42 86 43 92 
142 0.6335447430610657 -0.17974962294101715 1.0264133214950562 122 133 140 3.18 18 120 19 122 20 122 21 123 22 127 23 124 24 104 35 68 37 74 38 123 39 115 40 115 42 87 43 93 
143 0.5409405827522278 0.18491235375404358 1.13639497756958 90 103 114 1.99 18 121 19 123 21 124 22 128 23 125 24 105 26 92 35 69 36 86 37 75 38 124 39 116 40 116 42 88 43 94 
144 0.3194511830806732 -0.0904875174164772 0.7751114964485168 124 128 133 4.85 18 122 19 124 20 123 21 125 22 129 23 126 24 106 26 93 35 70 36 87 37 76 38 125 39 117 40 117 42 89 43 95 5 5 6 4 7 5 8 5 9 6 10 6 11 6 12 7 13 5 14 4 15 5 16 4 17 6 41 5 46 4 47 4 48 5 49 4 
145 0.7185301184654236 0.11268209666013718 1.278467059135437 124 115 109 3.59 18 123 19 125 21 126 22 130 23 127 35 71 37 77 38 126 39 118 40 118 42 90 43 96 
146 0.7490310072898865 0.2813546657562256 1.1342413425445557 40 36 37 4.5 35 72 37 78 38 127 39 119 40 119 
147 0.8048126101493835 -0.09143751114606857 1.3765453100204468 29 24 27 3.6 20 124 21 127 22 131 23 128 35 73 37 79 38 128 39 120 40 120 42 91 43 97 
148 0.6443675756454468 0.2823115587234497 0.8764933943748474 81 84 85 3.75 19 126 20 125 21 128 22 132 23 129 35 74 36 88 38 129 39 121 40 121 42 92 43 98 
149 0.742283046245575 0.0005657985457219183 1.332877278327942 143 138 135 3.98 18 124 19 127 20 126 21 129 22 133 23 130 35 75 37 80 38 130 39 122 40 122 42 93 43 99 
150 0.7957784533500671 0.29588404297828674 1.2906945943832397 100 82 77 5.33 21 130 22 134 23 131 35 76 37 81 38 131 39 123 40 123 42 94 43 100 
151 0.8235031962394714 0.3191068172454834 1.0420093536376953 52 51 43 2.24 35 77 38 132 39 124 40 124 42 95 43 101 
152 0.7481206059455872 0.19848047196865082 1.2771698236465454 120 114 114 4.27 18 125 19 128 20 127 21 131 22 135 23 132 35 78 37 82 38 133 39 125 40 125 42 96 43 102 
153 0.8707420229911804 0.32837748527526855 1.0713781118392944 46 55 31 2.39 35 79 38 134 39 126 40 126 
154 0.1928790807723999 -0.17786775529384613 0.6939350962638855 136 137 136 1.86 18 126 19 129 20 128 21 132 22 136 23 133 24 107 26 94 38 135 39 127 40 127 42 97 43 103 
155 0.7303629517555237 0.25515902042388916 0.9042431116104126 23 26 21 4.14 19 130 35 80 36 89 37 83 38 136 39 128 40 128 42 98 43 104 
156 0.7684109210968018 -0.054082684218883514 1.370553970336914 105 99 100 3.43 18 127 20 129 21 133 22 137 23 134 35 81 37 84 38 137 39 129 40 129 42 99 43 105 
157 0.3349134027957916 -0.15636977553367615 0.7973456382751465 150 152 150 4.32 18 128 19 131 20 130 21 134 22 138 23 135 24 108 26 95 36 90 37 85 38 138 39 130 40 130 42 100 43 106 6 5 7 6 8 6 9 7 10 7 11 7 12 8 13 6 14 5 15 6 16 5 17 7 41 6 46 5 47 5 48 6 49 5 
158 0.7846107482910156 0.2974524199962616 1.2780870199203491 107 94 90 5.82 21 135 22 139 23 136 35 82 37 86 38 139 39 131 40 131 42 101 43 107 47 6 48 7 49 6 
159 0.5770509839057922 -0.024144215509295464 1.2115378379821777 128 140 150 3.43 18 129 20 131 21 136 22 140 23 137 26 96 35 83 36 91 37 87 38 140 39 132 40 132 42 102 43 108 5 6 6 6 7 7 8 7 9 8 10 8 11 8 12 9 15 7 17 8 41 7 46 6 47 7 48 8 49 7 
160 -0.029656492173671722 -0.18523749709129333 0.7494927644729614 106 71 59 5.86 18 130 19 132 20 132 21 137 22 141 23 138 24 109 26 97 36 92 37 88 38 141 39 133 40 133 42 103 43 109 
161 0.7773773670196533 -0.0049957288429141045 1.366797685623169 154 144 138 3.42 18 131 20 133 21 138 22 142 23 139 35 84 37 89 38 142 39 134 40 134 42 104 43 110 
162 -0.046850066632032394 -0.10722292959690094 0.7395594716072083 57 46 44 2.16 18 132 19 133 20 134 21 139 22 143 23 140 24 110 26 98 36 93 37 90 38 143 39 135 42 105 43 111 
163 0.5520237684249878 -0.07841043174266815 1.2129865884780884 36 28 26 3.37 18 133 19 134 20 135 21 140 22 144 23 141 24 111 35 85 36 94 37 91 38 144 39 136 40 135 42 106 43 112 5 7 6 7 7 8 8 8 9 9 10 9 11 9 16 6 15 8 
164 0.6179477572441101 -0.10176573693752289 1.0200707912445068 175 195 205 1.55 18 134 19 135 20 136 21 141 22 145 23 142 24 112 26 99 35 86 36 95 37 92 38 145 39 137 40 136 42 107 43 113 
165 0.11154749989509583 -0.1060151755809784 0.8695175051689148 42 37 30 2.96 18 135 19 136 20 137 22 146 23 143 24 113 26 100 35 87 36 96 37 93 38 146 39 138 40 137 42 108 43 114 5 8 6 8 7 9 8 9 9 10 10 10 11 10 12 10 13 7 14 6 15 9 16 7 17 9 46 7 47 8 48 9 49 8 
166 0.5192208290100098 -0.12088488042354584 1.1666852235794067 25 25 25 3.63 18 136 19 137 21 142 22 147 23 144 24 114 35 88 36 97 37 94 38 147 39 139 40 138 42 109 43 115 6 9 7 10 8 10 9 11 10 11 11 11 41 8 46 8 47 9 48 10 49 9 
167 0.5038293600082397 0.2553935647010803 0.6750513315200806 66 57 49 4.07 19 138 20 138 21 143 22 148 23 145 24 115 26 101 35 89 36 98 38 148 39 140 40 139 42 110 43 116 
168 0.16914740204811096 -0.01341076660901308 0.863895833492279 41 31 23 2.04 18 137 19 139 20 139 21 144 22 149 23 146 24 116 26 102 35 90 36 99 37 95 38 149 39 141 42 111 43 117 
169 0.5070858001708984 0.0780210793018341 1.0969862937927246 86 72 69 1.84 18 138 19 140 20 140 21 145 22 150 23 147 24 117 26 103 35 91 36 100 37 96 38 150 39 142 40 140 42 112 43 118 
170 0.6029068231582642 -0.019105542451143265 0.9778979420661926 168 177 183 2.22 18 139 19 141 20 141 21 146 22 151 23 148 24 118 26 104 35 92 36 101 37 97 38 151 39 143 40 141 42 113 43 119 
171 0.5522599220275879 -0.03050915151834488 1.2055999040603638 137 154 168 2.43 18 140 19 142 20 142 21 147 22 152 23 149 24 119 35 93 36 102 37 98 38 152 39 144 40 142 42 114 43 120 
172 0.5598673820495605 0.2482530176639557 0.728542685508728 22 23 29 3.51 19 143 20 143 21 148 22 153 23 150 24 120 26 105 35 94 36 103 38 153 39 145 40 143 42 115 43 121 
173 0.2884351313114166 -0.1380261480808258 0.756801426410675 95 87 82 2.01 18 141 19 144 20 144 21 149 22 154 23 151 24 121 26 106 35 95 36 104 37 99 38 154 39 146 40 144 42 116 43 122 
174 0.5847349166870117 0.18630705773830414 1.1567343473434448 38 31 31 1.94 18 142 20 145 21 150 22 155 23 152 26 107 35 96 36 105 37 100 38 155 39 147 40 145 42 117 43 123 
175 0.6817737221717834 0.22952312231063843 1.238397479057312 147 160 176 3.41 19 145 20 146 22 156 23 153 35 97 36 106 37 101 38 156 39 148 40 146 42 118 43 124 
176 0.5473326444625854 0.0791364312171936 1.1500768661499023 98 94 93 2.12 18 143 19 146 20 147 21 151 22 157 23 154 24 122 35 98 36 107 37 102 38 157 39 149 40 147 42 119 43 125 
177 0.4372681677341461 -0.11317591369152069 0.8706194162368774 110 123 130 2.31 18 144 19 147 20 148 21 152 22 158 23 155 24 123 26 108 35 99 36 108 37 103 38 158 39 150 40 148 42 120 43 126 
178 0.4643634259700775 -0.12288026511669159 0.8924179673194885 139 148 152 1.54 18 145 19 148 20 149 21 153 22 159 23 156 24 124 26 109 35 100 36 109 37 104 38 159 39 151 40 149 42 121 43 127 
179 0.5804773569107056 -0.021813010796904564 0.9740256667137146 171 174 167 1.87 18 146 19 149 20 150 21 154 22 160 23 157 24 125 26 110 35 101 36 110 37 105 38 160 39 152 40 150 42 122 43 128 
180 -0.04091130942106247 0.05969537794589996 0.7137603163719177 108 114 113 2.17 18 147 19 150 20 151 21 155 22 161 23 158 24 126 26 111 36 111 37 106 38 161 40 151 42 123 43 129 5 9 6 10 7 11 8 11 9 12 10 12 11 12 12 11 13 8 14 7 15 10 16 8 17 10 41 9 48 11 49 10 
181 0.5995613932609558 -0.027558758854866028 1.0111709833145142 41 36 39 1.45 18 148 19 151 20 152 21 156 22 162 23 159 24 127 26 112 35 102 36 112 37 107 38 162 39 153 40 152 42 124 43 130 
182 0.12730656564235687 0.07287668436765671 0.8282974362373352 69 82 85 3.26 18 149 19 152 20 153 22 163 23 160 24 128 26 113 35 103 36 113 37 108 38 163 39 154 42 125 43 131 
183 0.35491541028022766 0.01996629498898983 1.003670573234558 73 59 47 2.15 18 150 19 153 20 154 21 157 22 164 23 161 24 129 26 114 35 104 36 114 37 109 38 164 39 155 42 126 43 132 
184 0.5681307315826416 0.03444761782884598 1.199078917503357 138 169 179 2.5 18 151 20 155 21 158 22 165 23 162 24 130 26 115 35 105 36 115 37 110 38 165 39 156 40 153 42 127 43 133 
185 0.4592800438404083 0.0256201159209013 0.8823122978210449 88 89 89 2.58 18 152 19 154 20 156 21 159 22 166 23 163 24 131 26 116 35 106 36 116 37 111 38 166 39 157 40 154 42 128 43 134 4 3 5 10 7 12 8 12 9 13 10 13 11 13 12 12 13 9 14 8 15 11 16 9 17 11 41 10 46 9 47 10 48 12 49 11 
186 0.514273464679718 0.11924545466899872 1.0941311120986938 65 61 61 2.02 18 153 19 155 21 160 22 167 23 164 24 132 26 117 35 107 36 117 37 112 38 167 39 158 40 155 42 129 43 135 
187 -0.04471411556005478 -0.04535827413201332 0.7120689153671265 76 65 56 3.19 18 154 19 156 20 157 21 161 22 168 23 165 24 133 26 118 36 118 37 113 38 168 39 159 42 130 43 136 5 11 6 11 7 13 8 13 9 14 10 14 11 14 12 13 13 10 14 9 15 12 16 10 17 12 48 13 49 12 
188 0.6018663048744202 0.048613764345645905 0.9921335577964783 86 78 77 1.99 18 155 19 157 20 158 21 162 22 169 23 166 24 134 26 119 35 108 36 119 37 114 38 169 39 160 40 156 42 131 43 137 
189 0.6088484525680542 -0.08339621126651764 1.0045088529586792 50 48 47 1.8 18 156 19 158 20 159 21 163 22 170 23 167 24 135 26 120 35 109 36 120 37 115 38 170 39 161 40 157 42 132 43 138 
190 0.39440715312957764 0.016500229015946388 1.0452630519866943 80 83 87 3.44 18 157 19 159 20 160 21 164 22 171 23 168 24 136 26 121 35 110 36 121 37 116 38 171 40 158 42 133 43 139 5 12 6 12 7 14 8 14 9 15 10 15 11 15 12 14 13 11 14 10 17 13 41 11 46 10 47 11 48 14 49 13 39 162 
191 0.6715690493583679 0.2893114387989044 0.8626168370246887 113 110 110 3.66 19 160 20 161 21 165 22 172 23 169 35 111 36 122 38 172 39 163 40 159 42 134 43 140 
192 0.6327565908432007 0.1151660606265068 1.2080800533294678 138 132 128 4.19 18 158 19 161 20 162 21 166 23 170 24 137 26 122 35 112 36 123 37 117 38 173 39 164 40 160 42 135 43 141 6 13 7 15 8 15 9 16 10 16 11 16 17 14 41 12 46 11 47 12 48 15 49 14 
193 0.4232153594493866 0.24072778224945068 0.6191936135292053 54 44 42 5.3 19 162 22 173 23 171 24 138 26 123 36 124 38 174 39 165 40 161 42 136 43 142 
194 -0.04380207136273384 0.08071478456258774 0.6928988695144653 62 56 56 2.62 18 159 19 163 20 163 21 167 22 174 23 172 24 139 26 124 36 125 37 118 38 175 42 137 43 143 
195 -0.04286619648337364 0.08129283040761948 0.7063928842544556 115 122 120 2.23 18 160 19 164 20 164 21 168 22 175 23 173 24 140 26 125 36 126 37 119 38 176 40 162 42 138 43 144 5 13 6 14 7 16 8 16 9 17 10 17 11 17 12 15 13 12 14 11 15 13 16 11 17 15 41 13 48 16 49 15 
196 0.5107338428497314 -0.06476448476314545 1.1383893489837646 56 52 54 2.33 18 161 19 165 21 169 22 176 23 174 24 141 26 126 35 113 36 127 37 120 38 177 39 166 40 163 42 139 43 145 
197 0.6184737682342529 0.25656193494796753 0.6767252683639526 83 63 60 4.27 22 177 36 128 40 164 
198 0.5555198192596436 0.1611892580986023 1.15780508518219 107 119 132 2.04 18 162 19 166 20 165 21 170 22 178 23 175 24 142 35 114 36 129 37 121 38 178 39 167 40 165 42 140 43 146 
199 0.6075265407562256 0.015597745776176453 1.217999815940857 115 114 110 3.04 18 163 20 166 21 171 22 179 24 143 26 127 35 115 36 130 37 122 38 179 39 168 40 166 42 141 43 147 
200 -0.03690493106842041 -0.1312638819217682 0.7640015482902527 131 142 144 2.52 18 164 19 167 20 167 21 172 22 180 23 176 24 144 26 128 36 131 37 123 38 180 40 167 42 142 5 14 6 15 7 17 8 17 9 18 10 18 11 18 12 16 13 13 14 12 15 14 16 12 17 16 41 14 47 13 48 17 49 16 
201 0.6227445006370544 0.26053309440612793 1.152859091758728 113 103 98 3.88 18 165 19 168 20 168 21 173 24 145 26 129 35 116 36 132 37 124 38 181 39 169 40 168 42 143 43 148 
202 0.4926443099975586 0.2391151636838913 0.8234177231788635 51 51 53 3.02 18 166 19 169 20 169 21 174 22 181 23 177 24 146 26 130 35 117 36 133 37 125 38 182 39 170 40 169 42 144 43 149 
203 0.5148296356201172 0.2554345428943634 0.8062125444412231 68 64 68 4.62 18 167 19 170 20 170 21 175 22 182 23 178 24 147 26 131 35 118 36 134 38 183 39 171 40 170 42 145 43 150 
204 0.12151588499546051 0.15545712411403656 0.8016042709350586 99 103 105 3.11 18 168 19 171 20 171 22 183 23 179 24 148 26 132 35 119 36 135 37 126 38 184 39 172 42 146 43 151 
205 0.4694722592830658 -0.10685859620571136 0.8943271040916443 57 55 55 2.08 18 169 19 172 20 172 21 176 22 184 23 180 24 149 26 133 35 120 36 136 37 127 38 185 39 173 40 171 42 147 43 152 
206 0.10477396100759506 -0.08217955380678177 0.8541082739830017 42 39 36 3.9 18 170 19 173 20 173 21 177 22 185 23 181 24 150 26 134 36 137 37 128 38 186 39 174 40 172 42 148 43 153 5 15 6 16 7 18 8 18 9 19 10 19 11 19 12 17 13 14 14 13 15 15 16 13 17 17 46 12 47 14 48 18 49 17 
207 0.5503771901130676 0.017429543659090996 1.1947283744812012 113 136 151 2.68 18 171 19 174 20 174 21 178 22 186 23 182 24 151 35 121 36 138 37 129 38 187 39 175 40 173 42 149 43 154 
208 0.47444215416908264 0.25892987847328186 0.6937389969825745 20 20 24 2.56 18 172 19 175 20 175 21 179 22 187 23 183 24 152 26 135 35 122 36 139 38 188 39 176 40 174 42 150 43 155 
209 0.4936072528362274 0.05936681479215622 1.0915677547454834 98 90 85 3.84 18 173 19 176 20 176 22 188 23 184 24 153 26 136 35 123 36 140 37 130 38 189 39 177 40 175 42 151 43 156 6 17 7 19 8 19 9 20 10 20 11 20 12 18 15 16 16 14 41 15 46 13 47 15 48 19 49 18 21 180 
210 0.610292375087738 -0.11299154162406921 1.0192269086837769 125 139 146 3.05 18 174 19 177 20 177 21 181 22 189 23 185 24 154 26 137 35 124 36 141 37 131 38 190 39 178 40 176 42 152 43 157 4 4 5 16 7 20 8 20 9 21 10 21 11 21 12 19 13 15 14 14 15 17 16 15 17 18 41 16 46 14 47 16 48 20 49 19 
211 0.6056899428367615 -0.08872242271900177 0.9984560608863831 98 108 118 2.39 18 175 19 178 20 178 21 182 22 190 23 186 24 155 26 138 35 125 36 142 37 132 38 191 39 179 40 177 42 153 43 158 
212 -0.04093369096517563 0.1317821443080902 0.6979067325592041 123 128 129 1.66 18 176 19 179 20 179 21 183 22 191 23 187 24 156 26 139 36 143 37 133 38 192 40 178 42 154 
213 0.5050331354141235 0.19274435937404633 1.0587540864944458 27 20 21 2.56 18 177 19 180 20 180 22 192 23 188 24 157 26 140 35 126 36 144 37 134 38 193 39 180 40 179 42 155 43 159 
214 0.4034368395805359 0.1590317040681839 1.0264486074447632 90 103 110 2.78 18 178 19 181 20 181 21 184 22 193 23 189 26 141 35 127 36 145 37 135 39 181 40 180 42 156 43 160 5 17 6 18 7 21 8 21 9 22 10 22 11 22 12 20 13 16 14 15 17 19 41 17 46 15 47 17 48 21 49 20 
215 0.5963839888572693 0.2677842080593109 0.8584955334663391 64 55 55 5.6 18 179 19 182 20 182 21 185 22 194 23 190 24 158 26 142 35 128 36 146 38 194 39 182 40 181 42 157 43 161 
216 0.5537495017051697 0.17158302664756775 1.1530029773712158 81 103 113 2.02 18 180 19 183 20 183 21 186 22 195 23 191 24 159 35 129 36 147 37 136 38 195 39 183 40 182 42 158 43 162 
217 0.5106738209724426 0.2336100935935974 1.051911473274231 97 85 78 2.56 18 181 19 184 20 184 21 187 22 196 23 192 24 160 26 143 35 130 36 148 37 137 38 196 39 184 40 183 42 159 43 163 
218 0.44574496150016785 -0.13469909131526947 0.8756144642829895 71 63 57 4.78 18 182 19 185 20 185 21 188 22 197 23 193 24 161 26 144 35 131 36 149 37 138 38 197 39 185 40 184 42 160 43 164 5 18 7 22 8 22 9 23 10 23 11 23 12 21 13 17 14 16 15 18 16 16 17 20 41 18 46 16 47 18 48 22 49 21 
219 0.5841046571731567 -0.11121515929698944 0.9838372468948364 70 62 59 3.72 18 183 19 186 20 186 21 189 22 198 23 194 24 162 26 145 35 132 36 150 37 139 38 198 39 186 40 185 42 161 43 165 5 19 7 23 8 23 9 24 10 24 11 24 12 22 13 18 14 17 15 19 16 17 17 21 41 19 46 17 47 19 48 23 49 22 
220 0.4825357496738434 0.21160748600959778 0.7971453070640564 68 76 85 3.82 18 184 19 187 20 187 21 190 22 199 23 195 24 163 26 146 35 133 36 151 37 140 38 199 39 187 40 186 42 162 43 166 
221 0.4739658236503601 0.2148391455411911 0.6905141472816467 40 36 38 5.03 19 188 22 200 26 147 35 134 36 152 38 200 39 188 40 187 42 163 43 167 
222 0.37268808484077454 0.11595532298088074 0.9890642762184143 102 89 69 1.82 18 185 20 188 21 191 22 201 23 196 24 164 35 135 36 153 37 141 38 201 39 189 42 164 43 168 
223 0.5037819147109985 0.2462550699710846 0.8132669925689697 46 47 51 5.57 18 186 19 189 20 189 21 192 22 202 23 197 24 165 26 148 35 136 36 154 38 202 39 190 40 188 42 165 43 169 11 25 12 23 13 19 14 18 16 18 17 22 41 20 
224 0.6619301438331604 0.11129312962293625 1.2359126806259155 140 131 121 2.92 19 190 20 190 22 203 23 198 24 166 35 137 36 155 37 142 38 203 39 191 40 189 42 166 43 170 
225 0.32442376017570496 -0.14316844940185547 0.7846766710281372 120 123 124 1.59 18 187 19 191 20 191 21 193 22 204 23 199 24 167 26 149 36 156 37 143 38 204 39 192 40 190 42 167 43 171 
226 0.5054477453231812 0.20929022133350372 1.0550976991653442 99 90 83 2.49 18 188 19 192 20 192 22 205 23 200 24 168 26 150 35 138 36 157 37 144 38 205 39 193 40 191 42 168 43 172 
227 0.6209856271743774 0.0857056975364685 1.2068148851394653 133 129 123 3.08 18 189 19 193 20 193 21 194 24 169 26 151 35 139 36 158 37 145 38 206 39 194 40 192 42 169 43 173 
228 0.6200317740440369 0.2765410840511322 0.8162941336631775 107 104 104 6.52 19 194 20 194 21 195 22 206 23 201 26 152 35 140 36 159 38 207 39 195 40 193 42 170 43 174 
229 0.09961394220590591 -0.13065364956855774 0.8611988425254822 45 36 28 3.15 18 190 19 195 20 195 21 196 22 207 23 202 24 170 26 153 36 160 37 146 38 208 39 196 40 194 42 171 43 175 5 20 6 19 7 24 8 24 9 25 10 25 11 26 12 24 13 20 14 19 15 20 16 19 17 23 46 18 47 20 48 24 49 23 
230 0.5981715321540833 0.25030750036239624 0.8800391554832458 146 148 141 4.65 18 191 19 196 20 196 21 197 22 208 23 203 24 171 26 154 35 141 36 161 37 147 38 209 39 197 40 195 42 172 43 176 
231 0.5765666961669922 -0.07818277180194855 1.2228995561599731 18 12 12 2.42 18 192 20 197 21 198 22 209 23 204 26 155 35 142 36 162 37 148 38 210 39 198 40 196 42 173 43 177 
232 0.6419865489006042 0.08198767900466919 1.2262393236160278 146 139 133 3.37 18 193 19 197 20 198 21 199 23 205 24 172 35 143 36 163 37 149 38 211 39 199 40 197 42 174 43 178 
233 0.1611291617155075 -0.009287218563258648 0.6296930313110352 165 166 162 2.19 18 194 19 198 20 199 21 200 22 210 23 206 24 173 26 156 36 164 38 212 39 200 40 198 42 175 43 179 
234 0.5415411591529846 0.11471114307641983 1.1346567869186401 124 124 125 2.06 18 195 19 199 20 200 21 201 22 211 23 207 24 174 26 157 35 144 36 165 37 150 38 213 39 201 40 199 42 176 43 180 
235 0.40201857686042786 0.21101652085781097 0.6262385249137878 44 50 55 5.71 22 212 23 208 24 175 26 158 36 166 38 214 39 202 40 200 43 181 6 20 8 25 9 26 11 27 12 25 14 20 18 196 19 200 20 201 21 202 41 21 42 177 47 21 5 21 
236 -0.700248738147947 0.19549476172093155 1.0703837242511631 44 46 45 0.96 0 0 1 0 2 0 3 1 4 5 5 22 9 27 10 26 11 28 12 26 13 21 14 21 15 21 16 20 17 24 98 0 99 0 
237 -0.4947244705968507 -0.02369967626848223 0.829155409473211 126 121 117 1.35 0 1 1 1 2 1 3 2 4 6 7 25 8 26 9 28 10 27 11 29 12 27 13 22 14 22 15 22 16 21 17 25 98 1 99 1 
238 -0.4300680938992178 -0.17008153996090425 0.7858814428339048 19 15 15 3.87 0 2 1 2 2 2 3 3 4 7 5 23 6 21 7 26 8 27 9 29 10 28 11 30 12 28 13 23 14 23 15 23 16 22 17 26 18 197 19 201 98 2 99 2 
239 -0.3277138885868854 0.20859377103827914 0.40824769909863023 69 77 54 8.5 0 3 1 3 2 3 3 4 4 8 5 24 6 22 7 27 8 28 9 30 11 31 
240 -0.4230751346907024 -0.20704649074516204 0.7792395641271758 161 152 141 2.73 0 4 1 4 2 4 3 5 4 9 5 25 6 23 7 28 8 29 9 31 10 29 11 32 12 29 13 24 14 24 15 24 16 23 17 27 19 202 98 3 99 3 
241 -0.4364172312745292 0.2501453669817315 0.7007530436111935 54 46 48 1.99 0 5 1 5 2 5 3 6 4 10 5 26 6 24 7 29 8 30 9 32 10 30 11 33 12 30 13 25 14 25 15 25 16 24 17 28 19 203 
242 -0.40044012555644803 -0.09909889338570317 0.7192557848628628 138 136 133 2.6 0 6 1 6 2 6 3 7 5 27 6 25 7 30 8 31 9 33 10 31 11 34 12 31 13 26 14 26 15 26 16 25 17 29 98 4 99 4 
243 -0.3259655742925268 0.20243180964460147 0.5493438982762461 143 132 124 3.06 0 7 1 7 2 7 3 8 4 11 5 28 6 26 7 31 8 32 9 34 10 32 11 35 12 32 13 27 14 27 15 27 16 26 17 30 20 202 98 5 99 5 
244 -0.4736013507597133 0.09797833847483728 0.7739440249396776 57 49 49 1.41 0 8 1 8 2 8 3 9 7 32 8 33 9 35 10 33 11 36 12 33 13 28 14 28 15 28 16 27 17 31 98 6 99 6 
245 -0.6243096402919293 0.15760710467091416 0.9665416339550321 103 104 105 0.78 0 9 1 9 2 9 3 10 4 12 5 29 8 34 9 36 10 34 11 37 12 34 13 29 14 29 15 29 16 28 17 32 98 7 99 7 
246 -0.6836761274037482 0.2996416474262946 0.7034192967748611 35 45 25 3.58 0 10 1 10 2 10 3 11 4 13 5 30 6 27 7 33 8 35 9 37 10 35 11 38 12 35 13 30 15 30 98 8 99 8 
247 -0.7220114046885489 0.2710213081469206 0.7716281061776591 35 37 43 1.52 0 11 1 11 2 11 3 12 4 14 5 31 6 28 7 34 8 36 9 38 10 36 11 39 12 36 13 31 15 31 98 9 99 9 
248 -0.630850828264739 0.13539413435647568 0.9818503869334672 141 126 108 0.72 0 12 1 12 2 12 3 13 4 15 5 32 9 39 10 37 11 40 12 37 13 32 14 30 15 32 16 29 17 33 98 10 99 10 
249 -0.48660723815177725 0.22147249828219479 0.7612695687985508 154 151 148 1.28 0 13 1 13 2 13 3 14 4 16 5 33 6 29 7 35 8 37 9 40 10 38 11 41 12 38 13 33 14 31 15 33 16 30 17 34 98 11 99 11 
250 -0.28773461991120086 -0.23914194022014149 0.597132208037233 140 129 114 2.83 0 14 1 14 3 15 4 17 5 34 6 30 7 36 8 38 9 41 10 39 11 42 12 39 13 34 14 32 15 34 16 31 17 35 22 213 26 159 38 215 98 12 99 12 
251 -0.4119943887891183 -0.1745750302661997 0.7527181754128386 150 145 142 2.63 0 15 1 15 2 14 3 16 4 18 6 31 7 37 8 39 9 42 10 40 11 43 12 40 13 35 14 33 15 35 16 32 17 36 19 204 98 13 99 13 
252 -0.4330149101607326 0.18117247734507747 0.7167047199903852 72 67 75 2.45 0 16 1 16 2 15 3 17 4 19 6 32 7 38 8 40 9 43 10 41 11 44 12 41 13 36 14 34 15 36 16 33 17 37 19 205 98 14 99 14 
253 -0.5873822826862811 0.2829017652853847 0.6450621502789936 61 56 52 2.65 0 17 1 17 2 16 3 18 4 20 5 35 6 33 7 39 8 41 9 44 10 42 11 45 12 42 13 37 14 35 15 37 98 15 99 15 
254 -0.4710766981131109 0.16086206515079218 0.7591147358076169 97 81 80 1.91 0 18 1 18 2 17 3 19 4 21 6 34 7 40 8 42 9 45 10 43 11 46 12 43 13 38 14 36 15 38 16 34 17 38 98 16 99 16 
255 -0.3963957622608517 0.19506837193761617 0.42967450188654727 145 158 177 3.74 0 19 1 19 2 18 3 20 4 22 5 36 6 35 7 41 8 43 9 46 10 44 11 47 12 44 13 39 14 37 99 17 
256 -0.4752071953374816 -0.15516842280061507 0.8374857791549917 61 55 56 2.19 0 20 1 20 2 19 3 21 4 23 5 37 6 36 7 42 8 44 9 47 10 45 11 48 12 45 13 40 14 38 15 39 16 35 17 39 19 206 98 17 99 18 
257 -0.6418910117791007 0.052996844656863044 1.0157010909751711 149 155 159 1.67 0 21 1 21 2 20 3 22 4 24 5 38 9 48 10 46 11 49 12 46 13 41 14 39 15 40 16 36 17 40 18 198 98 18 99 19 
258 -0.6640967872130987 0.12224170244020942 1.0410665685962859 129 123 114 0.89 0 22 1 22 2 21 3 23 4 25 5 39 9 49 10 47 11 50 12 47 13 42 14 40 15 41 16 37 17 41 98 19 99 20 
259 -0.4408031433054091 0.046825346667014794 0.7387537919456829 122 94 90 1.75 0 23 1 23 2 22 3 24 4 26 7 43 8 45 9 50 10 48 11 51 12 48 13 43 14 41 15 42 16 38 17 42 98 20 99 21 
260 -0.4030282355190131 0.01841726057314373 0.6935230681209829 115 105 101 2.29 0 24 1 24 2 23 3 25 6 37 7 44 8 46 9 51 10 49 11 52 12 49 13 44 14 42 15 43 16 39 17 43 98 21 99 22 
261 -0.41807701557955307 0.2507799154620983 0.6403561217283009 80 78 60 4.17 0 25 1 25 2 24 3 26 4 27 5 40 6 38 7 45 8 47 9 52 10 50 11 53 12 50 13 45 14 43 15 44 16 40 17 44 98 22 99 23 
262 -0.47165220509218336 0.16770690887214867 0.7572233685877495 115 104 102 1.84 0 26 1 26 2 25 3 27 4 28 6 39 7 46 8 48 9 53 10 51 11 54 12 51 13 46 14 44 15 45 16 41 17 45 98 23 99 24 
263 -0.41325354917135304 0.10679296662482943 0.7013613239626423 34 24 26 3.6 0 27 1 27 2 26 3 28 6 40 7 47 8 49 9 54 10 52 11 55 12 52 13 47 14 45 15 46 16 42 17 46 19 207 98 24 99 25 
264 -0.46569965324719187 -0.12555498471146684 0.8313934416195775 179 195 208 3.8 0 28 1 28 2 27 3 29 4 29 5 41 6 41 7 48 8 50 9 55 10 53 11 56 12 53 13 48 14 46 15 47 16 43 17 47 18 199 19 208 98 25 99 26 
265 -0.42755089570785393 -0.031065247380770735 0.7335211983089276 98 97 99 1.82 0 29 1 29 2 28 3 30 6 42 7 49 8 51 9 56 10 54 11 57 12 54 13 49 14 47 15 48 16 44 17 48 98 26 99 27 
266 -0.4129341180084792 0.1750301202911952 0.6831681675806032 30 20 21 2.96 0 30 1 30 2 29 3 31 5 42 6 43 7 50 8 52 9 57 10 55 11 58 12 55 13 50 14 48 15 49 16 45 17 49 19 209 98 27 99 28 
267 -0.3172994109799747 0.20620985699530062 0.523206472447842 84 85 82 4.0 0 31 1 31 2 30 3 32 4 30 5 43 6 44 7 51 8 53 9 58 10 56 11 59 12 56 13 51 14 49 15 50 16 46 17 50 98 28 99 29 
268 -0.6551773893703191 0.26184095792646855 0.7245220236851712 103 97 109 1.58 0 32 1 32 2 31 3 33 4 31 5 44 6 45 7 52 8 54 9 59 10 57 11 60 12 57 13 52 14 50 15 51 98 29 99 30 
269 -0.4663337213274351 0.06694413772390172 0.7706723424089988 83 68 75 2.04 0 33 1 33 2 32 3 34 4 32 7 53 8 55 9 60 10 58 11 61 12 58 13 53 14 51 15 52 16 47 17 51 98 30 99 31 
270 -0.6058711097577902 0.05784147067931096 0.9674041366864847 93 85 82 1.24 0 34 1 34 2 33 3 35 4 33 8 56 9 61 10 59 11 62 12 59 13 54 14 52 15 53 16 48 17 52 98 31 99 32 
271 -0.6688631970518588 0.2694504897160804 0.751203719116972 91 66 74 1.79 0 35 1 35 2 34 3 36 4 34 5 45 6 46 7 54 8 57 9 62 10 60 11 63 12 60 13 55 14 53 15 54 98 32 99 33 
272 -0.6852775567449819 0.2941325520454194 0.7303706844739993 43 61 34 1.34 0 36 1 36 2 35 3 37 4 35 5 46 6 47 7 55 8 58 9 63 10 61 11 64 12 61 13 56 15 55 98 33 99 34 
273 -0.6646565425726417 0.15172840708713495 1.0296389185667647 123 111 99 0.63 0 37 1 37 2 36 3 38 4 36 5 47 9 64 10 62 11 65 12 62 13 57 14 54 15 56 16 49 17 53 98 34 99 35 
274 -0.6390168945824186 0.27307356584510784 0.696302418032765 119 123 133 1.66 0 38 1 38 2 37 3 39 4 37 5 48 6 48 7 56 8 59 9 65 10 63 11 66 12 63 13 58 14 55 15 57 98 35 99 36 
275 -0.4632160241195884 -0.05230077286821596 0.8108469938502836 197 212 225 3.47 0 39 1 39 2 38 3 40 4 38 6 49 7 57 8 60 9 66 10 64 11 67 12 64 13 59 14 56 15 58 16 50 17 54 18 200 19 210 98 36 99 37 
276 -0.45829770037778084 0.15443696849601027 0.754628972614728 71 55 58 2.46 0 40 1 40 2 39 3 41 4 39 6 50 7 58 8 61 9 67 10 65 11 68 12 65 13 60 14 57 15 59 16 51 17 55 19 211 98 37 99 38 
277 -0.4872827170259814 -0.08516366865768132 0.8357821577227856 152 148 139 1.81 0 41 1 41 2 40 3 42 4 40 6 51 7 59 8 62 9 68 10 66 11 69 12 66 13 61 14 58 15 60 16 52 17 56 98 38 99 39 
278 -0.6400814395548302 0.09088573505057541 1.0055374135931683 74 68 68 0.61 0 42 1 42 2 41 3 43 4 41 5 49 9 69 10 67 11 70 12 67 13 62 14 59 15 61 16 53 17 57 98 39 99 40 
279 -0.4915359151936162 0.27480652720034154 0.7226872098464383 98 91 78 2.44 0 43 1 43 2 42 3 44 4 42 5 50 6 52 7 60 8 63 9 70 10 68 11 71 12 68 13 63 14 60 15 62 16 54 17 58 
280 -0.5542522408591868 0.09015966380460914 0.8745202639296835 186 199 217 1.15 0 44 1 44 2 43 3 45 4 43 8 64 9 71 10 69 11 72 12 69 13 64 14 61 15 63 16 55 17 59 98 40 99 41 
281 -0.40900604160011295 0.04190574420555855 0.6968090039424161 150 143 135 2.0 0 45 1 45 2 44 3 46 6 53 7 61 8 65 9 72 10 70 11 73 12 70 13 65 14 62 15 64 16 56 17 60 98 41 99 42 
282 -0.45570156143103235 0.24367046152890678 0.7287994972478353 70 53 60 1.64 0 46 1 46 2 45 3 47 4 44 5 51 6 54 7 62 8 66 9 73 10 71 11 74 12 71 13 66 14 63 15 65 16 57 17 61 
283 -0.4084664592784445 0.19137901943361071 0.6640817680635372 145 136 128 2.05 0 47 1 47 2 46 3 48 4 45 5 52 6 55 7 63 8 67 9 74 10 72 11 75 12 72 13 67 14 64 15 66 16 58 17 62 98 42 99 43 
284 0.8448968489741675 0.31838373506435136 1.1397913304020968 76 73 77 6.66 35 145 39 203 40 201 41 22 42 178 43 182 46 19 47 22 48 25 49 24 
285 0.5969676076478709 0.1745373615659655 1.6210613590883192 128 122 117 5.39 41 23 42 179 43 183 46 20 47 23 48 26 49 25 
286 0.7682812050050762 0.34562746259788485 1.3620619485496108 58 52 50 6.68 41 24 42 180 43 184 46 21 47 24 48 27 49 26 
287 0.9297309116620034 0.3734559431122458 1.3781199468285164 31 34 40 4.76 46 22 47 25 48 28 49 27 
288 0.1629887123632768 -0.02436333131005228 0.6500101138464637 115 116 119 3.03 4 46 5 53 6 56 7 64 8 68 9 75 10 73 11 76 12 73 13 68 14 65 15 67 16 59 17 63 18 201 19 212 20 203 21 203 22 214 23 209 26 160 36 167 38 216 39 204 40 202 41 25 42 181 43 185 46 23 47 26 48 29 49 28 
289 0.6915312022070272 0.06849640691069045 1.2865581212552228 114 118 127 4.24 6 57 7 65 8 69 9 76 19 213 20 204 22 215 23 210 35 146 36 168 37 151 38 217 39 205 40 203 41 26 42 182 43 186 46 24 47 27 48 30 49 29 
290 0.7999524595708527 0.2956679759539615 1.336065505127529 86 72 68 7.29 21 204 35 147 37 152 41 27 42 183 43 187 46 25 47 28 48 31 49 30 
291 0.8015019796560464 0.1795710521250881 1.333316600507577 62 39 39 5.2 6 58 7 66 8 70 20 205 35 148 41 28 42 184 43 188 46 26 47 29 48 32 49 31 
292 0.9114370143590965 0.3744238769217685 1.358587607997465 29 29 34 7.66 43 189 46 27 47 30 48 33 
293 0.47448443649381433 0.5172624671416783 1.7242365216492646 84 98 112 1.67 46 28 47 31 48 34 49 32 
294 0.6924261155250019 0.2853257609970889 1.222898104193317 36 25 28 6.65 6 59 7 67 8 71 22 216 35 149 37 153 38 218 39 206 40 204 41 29 42 185 43 190 46 29 47 32 48 35 49 33 
295 0.2848521728747873 -0.16124897567556415 0.7798253932647953 60 56 54 3.58 4 47 5 54 6 60 7 68 8 72 9 77 10 74 11 77 12 74 13 69 14 66 15 68 16 60 17 64 18 202 19 214 20 206 21 205 22 217 23 211 26 161 36 169 37 154 38 219 39 207 40 205 41 30 42 186 43 191 46 30 47 33 48 36 49 34 
296 0.5170979260535041 -0.1377601070157196 0.9600631677923612 207 219 226 3.65 7 69 8 73 9 78 10 75 11 78 12 75 13 70 14 67 15 69 16 61 17 65 18 203 19 215 20 207 21 206 22 218 23 212 35 150 36 170 37 155 38 220 39 208 40 206 41 31 42 187 43 192 46 31 47 34 48 37 49 35 
297 0.6382018989733794 -0.17210698458064738 1.0539248091641913 51 47 44 5.14 7 70 8 74 9 79 10 76 11 79 12 76 13 71 14 68 15 70 16 62 17 66 18 204 19 216 20 208 21 207 35 151 37 156 38 221 39 209 40 207 41 32 42 188 43 193 46 32 47 35 48 38 49 36 
298 0.7280627847715915 0.1042107960560368 1.4719731563812335 135 130 126 5.51 41 33 42 189 43 194 46 33 47 36 48 39 49 37 
299 0.8412888437592358 0.31988145965885384 1.1845748030486771 25 23 28 5.45 35 152 39 210 40 208 41 34 42 190 43 195 46 34 47 37 48 40 49 38 
300 0.8028927688412162 0.38904167404374446 1.4932935931590532 45 45 41 3.53 46 35 47 38 48 41 49 39 
301 0.7878190835643024 0.29061171585553575 1.2890534000801848 95 82 81 6.82 35 153 41 35 42 191 43 196 46 36 47 39 48 42 49 40 
302 0.6741983805293671 0.03836535279066673 1.2687263025021938 122 120 116 5.54 6 61 7 71 8 75 9 80 10 77 19 217 20 209 22 219 35 154 37 157 38 222 39 211 40 209 41 36 42 192 43 197 46 37 47 40 48 43 49 41 
303 0.26255955768128975 0.2160323337691175 0.8858207034603166 65 46 41 3.91 5 55 6 62 7 72 8 76 9 81 10 78 11 80 12 77 13 72 14 69 15 71 18 205 19 218 20 210 21 208 26 162 39 212 40 210 41 37 42 193 43 198 46 38 47 41 48 44 49 42 
304 0.6571345461730096 -0.006087028732981687 1.2682250779578603 137 134 126 6.02 6 63 7 73 8 77 9 82 10 79 17 67 20 211 23 213 35 155 36 171 37 158 38 223 39 213 40 211 41 38 42 194 43 199 46 39 47 42 48 45 49 43 18 206 19 219 
305 0.8338102198524782 -0.09241372495531588 1.4141105068615905 138 155 166 5.79 20 212 41 39 42 195 43 200 46 40 47 43 48 46 49 44 
306 0.7609278623514486 0.29903021224869036 1.2628438258486128 119 119 118 5.86 6 64 8 78 35 156 41 40 42 196 43 201 46 41 47 44 48 47 49 45 
307 0.8037282860987678 0.22631857496107477 1.3492204940760417 121 118 116 6.13 20 213 21 209 35 157 41 41 42 197 43 202 46 42 47 45 48 48 49 46 
308 0.8085523030493824 0.0094788833770684 1.3935879212543452 134 132 127 5.36 20 214 41 42 42 198 43 203 46 43 47 46 48 49 49 47 
309 0.4336385034097378 0.11671253349730887 1.8351606139910293 135 129 124 5.61 40 212 41 43 42 199 43 204 46 44 47 47 48 50 49 48 
310 0.6134687007649156 -0.03160175527287073 1.2399756797554158 122 121 119 5.75 5 56 6 65 7 74 8 79 9 83 10 80 17 68 20 215 21 210 35 158 36 172 37 159 38 224 39 214 40 213 41 44 42 200 43 205 46 45 47 48 48 51 49 49 
311 0.579014636086768 0.24622246266161038 1.6252781462251897 105 90 82 5.66 40 214 41 45 42 201 46 46 47 49 48 52 49 50 
312 0.2473820442160049 0.4023366097104894 1.989299508374693 94 91 88 4.06 40 215 46 47 47 50 48 53 49 51 
313 0.7958640911855229 0.13026221827111306 1.3417230506871116 137 137 134 4.91 6 66 7 75 8 80 9 84 20 216 35 159 41 46 42 202 43 206 46 48 47 51 48 54 49 52 
314 0.7853495050303391 0.2173704676649773 1.373692617533095 124 122 118 6.15 41 47 42 203 43 207 46 49 47 52 48 55 49 53 
315 0.7294140938419323 0.2651794855965047 1.2674145261646939 93 102 111 3.87 6 67 7 76 8 81 21 211 22 220 23 214 35 160 37 160 38 225 39 215 40 216 41 48 42 204 43 208 46 50 47 53 48 56 49 54 
316 0.9099992658683516 0.3732344004826709 1.3729116265121282 15 19 23 5.23 46 51 47 54 48 57 49 55 
317 0.24807748740995664 -0.18608680468781644 0.7636745084560776 220 230 232 4.75 5 57 6 68 7 77 8 82 9 85 10 81 11 81 12 78 13 73 14 70 15 72 16 63 17 69 18 207 19 220 20 217 21 212 22 221 23 215 26 163 36 173 37 161 38 226 39 216 40 217 41 49 42 205 43 209 46 52 47 55 48 58 49 56 
318 0.764907393548728 0.17032306506815434 1.4100324163609186 107 99 96 5.96 41 50 42 206 43 210 46 53 47 56 48 59 49 57 
319 0.5782064861791599 0.166723064548463 1.646127994530381 123 120 116 6.18 40 218 41 51 42 207 43 211 46 54 47 57 48 60 49 58 
320 0.5274964883768622 -0.16784434416326596 1.8102006156122163 21 19 30 5.53 41 52 42 208 43 212 46 55 47 58 48 61 49 59 
321 0.7833836472122528 0.24787218617682877 1.368682798416608 103 92 88 5.93 21 213 41 53 42 209 43 213 46 56 47 59 48 62 49 60 
322 0.14525151218048513 -0.23916349606227819 0.6944885451223854 164 172 178 3.34 4 48 5 58 6 69 7 78 8 83 9 86 10 82 11 82 12 79 13 74 14 71 15 73 16 64 17 70 18 208 19 221 20 218 21 214 22 222 23 216 26 164 36 174 38 227 39 217 40 219 41 54 42 210 43 214 46 57 47 60 48 63 49 61 
323 0.5148943330991389 -0.14057284366243358 1.7900452579218764 37 32 30 5.48 40 220 41 55 42 211 43 215 46 58 47 61 48 64 49 62 
324 0.7038906936844052 -0.031091042874292082 1.3382463518340542 110 123 136 5.28 6 70 7 79 8 84 9 87 10 83 19 222 21 215 22 223 35 161 37 162 38 228 39 218 40 221 41 56 42 212 43 216 46 59 47 62 48 65 49 63 
325 0.4443127845697829 0.19097067105554186 1.0468617842656982 72 75 82 4.5 5 59 6 71 7 80 8 85 9 88 10 84 11 83 12 80 13 75 17 71 18 209 19 223 20 219 21 216 22 224 35 162 38 229 39 219 40 222 41 57 42 213 43 217 46 60 47 63 48 66 49 64 
326 1.0123537071316249 0.3506149397957341 1.2754525943409394 82 78 85 6.61 46 61 47 64 48 67 49 65 
327 0.7091932786715466 0.006173874462118317 1.516053079241418 122 115 109 6.3 40 223 41 58 42 214 43 218 46 62 47 65 48 68 49 66 
328 0.12158002548881265 -0.27300055697991893 0.6650056417452707 18 14 18 5.22 4 49 5 60 6 72 7 81 8 86 9 89 10 85 11 84 12 81 13 76 14 72 15 74 16 65 17 72 36 175 38 230 39 220 40 224 41 59 42 215 43 219 46 63 47 66 48 69 49 67 
329 0.5799079092740327 -0.0248542070250929 0.9762726762298279 68 52 45 3.69 4 50 7 82 8 87 9 90 10 86 11 85 12 82 13 77 14 73 15 75 16 66 17 73 18 210 19 224 20 220 21 217 22 225 23 217 26 165 35 163 36 176 37 163 38 231 39 221 40 225 41 60 42 216 43 220 46 64 47 67 48 70 49 68 
330 0.4825422054528942 0.07232431842464729 1.783374653065359 122 120 118 5.16 40 226 41 61 42 217 43 221 46 65 47 68 48 71 49 69 
331 0.837421429451664 0.3176538683635815 1.0928631711326475 48 47 49 6.17 41 62 42 218 43 222 46 66 47 69 48 72 49 70 
332 0.5080922514508939 0.22174195601629612 1.7191770440295149 123 118 114 6.24 40 227 41 63 42 219 43 223 46 67 47 70 48 73 49 71 
333 0.8677070190364287 0.3119857335464394 1.1983043200901349 39 42 41 6.91 35 164 39 222 40 228 41 64 42 220 43 224 46 68 47 71 48 74 49 72 
334 0.2240955260015818 0.15205918267129193 0.6644541606045714 70 62 64 4.71 4 51 5 61 6 73 7 83 8 88 9 91 10 87 11 86 12 83 13 78 14 74 15 76 16 67 17 74 18 211 36 177 39 223 40 229 41 65 42 221 43 225 46 69 47 72 48 75 49 73 3 49 
335 0.47695768084204987 0.19538944179722983 0.8680075053205986 101 88 80 4.53 4 52 5 62 8 89 9 92 10 88 11 87 12 84 13 79 14 75 15 77 16 68 17 75 18 212 19 225 20 221 21 218 22 226 23 218 40 230 41 66 42 222 43 226 46 70 47 73 48 76 49 74 
336 0.32185649245363873 -0.23216460729482813 0.8149124674766568 186 195 195 4.37 6 74 7 84 8 90 9 93 10 89 11 88 12 85 13 80 14 76 15 78 16 69 17 76 18 213 19 226 20 222 21 219 22 227 23 219 26 166 35 165 36 178 37 164 38 232 39 224 40 231 41 67 42 223 43 227 46 71 47 74 48 77 49 75 
337 0.806868680652404 0.3782447983120523 1.4116009005870456 28 22 19 7.34 42 224 43 228 46 72 47 75 48 78 49 76 
338 0.6931187796273368 0.24194210079608025 1.2488809255032445 31 39 42 6.49 6 75 7 85 8 91 19 227 20 223 22 228 35 166 37 165 38 233 39 225 40 232 41 68 42 225 43 229 46 73 47 76 48 79 49 77 
339 0.7844723041172684 -0.05925146535860839 1.3840887685327377 100 106 110 5.0 20 224 41 69 42 226 43 230 46 74 47 77 48 80 49 78 
340 0.7262067994948157 0.3037404347075379 1.067688153618191 41 39 40 4.17 36 179 37 166 38 234 39 226 40 233 41 70 42 227 43 231 46 75 47 78 48 81 49 79 
341 0.5919493357822841 0.13502667738758636 0.9824006547407667 84 88 90 3.78 4 53 5 63 6 76 8 92 9 94 10 90 11 89 12 86 13 81 14 77 16 70 17 77 18 214 19 228 20 225 21 220 22 229 23 220 26 167 35 167 36 180 37 167 38 235 39 227 40 234 41 71 42 228 43 232 46 76 47 79 48 82 49 80 
342 0.6880134564211876 0.23219187943769456 1.242401529156723 116 136 158 6.31 6 77 7 86 8 93 19 229 20 226 22 230 35 168 37 168 38 236 39 228 40 235 41 72 42 229 43 233 46 77 47 80 48 83 49 81 
343 0.25295697497733444 0.14550183943710043 2.0431968542119234 94 88 83 4.57 40 236 41 73 42 230 43 234 46 78 47 81 48 84 49 82 
344 0.6840580239165744 0.1617218840503063 1.2613088703935327 32 28 27 4.81 6 78 7 87 8 94 9 95 19 230 20 227 22 231 23 221 35 169 36 181 37 169 38 237 39 229 40 237 41 74 42 231 43 235 46 79 47 82 48 85 49 83 
345 0.4440884398600884 -0.02898761544740741 0.9158114746213377 87 75 65 5.81 4 54 5 64 9 96 10 91 11 90 12 87 13 82 14 78 15 79 16 71 17 78 18 215 19 231 20 228 21 221 22 232 23 222 26 168 36 182 37 170 38 238 39 230 40 238 41 75 42 232 43 236 46 80 47 83 48 86 49 84 
346 0.24730708412114377 0.10161227699885658 2.0637041306931625 107 98 95 4.69 40 239 41 76 42 233 43 237 46 81 47 84 48 87 49 85 
347 0.3865926980594717 -0.13320231412994799 0.8599626113347986 129 129 130 5.64 4 55 5 65 7 88 8 95 9 97 10 92 11 91 12 88 13 83 14 79 15 80 16 72 17 79 36 183 37 171 38 239 39 231 40 240 41 77 42 234 43 238 46 82 47 85 48 88 49 86 
348 0.8132258697488248 0.19693060842926133 1.338960921035764 122 112 109 5.56 6 79 20 229 41 78 42 235 43 239 46 83 47 86 48 89 49 87 
349 0.7608938364508825 0.09196509940074732 1.3239672048825992 112 113 119 5.46 6 80 7 89 8 96 9 98 18 216 20 230 35 170 37 172 39 232 40 241 41 79 42 236 43 240 46 84 47 87 48 90 49 88 
350 0.5681430617720193 0.27963214086963295 0.7839857431797906 32 30 32 3.96 12 89 19 232 20 231 21 222 22 233 23 223 26 169 35 171 36 184 38 240 39 233 40 242 41 80 42 237 43 241 46 85 47 88 48 91 
351 0.8130644244938943 0.05418601700564271 1.3762607834231204 107 100 101 5.15 6 81 7 90 8 97 9 99 18 217 20 232 41 81 42 238 43 242 46 86 47 89 48 92 49 89 
352 0.9899224415617837 0.3318419159781542 1.2036216531941444 66 53 54 4.41 46 87 47 90 48 93 49 90 
353 0.7977547138293477 -0.0652788787057995 1.4391530027578898 78 76 75 4.92 41 82 43 243 46 88 47 91 48 94 49 91 
354 0.3360709714835502 -0.17306806712987377 0.8281852373368214 216 226 228 3.89 7 91 8 98 9 100 10 93 11 92 12 90 13 84 14 80 15 81 16 73 17 80 18 218 19 233 20 233 21 223 22 234 23 224 36 185 37 173 38 241 39 234 40 243 41 83 42 239 43 244 46 89 47 92 48 95 49 92 
355 0.7502309090035231 0.14621327088768618 1.3007014796863936 117 106 105 6.12 6 82 7 92 8 99 9 101 21 224 35 172 37 174 38 242 39 235 40 244 41 84 42 240 43 245 46 90 47 93 48 96 49 93 
356 0.7905847808925095 0.19855565547174805 1.318554030501975 118 119 119 4.98 6 83 7 93 8 100 20 234 35 173 41 85 42 241 43 246 46 91 47 94 48 97 49 94 
357 0.8043145293702808 0.020333311018335416 1.3780779547005826 138 138 136 4.54 6 84 7 94 8 101 9 102 20 235 41 86 42 242 43 247 46 92 47 95 48 98 49 95 
358 1.0098295067002203 0.3853339238631515 1.4225145445791798 17 20 24 5.25 46 93 47 96 48 99 49 96 
359 0.6857984814570836 0.19405391528035745 1.5030209556094745 116 108 104 6.46 40 245 41 87 42 243 43 248 46 94 47 97 48 100 49 97 
360 0.7032894607658794 0.30280002287398744 1.2121174162329629 76 71 70 6.62 6 85 22 235 23 225 35 174 37 175 38 243 39 236 40 246 41 88 42 244 43 249 46 95 47 98 48 101 49 98 
361 0.7169721371479719 0.047476764986185305 1.4983975554341376 139 133 127 6.22 40 247 41 89 42 245 43 250 46 96 47 99 48 102 49 99 
362 0.7814374980779762 0.16128696994523026 1.3214266644192205 119 117 115 4.55 6 86 7 95 8 102 20 236 35 175 41 90 42 246 43 251 46 97 47 100 48 103 49 100 
363 0.5949203148615281 0.18582033876131254 0.971119336916377 70 72 73 4.28 4 56 5 66 6 87 8 103 9 103 10 94 11 93 12 91 13 85 14 81 16 74 17 81 18 219 19 234 20 237 21 225 22 236 23 226 26 170 35 176 36 186 37 176 38 244 39 237 40 248 41 91 42 247 43 252 46 98 47 101 48 104 49 101 
364 0.8007995006068527 0.15871676739032184 1.3385812760587452 124 120 115 5.12 6 88 7 96 8 104 20 238 35 177 41 92 42 248 43 253 46 99 47 102 48 105 49 102 
365 0.5529402830500841 -0.013885682644331716 1.711325722349345 135 129 122 5.65 40 249 41 93 42 249 43 254 46 100 47 103 48 106 49 103 
366 0.7430753169943718 0.15364564436827705 1.2934463595936856 121 108 100 5.78 6 89 7 97 8 105 9 104 18 220 21 226 35 178 37 177 38 245 39 238 40 250 41 94 42 250 43 255 46 101 47 104 48 107 49 104 
367 0.6838380228518888 0.10589207627812772 1.2576777960873777 82 70 68 5.36 6 90 7 98 8 106 9 105 10 95 19 235 20 239 22 237 23 227 35 179 36 187 37 178 38 246 39 239 40 251 41 95 42 251 43 256 46 102 47 105 48 108 49 105 
368 0.8227031365311812 0.336188992556821 1.437905104161052 23 30 22 3.91 46 103 47 106 48 109 49 106 
369 0.509396861051645 0.2638749277801781 1.0428468511273379 66 62 55 4.29 5 67 6 91 7 99 8 107 9 106 10 96 18 221 22 238 23 228 26 171 35 180 36 188 38 247 41 96 42 252 43 257 46 104 47 107 48 110 49 107 
370 0.7938739940457717 0.23805707064440437 1.3102638789633714 120 117 113 6.09 7 100 20 240 35 181 41 97 42 253 43 258 46 105 47 108 48 111 49 108 
371 0.6410564527891529 0.2826109503807263 1.147587116627596 35 32 33 4.53 6 92 7 101 8 108 20 241 35 182 41 98 42 254 43 259 46 106 47 109 48 112 49 109 
372 0.16373833014325526 -0.22975854698750706 0.7085336078180824 196 211 215 3.71 4 57 5 68 6 93 7 102 8 109 9 107 10 97 11 94 12 92 13 86 14 82 15 82 16 75 17 82 18 222 19 236 20 242 21 227 22 239 23 229 26 172 36 189 38 248 39 240 40 252 41 99 42 255 43 260 46 107 47 110 48 113 49 110 
373 0.5503631514390667 -0.14476187891682243 1.1818752240931194 11 11 14 5.37 35 183 36 190 37 179 38 249 39 241 40 253 41 100 42 256 43 261 46 108 47 111 48 114 49 111 
374 0.8231922394314629 0.3249109545360683 1.0500677387976607 59 63 30 6.86 35 184 39 242 41 101 42 257 43 262 46 109 47 112 48 115 49 112 
375 0.8122668567267122 0.15290069703694006 1.3555835159773468 117 112 111 5.51 8 110 20 243 41 102 42 258 43 263 46 110 47 113 48 116 49 113 
376 0.9633789434274034 0.3405763479795706 1.2338101800311483 82 84 89 6.66 43 264 46 111 47 114 48 117 49 114 
377 0.4095707390050161 0.23541663985834443 0.7392796316688873 18 19 22 6.82 4 58 8 111 9 108 10 98 11 95 12 93 13 87 14 83 17 83 18 223 19 237 36 191 38 250 39 243 40 254 41 103 42 259 43 265 46 112 
378 0.5934564471096796 -0.078027049391731 1.237011951559729 41 37 35 5.63 6 94 8 112 9 109 10 99 17 84 18 224 20 244 21 228 22 240 26 173 35 185 36 192 37 180 38 251 39 244 40 255 41 104 42 260 43 266 46 113 47 115 48 118 49 115 
379 0.8109179027930954 0.29939505301467334 1.3082243615095086 120 117 117 7.16 35 186 41 105 42 261 43 267 46 114 47 116 48 119 49 116 
380 0.8208815070898805 0.3146851791889626 1.4475057878567095 13 17 10 7.42 35 187 43 268 46 115 47 117 48 120 49 117 
381 0.4830659399856899 -0.07321432884826921 1.8083482138759892 147 149 146 4.78 40 256 41 106 42 262 43 269 46 116 47 118 48 121 49 118 
382 0.7432327562014518 -0.05472116730734335 1.351330695261691 104 105 108 6.62 6 95 7 103 9 110 10 100 35 188 37 181 39 245 40 257 41 107 42 263 43 270 46 117 47 119 48 122 49 119 
383 0.6950660781362092 0.05535511688496554 1.3105977978337644 122 181 215 5.03 6 96 7 104 8 113 9 111 19 238 20 245 22 241 23 230 35 189 36 193 37 182 38 252 39 246 40 258 41 108 42 264 43 271 46 118 47 120 48 123 49 120 
384 0.3916293655357785 -0.34726175810298204 0.9001023106820227 157 165 174 2.38 7 105 8 114 9 112 10 101 11 96 12 94 13 88 14 84 15 83 16 76 17 85 18 225 19 239 20 246 21 229 22 242 23 231 37 183 38 253 39 247 40 259 41 109 42 265 43 272 46 119 47 121 48 124 49 121 
385 0.4511024100356572 0.15563414932792283 0.8671364490834965 94 84 79 8.08 4 59 5 69 8 115 9 113 10 102 12 95 14 85 15 84 19 240 20 247 21 230 22 243 23 232 26 174 36 194 38 254 39 248 40 260 41 110 42 266 43 273 46 120 47 122 48 125 49 122 
386 0.45592960876658745 0.09922070917066397 0.8819064188776439 67 66 64 5.93 4 60 5 70 8 116 9 114 10 103 11 97 12 96 13 89 14 86 15 85 16 77 17 86 18 226 19 241 20 248 21 231 22 244 23 233 26 175 35 190 36 195 37 184 38 255 39 249 40 261 41 111 42 267 43 274 46 121 47 123 48 126 49 123 
387 0.29924433682139023 -0.01746478221323283 0.7956638808931641 65 57 56 6.49 4 61 5 71 6 97 7 106 8 117 13 90 14 87 15 86 16 78 20 249 21 232 22 245 23 234 26 176 35 191 36 196 37 185 38 256 39 250 40 262 41 112 42 268 43 275 46 122 47 124 48 127 49 124 
388 0.7611530788520908 -0.026245056068881743 1.3569175784541998 143 145 142 4.88 6 98 7 107 9 115 35 192 41 113 42 269 43 276 46 123 47 125 48 128 49 125 
389 0.3089334484864206 0.5563971877366908 1.9224999503284823 25 23 18 4.26 43 277 46 124 47 126 48 129 49 126 
390 0.44143020495329244 0.2760550146270494 1.7903884861013526 94 82 79 4.78 40 263 41 114 43 278 46 125 47 127 48 130 49 127 
391 0.7612605109551802 0.19556066436705408 1.2951960622268062 116 113 113 5.79 6 99 7 108 8 118 20 250 21 233 35 193 37 186 40 264 41 115 42 270 43 279 46 126 47 128 48 131 49 128 
392 0.7993418936519782 -0.03804194168857388 1.3904389086329823 73 79 86 5.14 20 251 41 116 42 271 43 280 46 127 47 129 48 132 49 129 
393 0.8084378586732616 0.13680813856612295 1.3514139368253657 129 124 120 5.56 7 109 8 119 20 252 35 194 41 117 42 272 43 281 46 128 47 130 48 133 49 130 
394 0.7654937522362248 0.25682944432106314 1.2807581492529376 116 117 116 5.76 6 100 7 110 21 234 35 195 41 118 42 273 43 282 46 129 47 131 48 134 49 131 
395 0.3047975916682888 0.013344767538261259 0.7871984556308018 65 65 66 6.92 4 62 5 72 6 101 7 111 8 120 9 116 10 104 11 98 12 97 13 91 14 88 15 87 16 79 17 87 18 227 19 242 20 253 21 235 22 246 23 235 26 177 35 196 36 197 37 187 38 257 39 251 40 265 41 119 42 274 43 283 46 130 47 132 48 135 49 132 
396 0.8205819586876425 0.29565472482245103 1.1571327187638105 14 15 17 5.79 35 197 37 188 38 258 39 252 40 266 41 120 42 275 43 284 46 131 47 133 48 136 49 133 
397 0.6554557327941151 0.21799001070982252 1.5344169743997753 92 78 70 6.24 40 267 41 121 42 276 43 285 46 132 47 134 48 137 49 134 
398 0.41234359619258454 0.15757266793061592 1.8522429168090717 104 103 100 5.63 40 268 41 122 42 277 43 286 46 133 47 135 48 138 49 135 
399 0.3880438798731378 -0.04512228251113009 1.9577830226647468 18 14 16 5.18 40 269 41 123 42 278 43 287 46 134 47 136 48 139 49 136 
400 0.46002246667595836 -0.07536864176831866 1.8368805071901875 131 140 138 4.7 40 270 41 124 42 279 43 288 46 135 47 137 48 140 49 137 
401 0.7648854430364581 0.006600480816440744 1.4486986885979205 128 121 112 5.43 41 125 42 280 43 289 46 136 47 138 48 141 49 138 
402 0.8155279504440532 0.31792901092986064 1.3058146669700001 112 108 105 6.66 41 126 42 281 43 290 46 137 47 139 48 142 49 139 
403 0.13425161889193787 0.04481592537196577 0.6522985969096617 124 124 127 3.57 4 63 5 73 6 102 7 112 8 121 9 117 10 105 11 99 12 98 13 92 14 89 15 88 16 80 17 88 18 228 19 243 20 254 21 236 26 178 36 198 38 259 39 253 40 271 41 127 42 282 43 291 46 138 47 140 48 143 49 140 
404 -0.6840818294900525 0.25315413535553427 0.4958750722755637 79 63 71 2.54 0 48 1 48 2 47 3 50 4 64 5 74 6 103 7 113 8 122 9 118 10 106 11 100 
405 -0.03282642982204688 -0.1353718209009563 0.7620618080283057 140 124 116 5.91 5 75 6 104 7 114 8 123 9 119 10 107 11 101 12 99 13 93 14 90 15 89 16 81 17 89 26 179 36 199 37 189 38 260 40 272 41 128 47 141 48 144 49 141 
406 -0.4329473987179446 0.25300516061933426 0.6447545959508157 92 81 63 2.02 0 49 1 49 2 48 3 51 4 65 5 76 6 105 7 115 8 124 9 120 10 108 11 102 12 100 13 94 14 91 15 90 16 82 17 90 98 43 99 44 
407 -0.19343331259890853 0.15523012137437533 0.3696281513177315 77 67 69 2.06 1 50 2 49 5 77 6 106 7 116 8 125 9 121 10 109 11 103 12 101 13 95 14 92 15 91 17 91 
408 -0.5613907997868129 0.2334303494844835 0.865049211602518 63 69 58 3.58 0 50 1 51 2 50 3 52 4 66 5 78 7 117 8 126 9 122 10 110 11 104 12 102 13 96 14 93 15 92 16 83 17 92 18 229 98 44 99 45 
409 -0.689359179458799 0.1805477330428974 1.0637788293524673 78 76 77 2.12 0 51 1 52 2 51 3 53 4 67 5 79 6 107 8 127 9 123 10 111 11 105 12 103 13 97 14 94 15 93 16 84 17 93 18 230 98 45 99 46 
410 0.10708767421511374 -0.17593789857618666 0.7033899015887733 142 150 158 2.19 4 68 5 80 6 108 7 118 8 128 9 124 10 112 11 106 12 104 13 98 14 95 15 94 16 85 17 94 18 231 19 244 20 255 21 237 22 247 23 236 26 180 38 261 39 254 40 273 41 129 42 283 43 292 46 139 
411 -0.6468499119490584 0.27998241207502783 0.9730642333023627 42 40 43 1.14 0 52 1 53 2 52 3 54 4 69 5 81 6 109 7 119 8 129 9 125 10 113 11 107 12 105 13 99 14 96 15 95 16 86 17 95 98 46 99 47 
412 -0.23545553602257677 0.1949369886748569 0.33114786425895365 125 90 98 1.85 2 53 5 82 6 110 7 120 8 130 9 126 10 114 11 108 12 106 
413 -0.6854370582397612 0.033915639558860636 0.23614209559120652 59 78 47 4.35 2 54 3 55 4 70 5 83 6 111 7 121 8 131 40 274 
414 -0.8587169740957362 0.30491768822929877 0.8973714278195999 16 22 27 2.93 0 53 1 54 2 55 3 56 4 71 5 84 6 112 7 122 8 132 9 127 10 115 11 109 98 47 99 48 
415 -0.5131509658372211 0.25847933990006505 0.5512415817394908 72 60 59 1.53 0 54 1 55 2 56 3 57 4 72 5 85 6 113 7 123 8 133 9 128 10 116 11 110 12 107 13 100 98 48 99 49 
416 -0.42978643922841886 0.21346796371959798 0.43440591533719153 59 81 47 0.94 0 55 1 56 2 57 3 58 4 73 5 86 6 114 7 124 8 134 9 129 10 117 11 111 12 108 13 101 14 97 
417 -0.3302428846659926 -0.264012661275245 0.6417135296426718 105 95 96 2.17 0 56 1 57 2 58 3 59 4 74 5 87 6 115 7 125 8 135 9 130 10 118 11 112 12 109 13 102 14 98 15 96 16 87 17 96 21 238 22 248 98 49 99 50 
418 -0.6736019691032297 0.23849873975904212 0.772403773705698 50 48 51 2.7 0 57 1 58 2 59 3 60 4 75 5 88 6 116 7 126 8 136 9 131 10 119 11 113 12 110 13 103 14 99 15 97 98 50 99 51 
419 -0.2894711361023807 0.16447565841236156 0.5040804063851144 167 164 156 1.6 0 58 1 59 2 60 3 61 4 76 5 89 6 117 7 127 8 137 9 132 10 120 11 114 12 111 13 104 14 100 15 98 16 88 17 97 26 181 38 262 98 51 99 52 
420 0.028986337578636116 0.16950945450133972 0.46394795794034743 12 18 14 4.82 1 60 2 61 5 90 6 118 7 128 8 138 9 133 10 121 11 115 12 112 13 105 14 101 15 99 16 89 17 98 18 232 19 245 20 256 21 239 22 249 23 237 26 182 36 200 40 275 41 130 46 140 47 142 48 145 
421 -0.3310268962265889 -0.12427156064936747 0.623251260104341 153 149 143 1.04 0 59 1 61 2 62 3 62 4 77 5 91 6 119 7 129 8 139 9 134 10 122 11 116 12 113 13 106 14 102 15 100 16 90 17 99 98 52 99 53 
422 -0.6966751774095986 0.16715381527454412 0.28497636174173624 44 44 45 2.92 1 62 2 63 3 63 4 78 5 92 6 120 7 130 8 140 
423 -0.22572429690178342 0.21581143662357782 0.4151073182595895 103 90 94 2.15 0 60 1 63 2 64 3 64 4 79 5 93 6 121 7 131 8 141 9 135 10 123 11 117 12 114 13 107 
424 0.1294034238780204 0.17013132160353522 0.5872573325842839 149 144 149 5.34 2 65 3 65 4 80 5 94 6 122 7 132 8 142 9 136 10 124 18 233 19 246 20 257 21 240 22 250 23 238 26 183 36 201 38 263 39 255 40 276 41 131 42 284 43 293 46 141 47 143 48 146 
425 -0.6814286672600888 0.2940363180707573 0.6949001632935857 57 79 43 2.65 0 61 1 64 2 66 3 66 4 81 5 95 6 123 7 133 8 143 9 137 10 125 11 118 12 115 13 108 15 101 98 53 99 54 
426 -0.7020841936311293 0.06391111707107967 0.24255883038493345 28 39 23 7.08 3 67 4 82 5 96 6 124 7 134 
427 -0.21713801896979962 -0.20964511188451523 0.6417171456713082 78 66 66 4.61 0 62 4 83 5 97 6 125 7 135 8 144 9 138 10 126 11 119 12 116 13 109 14 103 15 102 16 91 17 100 18 234 19 247 20 258 21 241 22 251 23 239 26 184 38 264 40 277 41 132 48 147 49 142 
428 -0.6801750541699054 0.24234805266804843 1.042544589956888 55 39 42 0.94 0 63 1 65 2 67 3 68 4 84 5 98 6 126 8 145 9 139 10 127 11 120 12 117 13 110 14 104 15 103 16 92 17 101 98 54 99 55 
429 -0.3352191606622438 0.11012236931288151 0.574512736872356 106 99 94 1.04 0 64 1 66 4 85 5 99 6 127 7 136 8 146 9 140 10 128 11 121 12 118 13 111 14 105 15 104 16 93 17 102 40 278 98 55 99 56 
430 -0.29557900625146366 -0.12106984864562559 0.5757567504533978 183 175 165 1.28 0 65 3 69 4 86 5 100 6 128 7 137 8 147 9 141 10 129 11 122 12 119 13 112 14 106 15 105 16 94 17 103 26 185 98 56 99 57 
431 -0.6428343988690977 -0.24699279682537756 1.0750304604171346 112 96 87 3.72 0 66 1 67 2 68 3 70 4 87 5 101 7 138 8 148 9 142 10 130 11 123 12 120 13 113 14 107 15 106 16 95 17 104 18 235 19 248 
432 0.15127602366241763 -0.020654749178441293 0.6818319409895844 137 141 146 4.04 4 88 5 102 6 129 7 139 8 149 9 143 10 131 11 124 12 121 13 114 14 108 15 107 16 96 17 105 18 236 19 249 20 259 21 242 22 252 23 240 26 186 36 202 38 265 39 256 40 279 41 133 42 285 43 294 46 142 47 144 48 148 
433 0.014636285754013526 0.23709231537498032 0.635986332895233 106 102 110 3.76 3 71 4 89 5 103 6 130 7 140 8 150 9 144 10 132 11 125 12 122 13 115 14 109 
434 -0.2940602114987369 -0.25710691765991955 0.5984895812614255 77 66 61 1.7 0 67 1 68 2 69 3 72 4 90 5 104 6 131 7 141 8 151 9 145 10 133 11 126 12 123 13 116 14 110 15 108 16 97 17 106 26 187 38 266 98 57 99 58 
435 -0.8159030900752471 0.28570427534826537 0.8433749067914655 19 25 33 4.16 0 68 1 69 2 70 3 73 4 91 5 105 6 132 7 142 8 152 9 146 10 134 11 127 
436 -0.28612453573540486 0.13292251945959382 0.504864642141077 170 160 150 2.3 0 69 3 74 4 92 5 106 6 133 7 143 8 153 9 147 10 135 11 128 12 124 13 117 14 111 15 109 16 98 17 107 26 188 36 203 38 267 49 143 98 58 99 59 
437 -0.667075189951099 -0.20991308155276495 1.0064102955981475 111 104 86 3.17 0 70 1 70 2 71 3 75 4 93 5 107 6 134 7 144 8 154 9 148 10 136 11 129 12 125 13 118 14 112 15 110 16 99 17 108 99 60 
438 -0.2942238618475438 -0.27313454181236246 0.5890373916696865 155 171 187 1.75 0 71 1 71 2 72 3 76 4 94 5 108 6 135 7 145 8 155 9 149 10 137 11 130 12 126 13 119 14 113 15 111 16 100 17 109 26 189 38 268 98 59 99 61 
439 -0.0014086725931081801 -0.17266873813865144 0.793201344518957 55 58 67 4.01 5 109 6 136 7 146 8 156 9 150 10 138 11 131 12 127 13 120 14 114 15 112 16 101 17 110 18 237 19 250 20 260 21 243 22 253 23 241 39 257 40 280 41 134 47 145 48 149 49 144 
440 -0.786278914016795 -0.01963436412426155 0.896552645013748 82 89 62 3.5 0 72 1 72 2 73 3 77 4 95 5 110 6 137 7 147 8 157 9 151 10 139 11 132 12 128 13 121 15 113 98 60 99 62 
441 -0.6738875759727536 0.20552800823023634 1.0471304843468565 60 44 45 1.06 0 73 1 73 2 74 3 78 4 96 5 111 6 138 8 158 9 152 10 140 11 133 12 129 13 122 14 115 15 114 16 102 17 111 98 61 99 63 
442 -0.8278018154044964 0.3342393957312041 0.88995799883312 61 59 61 2.74 0 74 1 74 2 75 3 79 4 97 5 112 6 139 7 148 8 159 9 153 10 141 11 134 98 62 99 64 
443 -0.7397956313392681 0.21803997173586115 1.1230307244822344 45 53 45 1.46 0 75 1 75 2 76 3 80 4 98 5 113 6 140 9 154 10 142 11 135 12 130 13 123 14 116 15 115 16 103 17 112 99 65 
444 0.11467115601849373 -0.26260603609214883 0.6787046206796999 68 66 68 3.18 0 76 3 81 4 99 5 114 6 141 7 149 8 160 9 155 10 143 11 136 12 131 13 124 14 117 15 116 16 104 17 113 18 238 19 251 20 261 21 244 22 254 23 242 26 190 38 269 39 258 40 281 41 135 42 286 43 295 46 143 47 146 48 150 49 145 
445 -0.3306217736990179 -0.2720558538067719 0.6463321417490655 95 99 100 2.88 0 77 1 76 2 77 3 82 4 100 5 115 6 142 7 150 8 161 9 156 10 144 11 137 12 132 13 125 14 118 15 117 16 105 17 114 18 239 19 252 21 245 98 63 99 66 
446 -0.6765387176580069 -0.18717647609378002 0.3661072202748283 255 241 237 5.08 1 77 4 101 5 116 6 143 7 151 40 282 41 136 
447 -0.779305465897911 0.3182219891749221 0.8294294185177015 69 68 69 1.92 0 78 1 78 2 78 3 83 4 102 5 117 6 144 7 152 8 162 9 157 10 145 11 138 12 133 13 126 98 64 99 67 
448 -0.1668694668927953 -0.05938215591783577 0.6323379266850999 89 85 81 3.74 4 103 5 118 6 145 7 153 8 163 9 158 10 146 11 139 12 134 13 127 14 119 15 118 16 106 17 115 18 240 19 253 20 262 21 246 22 255 23 243 26 191 39 259 40 283 49 146 
449 -0.28485754750135417 -0.28388842498667216 0.5852832677253531 35 35 38 4.37 0 79 1 79 2 79 3 84 4 104 5 119 6 146 7 154 8 164 9 159 10 147 11 140 12 135 13 128 14 120 15 119 16 107 17 116 18 241 19 254 20 263 22 256 26 192 38 270 99 68 
450 -0.5797695104248106 0.22391316485724755 0.7360756638309489 201 209 227 3.14 0 80 1 80 2 80 3 85 4 105 5 120 6 147 7 155 8 165 9 160 10 148 11 141 12 136 13 129 14 121 15 120 16 108 98 65 99 69 
451 -0.8770118093144382 0.30906110266347653 0.9102502021623979 18 21 23 3.44 0 81 1 81 2 81 3 86 4 106 5 121 6 148 7 156 8 166 9 161 10 149 98 66 99 70 
452 -0.27477994885015905 0.18367735584513287 0.48428911113265627 140 111 101 1.66 0 82 1 82 2 82 3 87 4 107 5 122 6 149 7 157 8 167 9 162 10 150 11 142 12 137 13 130 14 122 15 121 16 109 17 117 26 193 98 67 99 71 
453 -0.09495905025603381 -0.03887730368894657 0.6821527240834951 107 88 83 6.41 4 108 5 123 6 150 7 158 8 168 9 163 10 151 11 143 12 138 13 131 14 123 36 204 38 271 39 260 40 284 48 151 49 147 
454 -0.6829262273033433 0.24915076669885905 0.4798535890754652 81 66 73 3.01 0 83 1 83 2 83 3 88 4 109 5 124 6 151 7 159 8 169 9 164 10 152 11 144 
455 -0.6723832539746588 0.21913902864874146 1.0434826463108586 45 34 35 1.05 0 84 1 84 2 84 3 89 4 110 5 125 6 152 8 170 9 165 10 153 11 145 12 139 13 132 14 124 15 122 16 110 17 118 98 68 99 72 
456 -0.21966587848888278 -0.07361736052125799 0.597433221396475 121 111 108 3.68 4 111 5 126 6 153 7 160 8 171 9 166 10 154 11 146 12 140 13 133 14 125 15 123 16 111 17 119 18 242 19 255 20 264 21 247 22 257 23 244 26 194 36 205 38 272 49 148 
457 -0.3644172056351389 0.16073043546066212 0.6041964648447741 160 149 134 1.13 0 85 1 85 2 85 3 90 4 112 5 127 6 154 7 161 8 172 9 167 10 155 11 147 12 141 13 134 14 126 15 124 16 112 17 120 98 69 99 73 
458 -0.6822307115303622 -0.2143083104973816 1.0043037549708937 58 78 46 6.34 0 86 1 86 2 86 3 91 4 113 5 128 6 155 7 162 8 173 9 168 10 156 11 148 12 142 13 135 14 127 15 125 16 113 17 121 99 74 
459 -0.6172796023769108 0.2304569881857751 0.6965103691360275 164 172 191 1.29 0 87 1 87 2 87 3 92 4 114 5 129 6 156 7 163 8 174 9 169 10 157 11 149 12 143 13 136 14 128 15 126 98 70 99 75 
460 0.14006050635771733 -0.15972769686566116 0.6733750277928306 65 60 63 2.83 3 93 4 115 5 130 6 157 7 164 8 175 9 170 10 158 11 150 12 144 13 137 14 129 15 127 16 114 17 122 18 243 19 256 20 265 21 248 22 258 23 245 26 195 38 273 39 261 40 285 41 137 42 287 43 296 46 144 47 147 48 152 49 149 
461 -0.17278291813472912 -0.20350234977541973 0.6771802873806827 34 25 27 2.64 3 94 4 116 5 131 6 158 7 165 8 176 9 171 10 159 11 151 12 145 13 138 14 130 15 128 16 115 17 123 18 244 22 259 26 196 39 262 40 286 48 153 49 150 
462 -0.5873017421900452 0.23514269008505487 0.714020988429048 167 176 193 1.2 0 88 1 88 2 88 3 95 4 117 5 132 6 159 7 166 8 177 9 172 10 160 11 152 12 146 13 139 14 131 15 129 98 71 99 76 
463 0.3227827217833175 0.1282795713824585 0.7178935884066305 129 130 130 2.75 4 118 5 133 6 160 7 167 8 178 9 173 10 161 11 153 12 147 13 140 14 132 15 130 16 116 17 124 18 245 19 257 20 266 21 249 22 260 23 246 26 197 35 198 36 206 37 190 38 274 39 263 40 287 41 138 42 288 43 297 46 145 47 148 48 154 49 151 
464 0.606598902592982 0.1493175950975275 1.180279841046388 128 124 124 3.45 6 161 7 168 8 179 9 174 10 162 11 154 17 125 18 246 19 258 20 267 21 250 22 261 26 198 35 199 36 207 37 191 38 275 39 264 40 288 41 139 42 289 43 298 46 146 47 149 48 155 49 152 
465 0.4515236932804702 -0.11050866093805 0.8859236229071055 73 64 59 4.58 5 134 7 169 8 180 9 175 10 163 11 155 12 148 13 141 14 133 15 131 16 117 17 126 18 247 19 259 20 268 21 251 22 262 23 247 26 199 35 200 36 208 37 192 38 276 39 265 40 289 41 140 42 290 43 299 46 147 47 150 48 156 49 153 
466 0.4740249671961672 0.2005785190512274 0.8648299631536784 75 70 64 5.21 4 119 8 181 9 176 10 164 11 156 12 149 13 142 14 134 15 132 16 118 17 127 18 248 19 260 20 269 21 252 22 263 23 248 26 200 35 201 36 209 37 193 38 277 39 266 40 290 41 141 42 291 43 300 46 148 47 151 48 157 49 154 
467 -0.05223581624388933 0.13061854818439744 0.6864736763557907 90 89 90 2.4 5 135 6 162 7 170 8 182 9 177 10 165 11 157 12 150 13 143 14 135 15 133 16 119 17 128 18 249 19 261 20 270 21 253 22 264 23 249 26 201 36 210 38 278 41 142 42 292 43 301 48 158 49 155 
468 0.6681068302168969 0.1963501958709929 1.2143075897653872 125 115 106 3.03 6 163 7 171 8 183 9 178 10 166 19 262 20 271 22 265 23 250 35 202 36 211 37 194 38 279 39 267 40 291 41 143 42 293 43 302 46 149 47 152 48 159 49 156 
469 0.5923862931481076 0.1356113538106456 1.1736697792691673 81 86 85 3.8 6 164 7 172 8 184 9 179 10 167 11 158 15 134 17 129 18 250 20 272 21 254 22 266 23 251 26 202 35 203 36 212 37 195 38 280 39 268 40 292 41 144 42 294 43 303 46 150 47 153 48 160 49 157 
470 0.5381671979025686 0.1616010579745595 1.148222445249661 63 75 83 2.73 6 165 7 173 8 185 9 180 10 168 11 159 12 151 15 135 18 251 19 263 21 255 22 267 23 252 26 203 35 204 36 213 37 196 38 281 39 269 40 293 41 145 42 295 43 304 46 151 47 154 48 161 49 158 20 273 
471 0.6375587207851388 0.26554570495902274 1.1659494719282715 133 127 123 3.91 6 166 8 186 10 169 11 160 19 264 20 274 35 205 36 214 37 197 38 282 39 270 40 294 41 146 42 296 43 305 46 152 47 155 48 162 49 159 
472 0.4789248003230727 0.23141401316635005 0.8328252926986142 28 24 25 2.62 11 161 12 152 13 144 14 136 16 120 17 130 18 252 19 265 20 275 21 256 22 268 23 253 26 204 35 206 36 215 37 198 38 283 39 271 40 295 41 147 42 297 43 306 
473 0.6378522689149313 0.29947484553862336 0.9251093313330615 60 62 68 4.72 11 162 12 153 13 145 18 253 19 266 20 276 21 257 22 269 23 254 35 207 36 216 38 284 39 272 40 296 46 153 47 156 48 163 49 160 
474 0.7721052345312047 0.30405850580289445 1.037406102691276 37 34 34 6.38 35 208 36 217 38 285 39 273 40 297 41 148 42 298 43 307 46 154 47 157 48 164 49 161 
475 0.5370263500607056 0.12388474375301542 1.1313885445592937 117 113 112 3.27 5 136 6 167 7 174 8 187 9 181 10 170 11 163 12 154 15 136 17 131 18 254 19 267 21 258 22 270 23 255 26 205 35 209 36 218 37 199 38 286 39 274 40 298 41 149 42 299 43 308 46 155 47 158 48 165 49 162 20 277 
476 0.15517074893936228 -0.02270008642769401 0.8716139169631751 60 49 44 2.37 5 137 6 168 7 175 8 188 9 182 10 171 11 164 12 155 13 146 14 137 15 137 16 121 17 132 18 255 19 268 20 278 21 259 22 271 23 256 26 206 36 219 37 200 38 287 39 275 41 150 42 300 43 309 46 156 47 159 48 166 49 163 
477 0.6016796197792516 0.03914995598424122 1.2130110607509021 65 71 74 3.41 6 169 7 176 8 189 9 183 10 172 11 165 17 133 18 256 20 279 21 260 22 272 26 207 35 210 36 220 37 201 38 288 39 276 40 299 41 151 42 301 43 310 46 157 47 160 48 167 49 164 
478 0.7081180784015959 0.31160071248099486 0.8903765308151628 57 50 48 6.21 8 190 9 184 10 173 12 156 35 211 36 221 40 300 41 152 47 161 48 168 
479 0.5688777567948814 -0.008059888336775204 0.9843232207655952 95 99 96 4.06 4 120 5 138 7 177 8 191 9 185 10 174 11 166 12 157 13 147 14 138 15 138 16 122 17 134 18 257 19 269 20 280 21 261 22 273 23 257 26 208 35 212 36 222 37 202 38 289 39 277 40 301 41 153 42 302 43 311 46 158 47 162 48 169 49 165 
480 0.032250936219656925 0.11802352161432045 0.725726927670902 27 26 29 4.87 5 139 6 170 7 178 8 192 9 186 10 175 11 167 12 158 13 148 14 139 15 139 16 123 17 135 18 258 19 270 20 281 26 209 36 223 37 203 38 290 39 278 40 302 41 154 42 303 43 312 47 163 48 170 49 166 
481 0.6040906070014621 -0.07609365835404222 1.0255975813327018 89 80 78 3.04 4 121 7 179 8 193 9 187 10 176 11 168 12 159 13 149 14 140 15 140 16 124 17 136 18 259 19 271 20 282 21 262 22 274 23 258 26 210 35 213 36 224 37 204 38 291 39 279 40 303 41 155 42 304 43 313 46 159 47 164 48 171 49 167 
482 0.39237478875507226 0.13383579915003863 1.0209138626929182 95 104 118 2.62 5 140 6 171 7 180 8 194 9 188 10 177 11 169 12 160 13 150 14 141 17 137 18 260 19 272 20 283 21 263 22 275 23 259 35 214 36 225 37 205 38 292 40 304 41 156 42 305 43 314 46 160 47 165 48 172 49 168 26 211 39 280 
483 0.6143560207544575 -0.080512517342825 1.25829327645554 117 109 102 3.29 6 172 10 178 11 170 17 138 19 273 20 284 21 264 35 215 36 226 37 206 38 293 39 281 40 305 41 157 42 306 43 315 46 161 47 166 48 173 49 169 
484 0.32507711950563234 0.0640751820816245 0.7381252669951023 135 137 138 3.56 4 122 5 141 7 181 8 195 9 189 10 179 11 171 12 161 13 151 14 142 15 141 16 125 17 139 18 261 19 274 20 285 21 265 22 276 23 260 26 212 35 216 36 227 37 207 38 294 39 282 40 306 41 158 42 307 43 316 46 162 47 167 48 174 49 170 
485 0.7587161328648488 0.2705636073272139 0.9137787180982702 28 36 24 6.05 7 182 8 196 9 190 12 162 35 217 36 228 38 295 39 283 40 307 41 159 42 308 43 317 46 163 47 168 48 175 
486 0.5607672854016612 0.26451658306611775 0.7280075406680702 22 24 28 5.78 8 197 9 191 12 163 20 286 21 266 22 277 23 261 26 213 35 218 36 229 38 296 39 284 40 308 41 160 42 309 43 318 47 169 
487 0.4969294392298308 0.2526562573709002 0.6799440144417986 24 25 30 6.12 8 198 9 192 12 164 21 267 22 278 23 262 26 214 35 219 36 230 38 297 39 285 40 309 41 161 42 310 43 319 47 170 20 287 
488 0.6545944840816149 0.3058855708960653 0.9501653024398078 42 41 42 4.33 4 123 10 180 11 172 12 165 13 152 14 143 18 262 19 275 20 288 21 268 22 279 23 263 35 220 36 231 38 298 40 310 43 320 46 164 47 171 48 176 49 171 
489 0.1035255040544144 0.08698787014725658 0.8238362369774526 79 81 80 2.03 5 142 6 173 7 183 8 199 9 193 10 181 11 173 12 166 13 153 14 144 15 142 16 126 17 140 18 263 19 276 20 289 22 280 23 264 26 215 35 221 36 232 37 208 38 299 39 286 40 311 42 311 43 321 46 165 47 172 48 177 49 172 
490 0.052427504944932306 0.16692244363253703 0.7128700468433891 21 20 21 6.86 5 143 6 174 7 184 8 200 9 194 10 182 11 174 12 167 13 154 14 145 15 143 16 127 17 141 18 264 26 216 35 222 36 233 37 209 38 300 39 287 40 312 41 162 48 178 49 173 
491 0.5723590610937942 0.04717391086817 0.9685925365321769 147 150 145 5.01 4 124 5 144 8 201 9 195 10 183 11 175 12 168 13 155 14 146 15 144 16 128 17 142 18 265 19 277 20 290 21 269 22 281 23 265 26 217 35 223 36 234 37 210 38 301 39 288 40 313 41 163 42 312 43 322 46 166 47 173 48 179 49 174 
492 0.7728901390562593 0.3211946372224288 0.9487839017909936 73 65 64 6.76 8 202 9 196 10 184 35 224 36 235 40 314 41 164 48 180 
493 0.6995164278493888 -0.07812697452184841 1.324786317294087 104 82 76 3.67 19 278 21 270 22 282 23 266 35 225 36 236 37 211 38 302 39 289 40 315 41 165 42 313 43 323 46 167 47 174 48 181 49 175 
494 0.5710090567613298 -0.09513716194654175 0.9793472799313779 81 74 71 3.96 4 125 5 145 7 185 8 203 9 197 10 185 11 176 12 169 13 156 14 147 15 145 16 129 17 143 18 266 19 279 20 291 21 271 22 283 23 267 26 218 35 226 36 237 37 212 38 303 39 290 40 316 41 166 42 314 43 324 46 168 47 175 48 182 49 176 
495 0.022538461032577093 0.03774737820646541 0.7472392812012107 26 23 28 4.41 5 146 6 175 7 186 8 204 9 198 10 186 11 177 12 170 13 157 14 148 15 146 16 130 17 144 18 267 35 227 36 238 37 213 40 317 41 167 42 315 47 176 48 183 49 177 
496 0.11585491256619343 -0.10561844638443361 0.8870733295967792 41 36 30 2.37 5 147 6 176 7 187 8 205 9 199 10 187 11 178 12 171 13 158 14 149 15 147 16 131 17 145 18 268 19 280 20 292 21 272 22 284 23 268 26 219 36 239 37 214 38 304 39 291 41 168 42 316 43 325 46 169 47 177 48 184 49 178 
497 0.6817132169132182 0.130665793221974 1.2550852061822317 133 122 114 2.66 6 177 7 188 8 206 9 200 10 188 18 269 19 281 20 293 22 285 23 269 35 228 36 240 37 215 38 305 39 292 40 318 41 169 42 317 43 326 46 170 47 178 48 185 49 179 
498 0.32695222228074794 0.22857634697278492 0.5714937838067464 26 26 27 5.07 6 178 8 207 9 201 11 179 12 172 14 150 18 270 19 282 20 294 21 273 22 286 23 270 26 220 36 241 38 306 39 293 40 319 41 170 42 318 43 327 47 179 
499 0.14504050148728953 0.08992309733154799 0.8410095465567462 80 92 91 2.19 5 148 6 179 7 189 8 208 9 202 10 189 11 180 12 173 13 159 14 151 15 148 16 132 17 146 18 271 19 283 20 295 21 274 22 287 23 271 26 221 35 229 36 242 37 216 38 307 39 294 41 171 42 319 43 328 46 171 47 180 48 186 49 180 
500 0.6176167841132538 0.2614055827764719 0.8047873815677276 114 102 101 6.02 8 209 9 203 11 181 12 174 19 284 21 275 22 288 23 272 26 222 35 230 36 243 38 308 39 295 40 320 41 172 42 320 43 329 46 172 47 181 
501 0.6133415644667611 0.22071672872060735 0.9505580893869974 118 110 105 2.91 4 126 8 210 9 204 10 190 11 182 12 175 13 160 14 152 16 133 17 147 18 272 19 285 20 296 21 276 22 289 23 273 26 223 35 231 36 244 37 217 38 309 39 296 40 321 41 173 42 321 43 330 46 173 47 182 48 187 49 181 
502 -0.03799111656719912 -0.0791120852298845 0.7649114408420539 65 76 78 2.65 5 149 6 180 7 190 8 211 9 205 10 191 11 183 12 176 13 161 14 153 15 149 16 134 17 148 18 273 19 286 20 297 21 277 22 290 23 274 26 224 36 245 37 218 38 310 40 322 41 174 42 322 47 183 48 188 49 182 
503 0.3814153616975409 0.24361391447639555 0.651893561936569 75 69 72 4.23 8 212 9 206 10 192 11 184 12 177 13 162 14 154 16 135 17 149 18 274 19 287 20 298 21 278 22 291 23 275 26 225 35 232 36 246 38 311 39 297 40 323 41 175 42 323 43 331 46 174 47 184 
504 0.2075477254078694 0.19879541457643737 0.5834577820216418 89 76 73 3.68 3 96 5 150 11 185 12 178 13 163 14 155 15 150 16 136 17 150 18 275 19 288 20 299 21 279 22 292 23 276 26 226 36 247 38 312 39 298 40 324 41 176 42 324 43 332 46 175 47 185 48 189 
505 0.6873129174775952 0.15850367990409875 1.2636830935759602 20 16 15 3.41 6 181 10 193 19 289 20 300 21 280 22 293 23 277 35 233 36 248 37 219 38 313 39 299 40 325 41 177 42 325 43 333 46 176 47 186 48 190 49 183 
506 0.39825550733835746 -0.08165859290026159 1.0946499644451215 45 38 32 2.63 5 151 6 182 7 191 8 213 9 207 10 194 11 186 12 179 13 164 14 156 16 137 17 151 18 276 19 290 20 301 21 281 22 294 23 278 26 227 35 234 36 249 37 220 39 300 40 326 41 178 42 326 43 334 46 177 47 187 48 191 49 184 
507 -0.18975825989003878 0.005412685450251643 0.6043903958536675 42 33 31 3.28 4 127 5 152 6 183 7 192 8 214 9 208 10 195 11 187 12 180 13 165 14 157 15 151 16 138 17 152 18 277 22 295 23 279 26 228 36 250 40 327 41 179 48 192 49 185 
508 0.6251745940484851 0.17435754137481255 1.1859681516448046 137 136 136 3.29 6 184 7 193 8 215 9 209 10 196 17 153 19 291 20 302 21 282 26 229 35 235 36 251 37 221 38 314 39 301 40 328 41 180 42 327 43 335 46 178 47 188 48 193 49 186 
509 0.7712110075552797 0.2729698889880591 0.9786003893161707 56 68 59 5.21 11 188 12 181 35 236 36 252 37 222 38 315 39 302 40 329 41 181 42 328 43 336 46 179 47 189 48 194 49 187 
510 0.4707320502069713 -0.10898718185121103 0.9238393544624522 91 89 91 3.07 4 128 5 153 7 194 8 216 9 210 10 197 11 189 12 182 13 166 14 158 15 152 16 139 17 154 18 278 19 292 20 303 21 283 22 296 23 280 26 230 35 237 36 253 37 223 38 316 39 303 40 330 41 182 42 329 43 337 46 180 47 190 48 195 49 188 
511 0.5787966419942171 -0.0014515603219887629 1.2173150105614907 111 110 115 3.39 5 154 6 185 7 195 8 217 9 211 10 198 11 190 15 153 17 155 18 279 20 304 21 284 22 297 23 281 26 231 35 238 36 254 37 224 38 317 39 304 40 331 41 183 42 330 43 338 46 181 47 191 48 196 49 189 
512 0.6207327638113621 0.2540030186172547 0.9406585792912932 140 142 144 3.46 10 199 11 191 12 183 13 167 14 159 16 140 17 156 18 280 19 293 20 305 21 285 22 298 23 282 26 232 35 239 36 255 37 225 38 318 39 305 40 332 41 184 46 182 47 192 48 197 49 190 
513 -0.2107813531511465 0.13900210929465293 0.5542157508753517 93 93 88 3.78 5 155 6 186 7 196 8 218 9 212 10 200 11 192 12 184 13 168 14 160 15 154 16 141 17 157 18 281 19 294 20 306 21 286 22 299 23 283 26 233 36 256 38 319 41 185 48 198 49 191 
514 0.6294007341559658 -0.10238886902010129 1.2714004764894191 66 53 48 3.29 10 201 11 193 19 295 20 307 23 284 26 234 35 240 36 257 37 226 38 320 39 306 40 333 41 186 42 331 43 339 46 183 47 193 48 199 49 192 
515 0.669666662097425 -0.06491246814854375 1.30050285931663 68 53 53 3.44 5 156 6 187 7 197 9 213 10 202 17 158 19 296 20 308 22 300 23 285 35 241 36 258 37 227 38 321 39 307 40 334 41 187 42 332 43 340 46 184 47 194 48 200 49 193 
516 0.3728596119627248 0.22149021949578368 0.509548472947907 89 84 78 3.8 20 309 21 287 22 301 23 286 26 235 36 259 
517 0.604988207394062 0.2770516456208655 0.839995558249666 70 74 84 5.3 11 194 12 185 14 161 19 297 20 310 21 288 22 302 23 287 26 236 35 242 36 260 38 322 39 308 40 335 41 188 42 333 43 341 46 185 
518 0.5874507879173188 0.2648967305364286 1.1425709413814151 106 108 112 3.45 6 188 7 198 8 219 9 214 10 203 11 195 12 186 17 159 18 282 20 311 21 289 22 303 23 288 26 237 35 243 36 261 37 228 38 323 39 309 40 336 41 189 42 334 43 342 46 186 47 195 48 201 49 194 
519 0.3227756317534078 -0.14426730687549857 0.8330951004885851 54 44 37 3.54 4 129 5 157 6 189 7 199 8 220 9 215 10 204 11 196 12 187 13 169 14 162 15 155 16 142 17 160 18 283 19 298 20 312 21 290 22 304 23 289 26 238 36 262 37 229 38 324 39 310 40 337 41 190 42 335 43 343 46 187 47 196 48 202 49 195 
520 0.4935643445193955 -0.062092631074814136 1.1268977986094255 38 27 20 4.06 5 158 6 190 7 200 8 221 9 216 10 205 11 197 12 188 15 156 16 143 18 284 19 299 22 305 23 290 26 239 35 244 36 263 37 230 38 325 39 311 40 338 41 191 42 336 43 344 46 188 47 197 48 203 49 196 
521 0.5867145789255148 0.23942371714628588 1.1513586563952154 101 95 100 3.62 6 191 7 201 8 222 9 217 10 206 11 198 12 189 15 157 17 161 18 285 20 313 21 291 22 306 23 291 26 240 35 245 36 264 37 231 38 326 39 312 40 339 41 192 42 337 43 345 46 189 47 198 48 204 49 197 
522 0.5710994537154616 0.27150450651517133 0.7233118284645875 93 69 64 4.3 35 246 36 265 38 327 40 340 41 193 42 338 43 346 
523 0.4358286935915145 0.015540561578591182 0.8520832082163025 129 119 108 2.41 4 130 5 159 7 202 8 223 9 218 10 207 11 199 12 190 13 170 14 163 15 158 16 144 17 162 18 286 19 300 20 314 21 292 22 307 23 292 26 241 35 247 36 266 37 232 38 328 39 313 40 341 41 194 42 339 43 347 46 190 47 199 48 205 49 198 
524 0.6840130019856026 0.29344755854790233 1.1788510791776854 77 69 69 5.61 6 192 23 293 35 248 36 267 37 233 38 329 39 314 40 342 41 195 42 340 43 348 46 191 47 200 48 206 49 199 
525 0.39066318854532006 0.0770827097691141 0.8485389717379193 94 75 64 7.44 4 131 5 160 35 249 36 268 37 234 38 330 39 315 40 343 41 196 42 341 43 349 46 192 47 201 
526 0.5301077167655112 0.03912774769376466 1.1641896133629883 168 186 200 2.51 6 193 7 203 8 224 9 219 10 208 11 200 12 191 15 159 18 287 19 301 21 293 22 308 23 294 26 242 35 250 36 269 37 235 38 331 39 316 40 344 41 197 42 342 43 350 46 193 47 202 48 207 49 200 
527 0.6411087974727334 0.2385628320484453 1.1756676638861123 122 116 117 4.08 6 194 7 204 8 225 10 209 11 201 17 163 19 302 20 315 23 295 35 251 36 270 37 236 38 332 39 317 40 345 41 198 42 343 43 351 46 194 47 203 48 208 49 201 
528 0.6142651149871612 0.08166467397397617 0.9579351089831495 182 195 203 5.03 4 132 5 161 7 205 8 226 9 220 10 210 11 202 12 192 13 171 14 164 16 145 17 164 18 288 19 303 20 316 21 294 22 309 23 296 26 243 35 252 36 271 37 237 38 333 39 318 40 346 41 199 42 344 43 352 46 195 47 204 48 209 49 202 
529 0.47442805932641796 0.2304287932954938 0.6885535801947686 33 36 41 4.96 6 195 8 227 9 221 11 203 12 193 19 304 20 317 21 295 22 310 23 297 26 244 35 253 36 272 38 334 39 319 40 347 41 200 42 345 43 353 47 205 
530 0.6382061359814255 0.08636593027625189 1.228814126211282 134 122 113 3.08 6 196 7 206 8 228 9 222 10 211 17 165 19 305 20 318 21 296 23 298 26 245 35 254 36 273 37 238 38 335 39 320 40 348 41 201 42 346 43 354 46 196 47 206 48 210 49 203 
531 0.3645698923716849 0.228556736808715 0.9572508451175592 111 116 116 3.21 5 162 6 197 7 207 8 229 9 223 10 212 11 204 12 194 13 172 14 165 17 166 18 289 19 306 20 319 21 297 22 311 23 299 26 246 35 255 36 274 37 239 38 336 39 321 42 347 43 355 46 197 47 207 48 211 49 204 
532 0.7646685050285785 0.32230269490542557 0.9329605801879458 59 48 47 7.58 2 89 8 230 9 224 10 213 12 195 35 256 36 275 
533 0.3998762193408032 0.240503087479997 0.6227606066789457 23 23 26 6.75 8 231 9 225 12 196 36 276 38 337 39 322 40 349 41 202 42 348 43 356 47 208 
534 0.6419875710563568 0.2886920659058721 0.840728530077323 110 105 105 3.89 35 257 36 277 38 338 39 323 40 350 41 203 42 349 43 357 46 198 47 209 
535 0.342472470743862 0.23117342181477263 0.9353290483695829 106 95 79 3.8 5 163 6 198 7 208 8 232 9 226 10 214 11 205 12 197 13 173 14 166 17 167 18 290 19 307 20 320 21 298 22 312 23 300 26 247 35 258 36 278 37 240 38 339 39 324 40 351 43 358 46 199 47 210 48 212 49 205 
536 0.16636682503711764 0.2086818855399276 0.548926695269161 81 70 67 6.57 5 164 7 209 15 160 16 146 17 168 22 313 23 301 26 248 36 279 38 340 39 325 40 352 41 204 42 350 43 359 46 200 47 211 
537 0.10396740428125473 0.13181516417266548 0.7864853264639421 24 15 14 3.5 5 165 6 199 7 210 8 233 9 227 10 215 11 206 12 198 13 174 14 167 15 161 16 147 17 169 18 291 19 308 23 302 26 249 35 259 36 280 37 241 38 341 39 326 40 353 41 205 47 212 48 213 49 206 
