# Camera list with one line of data per camera:
#   CAMERA_ID, MODEL, WIDTH, HEIGHT, PARAMS[]
# Number of cameras: 98
19 RADIAL 518 350 359.6776454357262 259.0 175.0 -0.04019549373790879 0.01057339953127764
20 RADIAL 518 350 359.6776454357262 259.0 175.0 -0.04019549373790879 0.01057339953127764
21 RADIAL 518 350 359.6776454357262 259.0 175.0 -0.04019549373790879 0.01057339953127764
36 RADIAL 518 350 359.6776454357262 259.0 175.0 -0.04019549373790879 0.01057339953127764
37 RADIAL 518 350 359.6776454357262 259.0 175.0 -0.04019549373790879 0.01057339953127764
38 RADIAL 518 350 359.6776454357262 259.0 175.0 -0.04019549373790879 0.01057339953127764
42 RADIAL 518 350 359.6776454357262 259.0 175.0 -0.04019549373790879 0.01057339953127764
48 RADIAL 518 350 359.6776454357262 259.0 175.0 -0.04019549373790879 0.01057339953127764
22 RADIAL 518 350 359.6776454357262 259.0 175.0 -0.04019549373790879 0.01057339953127764
23 RADIAL 518 350 359.6776454357262 259.0 175.0 -0.04019549373790879 0.01057339953127764
24 RADIAL 518 350 359.6776454357262 259.0 175.0 -0.04019549373790879 0.01057339953127764
25 RADIAL 518 350 359.6776454357262 259.0 175.0 -0.04019549373790879 0.01057339953127764
26 RADIAL 518 350 359.6776454357262 259.0 175.0 -0.04019549373790879 0.01057339953127764
27 RADIAL 518 350 359.6776454357262 259.0 175.0 -0.04019549373790879 0.01057339953127764
18 RADIAL 518 350 359.6776454357262 259.0 175.0 -0.04019549373790879 0.01057339953127764
49 RADIAL 518 350 359.6776454357262 259.0 175.0 -0.04019549373790879 0.01057339953127764
28 RADIAL 518 350 359.6776454357262 259.0 175.0 -0.04019549373790879 0.01057339953127764
39 RADIAL 518 350 359.6776454357262 259.0 175.0 -0.04019549373790879 0.01057339953127764
40 RADIAL 518 350 359.6776454357262 259.0 175.0 -0.04019549373790879 0.01057339953127764
41 RADIAL 518 350 359.6776454357262 259.0 175.0 -0.04019549373790879 0.01057339953127764
43 RADIAL 518 350 359.6776454357262 259.0 175.0 -0.04019549373790879 0.01057339953127764
46 RADIAL 518 350 359.6776454357262 259.0 175.0 -0.04019549373790879 0.01057339953127764
47 RADIAL 518 350 359.6776454357262 259.0 175.0 -0.04019549373790879 0.01057339953127764
35 RADIAL 518 350 359.6776454357262 259.0 175.0 -0.04019549373790879 0.01057339953127764
32 RADIAL 518 350 359.6776454357262 259.0 175.0 -0.04019549373790879 0.01057339953127764
34 RADIAL 518 350 359.6776454357262 259.0 175.0 -0.04019549373790879 0.01057339953127764
30 RADIAL 518 350 359.6776454357262 259.0 175.0 -0.04019549373790879 0.01057339953127764
99 RADIAL 518 350 359.6776454357262 259.0 175.0 -0.04019549373790879 0.01057339953127764
29 RADIAL 518 350 359.6776454357262 259.0 175.0 -0.04019549373790879 0.01057339953127764
31 RADIAL 518 350 359.6776454357262 259.0 175.0 -0.04019549373790879 0.01057339953127764
44 RADIAL 518 350 359.6776454357262 259.0 175.0 -0.04019549373790879 0.01057339953127764
45 RADIAL 518 350 359.6776454357262 259.0 175.0 -0.04019549373790879 0.01057339953127764
7 RADIAL 518 350 359.6776454357262 259.0 175.0 -0.04019549373790879 0.01057339953127764
8 RADIAL 518 350 359.6776454357262 259.0 175.0 -0.04019549373790879 0.01057339953127764
9 RADIAL 518 350 359.6776454357262 259.0 175.0 -0.04019549373790879 0.01057339953127764
10 RADIAL 518 350 359.6776454357262 259.0 175.0 -0.04019549373790879 0.01057339953127764
11 RADIAL 518 350 359.6776454357262 259.0 175.0 -0.04019549373790879 0.01057339953127764
12 RADIAL 518 350 359.6776454357262 259.0 175.0 -0.04019549373790879 0.01057339953127764
13 RADIAL 518 350 359.6776454357262 259.0 175.0 -0.04019549373790879 0.01057339953127764
14 RADIAL 518 350 359.6776454357262 259.0 175.0 -0.04019549373790879 0.01057339953127764
15 RADIAL 518 350 359.6776454357262 259.0 175.0 -0.04019549373790879 0.01057339953127764
16 RADIAL 518 350 359.6776454357262 259.0 175.0 -0.04019549373790879 0.01057339953127764
17 RADIAL 518 350 359.6776454357262 259.0 175.0 -0.04019549373790879 0.01057339953127764
5 RADIAL 518 350 359.6776454357262 259.0 175.0 -0.04019549373790879 0.01057339953127764
6 RADIAL 518 350 359.6776454357262 259.0 175.0 -0.04019549373790879 0.01057339953127764
33 RADIAL 518 350 359.6776454357262 259.0 175.0 -0.04019549373790879 0.01057339953127764
0 RADIAL 518 350 359.6776454357262 259.0 175.0 -0.04019549373790879 0.01057339953127764
3 RADIAL 518 350 359.6776454357262 259.0 175.0 -0.04019549373790879 0.01057339953127764
4 RADIAL 518 350 359.6776454357262 259.0 175.0 -0.04019549373790879 0.01057339953127764
50 RADIAL 518 350 359.6776454357262 259.0 175.0 -0.04019549373790879 0.01057339953127764
51 RADIAL 518 350 359.6776454357262 259.0 175.0 -0.04019549373790879 0.01057339953127764
52 RADIAL 518 350 359.6776454357262 259.0 175.0 -0.04019549373790879 0.01057339953127764
53 RADIAL 518 350 359.6776454357262 259.0 175.0 -0.04019549373790879 0.01057339953127764
54 RADIAL 518 350 359.6776454357262 259.0 175.0 -0.04019549373790879 0.01057339953127764
57 RADIAL 518 350 359.6776454357262 259.0 175.0 -0.04019549373790879 0.01057339953127764
58 RADIAL 518 350 359.6776454357262 259.0 175.0 -0.04019549373790879 0.01057339953127764
60 RADIAL 518 350 359.6776454357262 259.0 175.0 -0.04019549373790879 0.01057339953127764
62 RADIAL 518 350 359.6776454357262 259.0 175.0 -0.04019549373790879 0.01057339953127764
63 RADIAL 518 350 359.6776454357262 259.0 175.0 -0.04019549373790879 0.01057339953127764
64 RADIAL 518 350 359.6776454357262 259.0 175.0 -0.04019549373790879 0.01057339953127764
65 RADIAL 518 350 359.6776454357262 259.0 175.0 -0.04019549373790879 0.01057339953127764
66 RADIAL 518 350 359.6776454357262 259.0 175.0 -0.04019549373790879 0.01057339953127764
67 RADIAL 518 350 359.6776454357262 259.0 175.0 -0.04019549373790879 0.01057339953127764
68 RADIAL 518 350 359.6776454357262 259.0 175.0 -0.04019549373790879 0.01057339953127764
69 RADIAL 518 350 359.6776454357262 259.0 175.0 -0.04019549373790879 0.01057339953127764
70 RADIAL 518 350 359.6776454357262 259.0 175.0 -0.04019549373790879 0.01057339953127764
71 RADIAL 518 350 359.6776454357262 259.0 175.0 -0.04019549373790879 0.01057339953127764
98 RADIAL 518 350 359.6776454357262 259.0 175.0 -0.04019549373790879 0.01057339953127764
1 RADIAL 518 350 359.6776454357262 259.0 175.0 -0.04019549373790879 0.01057339953127764
2 RADIAL 518 350 359.6776454357262 259.0 175.0 -0.04019549373790879 0.01057339953127764
59 RADIAL 518 350 359.6776454357262 259.0 175.0 -0.04019549373790879 0.01057339953127764
61 RADIAL 518 350 359.6776454357262 259.0 175.0 -0.04019549373790879 0.01057339953127764
72 RADIAL 518 350 359.6776454357262 259.0 175.0 -0.04019549373790879 0.01057339953127764
74 RADIAL 518 350 359.6776454357262 259.0 175.0 -0.04019549373790879 0.01057339953127764
75 RADIAL 518 350 359.6776454357262 259.0 175.0 -0.04019549373790879 0.01057339953127764
76 RADIAL 518 350 359.6776454357262 259.0 175.0 -0.04019549373790879 0.01057339953127764
77 RADIAL 518 350 359.6776454357262 259.0 175.0 -0.04019549373790879 0.01057339953127764
78 RADIAL 518 350 359.6776454357262 259.0 175.0 -0.04019549373790879 0.01057339953127764
79 RADIAL 518 350 359.6776454357262 259.0 175.0 -0.04019549373790879 0.01057339953127764
80 RADIAL 518 350 359.6776454357262 259.0 175.0 -0.04019549373790879 0.01057339953127764
81 RADIAL 518 350 359.6776454357262 259.0 175.0 -0.04019549373790879 0.01057339953127764
84 RADIAL 518 350 359.6776454357262 259.0 175.0 -0.04019549373790879 0.01057339953127764
85 RADIAL 518 350 359.6776454357262 259.0 175.0 -0.04019549373790879 0.01057339953127764
86 RADIAL 518 350 359.6776454357262 259.0 175.0 -0.04019549373790879 0.01057339953127764
87 RADIAL 518 350 359.6776454357262 259.0 175.0 -0.04019549373790879 0.01057339953127764
88 RADIAL 518 350 359.6776454357262 259.0 175.0 -0.04019549373790879 0.01057339953127764
89 RADIAL 518 350 359.6776454357262 259.0 175.0 -0.04019549373790879 0.01057339953127764
90 RADIAL 518 350 359.6776454357262 259.0 175.0 -0.04019549373790879 0.01057339953127764
91 RADIAL 518 350 359.6776454357262 259.0 175.0 -0.04019549373790879 0.01057339953127764
92 RADIAL 518 350 359.6776454357262 259.0 175.0 -0.04019549373790879 0.01057339953127764
93 RADIAL 518 350 359.6776454357262 259.0 175.0 -0.04019549373790879 0.01057339953127764
94 RADIAL 518 350 359.6776454357262 259.0 175.0 -0.04019549373790879 0.01057339953127764
95 RADIAL 518 350 359.6776454357262 259.0 175.0 -0.04019549373790879 0.01057339953127764
96 RADIAL 518 350 359.6776454357262 259.0 175.0 -0.04019549373790879 0.01057339953127764
73 RADIAL 518 350 359.6776454357262 259.0 175.0 -0.04019549373790879 0.01057339953127764
82 RADIAL 518 350 359.6776454357262 259.0 175.0 -0.04019549373790879 0.01057339953127764
83 RADIAL 518 350 359.6776454357262 259.0 175.0 -0.04019549373790879 0.01057339953127764
97 RADIAL 518 350 359.6776454357262 259.0 175.0 -0.04019549373790879 0.01057339953127764
