# 3D point list with one line of data per point:
#   POINT3D_ID, X, Y, Z, R, G, B, ERROR, TRACK[] as (IMAGE_ID, POINT2D_IDX)
# Number of points: 355, mean track length: 21.65
0 -0.17254707217216492 0.08761469274759293 0.6095338463783264 44 46 45 1.12 0 0 1 0 2 0 3 0 4 0 5 0 9 0 10 0 11 0 12 0 13 0 14 0 15 0 16 0 17 0 18 0 19 0 98 0 99 0 
1 0.06052277982234955 -0.016798757016658783 0.6055343747138977 126 121 117 1.34 0 1 1 1 2 1 3 1 4 1 7 0 8 0 9 1 10 1 11 1 12 1 13 1 14 1 15 1 16 1 17 1 18 1 19 1 98 1 99 1 
2 0.1279950588941574 -0.1017342209815979 0.623091459274292 19 15 15 3.36 0 2 1 2 2 2 3 2 4 2 5 1 6 0 7 1 8 1 9 2 10 2 11 2 12 2 13 2 14 2 15 2 16 2 17 2 18 2 19 2 98 2 99 2 
3 0.30544331669807434 0.17732247710227966 0.47849002480506897 69 77 54 11.92 0 3 1 3 2 3 3 3 4 3 5 2 6 1 7 2 8 2 9 3 10 3 11 3 12 3 13 3 14 3 
4 0.13881804049015045 -0.12453965097665787 0.625099778175354 161 152 141 2.37 0 4 1 4 2 4 3 4 4 4 5 3 6 2 7 3 8 3 9 4 10 4 11 4 12 4 13 4 14 4 15 3 16 3 17 3 18 3 19 3 98 3 99 3 
5 0.11356650292873383 0.17515315115451813 0.5604856014251709 54 46 48 1.76 0 5 1 5 2 5 3 5 4 5 5 4 6 3 7 4 8 4 9 5 10 5 11 5 12 5 13 5 14 5 15 4 16 4 17 4 18 4 19 4 
6 0.16398774087429047 -0.0483999140560627 0.6028425097465515 138 136 133 2.57 0 6 1 6 2 6 3 6 5 5 6 4 7 5 8 5 9 6 10 6 11 6 12 6 13 6 14 6 15 5 16 5 17 5 18 5 19 5 98 4 99 4 
7 0.24046121537685394 0.16576266288757324 0.5448917150497437 143 132 124 2.76 0 7 1 7 2 7 3 7 4 6 5 6 6 5 7 6 8 6 9 7 10 7 11 7 12 7 13 7 14 7 15 6 16 6 17 6 18 6 19 6 20 0 98 5 99 5 
8 0.08107325434684753 0.06781542301177979 0.5841103792190552 57 49 49 1.56 0 8 1 8 2 8 3 8 7 7 8 7 9 8 10 8 11 8 12 8 13 8 14 8 15 7 16 7 17 7 18 7 19 7 98 6 99 6 
9 -0.08479831367731094 0.07784254848957062 0.5991758704185486 103 104 105 0.8 0 9 1 9 2 9 3 9 4 7 5 7 8 8 9 9 10 9 11 9 12 9 13 9 14 9 15 8 16 8 17 8 18 8 98 7 99 7 
10 -0.004894362762570381 0.17745646834373474 0.44256892800331116 35 45 25 3.58 0 10 1 10 2 10 3 10 4 8 5 8 6 6 7 8 8 9 9 10 10 10 11 10 12 10 13 10 15 9 98 8 99 8 
11 -0.0507594533264637 0.15050606429576874 0.45739975571632385 35 37 43 1.52 0 11 1 11 2 11 3 11 4 9 5 9 6 7 7 9 8 10 9 11 10 11 11 11 12 11 13 11 15 10 98 9 99 9 
12 -0.09222225099802017 0.06178536266088486 0.6042384505271912 141 126 108 0.84 0 12 1 12 2 12 3 12 4 10 5 10 9 12 10 12 11 12 12 12 13 12 14 10 15 11 16 9 17 9 18 9 19 8 98 10 99 10 
13 0.06600748747587204 0.1471680849790573 0.5661616325378418 154 151 148 1.41 0 13 1 13 2 13 3 13 4 11 5 11 6 8 7 10 8 11 9 13 10 13 11 13 12 13 13 13 14 11 15 12 16 10 17 10 18 10 19 9 98 11 99 11 
14 0.2894493341445923 -0.11910562217235565 0.6063053011894226 140 129 114 1.97 0 14 1 14 3 14 4 12 5 12 6 9 7 11 8 12 9 14 10 14 11 14 12 14 13 14 14 12 15 13 16 11 17 11 18 11 19 10 20 1 21 0 22 0 23 0 26 0 38 0 98 12 99 12 
15 0.15230624377727509 -0.10065639019012451 0.6164997220039368 150 145 142 2.06 0 15 1 15 2 14 3 15 4 13 6 10 7 12 8 13 9 15 10 15 11 15 12 15 13 15 14 13 15 14 16 12 17 12 18 12 19 11 98 13 99 13 
16 0.11606208235025406 0.12988148629665375 0.5727916359901428 72 67 75 2.3 0 16 1 16 2 15 3 16 4 14 6 11 7 13 8 14 9 16 10 16 11 16 12 16 13 16 14 14 15 15 16 13 17 13 18 13 19 12 98 14 99 14 
17 0.06795305013656616 0.18136224150657654 0.4618498980998993 61 56 52 2.65 0 17 1 17 2 16 3 17 4 15 5 13 6 12 7 14 8 15 9 17 10 17 11 17 12 17 13 17 14 15 15 16 98 15 99 15 
18 0.08146125823259354 0.10978195816278458 0.5754156708717346 97 81 80 1.98 0 18 1 18 2 17 3 18 4 16 6 13 7 15 8 16 9 18 10 18 11 18 12 18 13 18 14 16 15 17 16 14 17 14 18 14 19 13 98 16 99 16 
19 0.26614099740982056 0.1591072529554367 0.4566190838813782 145 158 177 3.74 0 19 1 19 2 18 3 19 4 17 5 14 6 14 7 16 8 17 9 19 10 19 11 19 12 19 13 19 14 17 99 17 
20 0.0815441831946373 -0.10031012445688248 0.624932050704956 61 55 56 1.72 0 20 1 20 2 19 3 20 4 18 5 15 6 15 7 17 8 18 9 20 10 20 11 20 12 20 13 20 14 18 15 18 16 15 17 15 18 15 19 14 98 17 99 18 
21 -0.1030041053891182 0.005073538050055504 0.6186511516571045 149 155 159 0.99 0 21 1 21 2 20 3 21 4 19 5 16 9 21 10 21 11 21 12 21 13 21 14 19 15 19 16 16 17 16 18 16 98 18 99 19 
22 -0.1334638148546219 0.04598870500922203 0.616567850112915 129 123 114 0.89 0 22 1 22 2 21 3 22 4 20 5 17 9 22 10 22 11 22 12 22 13 22 14 20 15 20 16 17 17 17 98 19 99 20 
23 0.11869890987873077 0.04046527296304703 0.5857798457145691 122 94 90 1.74 0 23 1 23 2 22 3 23 4 21 7 18 8 19 9 23 10 23 11 23 12 23 13 23 14 21 15 21 16 18 17 18 18 17 98 20 99 21 
24 0.1604960411787033 0.029039893299341202 0.5840597152709961 115 105 101 2.25 0 24 1 24 2 23 3 24 6 16 7 19 8 20 9 24 10 24 11 24 12 24 13 24 14 22 15 22 16 19 17 19 18 18 19 15 98 21 99 22 
25 0.15020690858364105 0.18109317123889923 0.5411730408668518 80 78 60 4.02 0 25 1 25 2 24 3 25 4 22 5 18 6 17 7 20 8 21 9 25 10 25 11 25 12 25 13 25 14 23 15 23 16 20 17 20 18 19 19 16 98 22 99 23 
26 0.0812520831823349 0.11426310241222382 0.5739394426345825 115 104 102 1.93 0 26 1 26 2 25 3 26 4 23 6 18 7 21 8 22 9 26 10 26 11 26 12 26 13 26 14 24 15 24 16 21 17 21 18 20 19 17 98 23 99 24 
27 0.1413298398256302 0.08478570729494095 0.5786044597625732 34 24 26 3.2 0 27 1 27 2 26 3 27 6 19 7 22 8 23 9 27 10 27 11 27 12 27 13 27 14 25 15 25 16 22 17 22 18 21 19 18 98 24 99 25 
28 0.08504495024681091 -0.07959690690040588 0.6251782774925232 179 195 208 3.4 0 28 1 28 2 27 3 28 4 24 5 19 6 20 7 23 8 24 9 28 10 28 11 28 12 28 13 28 14 26 15 26 16 23 17 23 18 22 19 19 98 25 99 26 
29 0.13670650124549866 -0.008249645121395588 0.5933655500411987 98 97 99 1.85 0 29 1 29 2 28 3 29 6 21 7 24 8 25 9 29 10 29 11 29 12 29 13 29 14 27 15 27 16 24 17 24 18 23 19 20 98 26 99 27 
30 0.1416541188955307 0.13014991581439972 0.5670543909072876 30 20 21 2.63 0 30 1 30 2 29 3 30 5 20 6 22 7 25 8 26 9 30 10 30 11 30 12 30 13 30 14 28 15 28 16 25 17 25 18 24 19 21 98 27 99 28 
31 0.25621432065963745 0.17069657146930695 0.5367097854614258 84 85 82 3.92 0 31 1 31 2 30 3 31 4 25 5 21 6 23 7 26 8 27 9 31 10 31 11 31 12 31 13 31 14 29 15 29 16 26 17 26 18 25 19 22 20 2 98 28 99 29 
32 0.0026142706628888845 0.15516413748264313 0.4676099121570587 103 97 109 1.58 0 32 1 32 2 31 3 32 4 26 5 22 6 24 7 27 8 28 9 32 10 32 11 32 12 32 13 32 14 30 15 30 98 29 99 30 
33 0.08970080316066742 0.04870985448360443 0.5875222682952881 83 68 75 2.0 0 33 1 33 2 32 3 33 4 27 7 28 8 29 9 33 10 33 11 33 12 33 13 33 14 31 15 31 16 27 17 27 18 26 98 30 99 31 
34 -0.06464198976755142 0.0152058657258749 0.6130834221839905 93 85 82 1.25 0 34 1 34 2 33 3 34 4 28 8 30 9 34 10 34 11 34 12 34 13 34 14 32 15 32 16 28 17 28 18 27 98 31 99 32 
35 -0.01705252379179001 0.15699425339698792 0.4731251299381256 91 66 74 1.79 0 35 1 35 2 34 3 35 4 29 5 23 6 25 7 29 8 31 9 35 10 35 11 35 12 35 13 35 14 33 15 33 98 32 99 33 
36 -0.017643487080931664 0.1722019463777542 0.45454707741737366 43 61 34 1.34 0 36 1 36 2 35 3 36 4 30 5 24 6 26 7 30 8 32 9 36 10 36 11 36 12 36 13 36 15 34 98 33 99 34 
37 -0.13195590674877167 0.06570401787757874 0.6095974445343018 123 111 99 0.67 0 37 1 37 2 36 3 37 4 31 5 25 9 37 10 37 11 37 12 37 13 37 14 34 15 35 16 29 17 29 18 28 98 34 99 35 
38 0.021799545735120773 0.1659550964832306 0.46164512634277344 119 123 133 1.66 0 38 1 38 2 37 3 38 4 32 5 26 6 27 7 31 8 33 9 38 10 38 11 38 12 38 13 38 14 35 15 36 98 35 99 36 
39 0.08683393895626068 -0.030584292486310005 0.6133200526237488 197 212 225 2.87 0 39 1 39 2 38 3 39 4 33 6 28 7 32 8 34 9 39 10 39 11 39 12 39 13 39 14 36 15 37 16 30 17 30 18 29 19 23 98 36 99 37 
40 0.09010954201221466 0.10739041119813919 0.5796843767166138 71 55 58 2.11 0 40 1 40 2 39 3 40 4 34 6 29 7 33 8 35 9 40 10 40 11 40 12 40 13 40 14 37 15 38 16 31 17 31 18 30 19 24 98 37 99 38 
41 0.06830620020627975 -0.05619437247514725 0.6150724291801453 152 148 139 1.8 0 41 1 41 2 40 3 41 4 35 6 30 7 34 8 36 9 41 10 41 11 41 12 41 13 41 14 38 15 39 16 32 17 32 18 31 19 25 98 38 99 39 
42 -0.10206139832735062 0.030461622402071953 0.6129801273345947 74 68 68 0.67 0 42 1 42 2 41 3 42 4 36 5 27 9 42 10 42 11 42 12 42 13 42 14 39 15 40 16 33 17 33 18 32 98 39 99 40 
43 0.07542074471712112 0.1833437830209732 0.5434170365333557 98 91 78 2.51 0 43 1 43 2 42 3 43 4 37 5 28 6 31 7 35 8 37 9 43 10 43 11 43 12 43 13 43 14 40 15 41 16 34 17 34 18 33 
44 -0.001628449303098023 0.0475122332572937 0.5929316878318787 186 199 217 1.23 0 44 1 44 2 43 3 44 4 38 8 38 9 44 10 44 11 44 12 44 13 44 14 41 15 42 16 35 17 35 18 34 19 26 98 40 99 41 
45 0.1533699631690979 0.04339819401502609 0.5816266536712646 150 143 135 1.97 0 45 1 45 2 44 3 45 6 32 7 36 8 39 9 45 10 45 11 45 12 45 13 45 14 42 15 43 16 36 17 36 18 35 19 27 98 41 99 42 
46 0.092473603785038 0.1670869141817093 0.5646660923957825 70 53 60 1.67 0 46 1 46 2 45 3 46 4 39 5 29 6 33 7 37 8 40 9 46 10 46 11 46 12 46 13 46 14 43 15 44 16 37 17 37 18 36 
47 0.1506490260362625 0.14235690236091614 0.5595470070838928 145 136 128 2.06 0 47 1 47 2 46 3 47 4 40 5 30 6 34 7 38 8 41 9 47 10 47 11 47 12 47 13 47 14 44 15 45 16 38 17 38 18 37 19 28 98 42 99 43 
48 0.47395968437194824 0.3492215573787689 1.3654297590255737 76 73 77 5.62 35 0 37 0 38 1 39 0 40 0 41 0 42 0 43 0 46 0 47 0 48 0 49 0 
49 0.15333132445812225 0.1995093673467636 1.4779311418533325 128 122 117 3.76 40 1 41 1 42 1 43 1 46 1 47 1 48 1 49 1 
50 0.33137837052345276 0.3454791307449341 1.4307725429534912 58 52 50 5.2 40 2 41 2 42 2 43 2 46 2 47 2 48 2 49 2 
51 0.39293453097343445 0.38206490874290466 1.5131076574325562 31 34 40 7.02 43 3 46 3 47 3 48 3 49 3 
52 0.4406323730945587 0.07163678109645844 0.8332890868186951 115 116 119 3.32 4 41 5 31 6 35 7 39 8 42 9 48 10 48 11 48 12 48 13 48 14 45 15 46 16 39 17 39 18 38 19 29 20 3 21 1 22 1 23 1 26 1 36 0 38 2 39 1 40 3 41 3 42 3 43 4 46 4 47 4 48 4 49 4 
53 0.36659184098243713 0.16040228307247162 1.372930645942688 114 118 127 4.3 6 36 7 40 8 43 9 49 19 30 20 4 22 2 23 2 35 1 36 1 37 1 38 3 39 2 40 4 41 4 42 4 43 5 46 5 47 5 48 5 49 5 
54 0.3640159070491791 0.3182627558708191 1.4361059665679932 86 72 68 8.06 21 2 22 3 23 3 35 2 37 2 38 4 39 3 40 5 41 5 42 5 43 6 46 6 47 6 48 6 49 6 
55 0.38029515743255615 0.24318796396255493 1.4411526918411255 62 39 39 7.9 6 37 7 41 8 44 20 5 21 3 22 4 23 4 35 3 37 3 38 5 39 4 40 6 41 6 42 6 43 7 46 7 47 7 48 7 49 7 
56 0.3938039243221283 0.3815714120864868 1.495384931564331 29 29 34 9.03 42 7 43 8 46 8 47 8 48 8 49 8 
57 0.007467963267117739 0.40173840522766113 1.4513307809829712 84 98 112 1.67 46 9 47 9 48 9 49 9 
58 0.3703263998031616 0.3048585057258606 1.3334661722183228 36 25 28 6.31 6 38 7 42 8 45 22 5 23 5 35 4 36 2 37 4 38 6 39 5 40 7 41 7 42 8 43 9 46 10 47 10 48 10 49 10 
59 0.4510330855846405 -0.00978698581457138 0.9574867486953735 60 56 54 2.43 4 42 5 32 6 39 7 43 8 46 9 50 10 49 11 49 12 49 13 49 14 46 15 47 16 40 17 40 18 39 19 31 20 6 21 4 22 6 23 6 26 2 36 3 37 5 38 7 39 6 40 8 41 8 42 9 43 10 46 11 47 11 48 11 49 11 
60 0.4675276577472687 0.023446019738912582 1.149423599243164 207 219 226 3.93 7 44 8 47 9 51 10 50 11 50 12 50 13 50 14 47 15 48 16 41 17 41 18 40 19 32 20 7 21 5 22 7 23 7 26 3 35 5 36 4 37 6 38 8 39 7 40 9 41 9 42 10 43 11 46 12 47 12 48 12 49 12 
61 0.48192062973976135 0.010515615344047546 1.2516939640045166 51 47 44 6.38 7 45 8 48 9 52 10 51 11 51 12 51 13 51 14 48 15 49 16 42 17 42 18 41 19 33 20 8 21 6 22 8 23 8 35 6 37 7 38 9 39 8 40 10 41 10 42 11 43 12 46 13 47 13 48 13 49 13 
62 0.2911912202835083 0.17778225243091583 1.4742481708526611 135 130 126 4.14 40 11 41 11 42 12 43 13 46 14 47 14 48 14 49 14 
63 0.4510388672351837 0.34729573130607605 1.3843733072280884 25 23 28 5.0 35 7 37 8 38 10 39 9 40 12 41 12 42 13 43 14 46 15 47 15 48 15 49 15 
64 0.27971455454826355 0.3706127405166626 1.5057443380355835 45 45 41 4.66 42 14 43 15 46 16 47 16 48 16 49 16 
65 0.3813515901565552 0.31610891222953796 1.408868670463562 95 82 81 8.83 21 7 22 9 23 9 35 8 37 9 38 11 39 10 40 13 41 13 42 15 43 16 46 17 47 17 48 17 49 17 
66 0.3709183633327484 0.13972987234592438 1.3579450845718384 122 120 116 6.34 6 40 7 46 8 49 9 53 10 52 17 43 19 34 20 9 22 10 23 10 35 9 36 5 37 10 38 12 39 11 40 14 41 14 42 16 43 17 46 18 47 18 48 18 49 18 
67 0.3446110188961029 0.22676816582679749 0.9778434038162231 65 46 41 8.41 5 33 6 41 7 47 8 50 9 54 10 53 11 52 12 52 13 52 14 49 15 50 16 43 17 44 18 42 19 35 20 10 21 8 22 11 23 11 26 4 35 10 36 6 37 11 38 13 39 12 40 15 41 15 42 17 43 18 46 19 47 19 48 19 49 19 
68 0.36895686388015747 0.10883313417434692 1.351793885231018 137 134 126 5.5 6 42 7 48 8 51 9 55 10 54 17 45 20 11 23 12 26 5 35 11 36 7 37 12 38 14 39 13 40 16 41 16 42 18 43 19 46 20 47 20 48 20 49 20 
69 0.3901902437210083 0.06594999879598618 1.5068787336349487 138 155 166 9.28 20 12 21 9 22 12 23 13 35 12 37 13 38 15 39 14 40 17 41 17 42 19 43 20 46 21 47 21 48 21 49 21 
70 0.38058894872665405 0.3197898864746094 1.3836380243301392 119 119 118 8.15 6 43 8 52 21 10 22 13 23 14 35 13 37 14 38 16 39 15 40 18 41 18 42 20 43 21 46 22 47 22 48 22 49 22 
71 0.38661664724349976 0.3238615095615387 1.3455123901367188 78 73 73 4.28 21 11 22 14 23 15 35 14 37 15 38 17 39 16 40 19 41 19 42 21 43 22 46 23 47 23 48 23 49 23 
72 0.36804428696632385 0.2729453444480896 1.447312593460083 121 118 116 8.25 20 13 21 12 22 15 23 16 35 15 37 16 38 18 39 17 40 20 41 20 42 22 43 23 46 24 47 24 48 24 49 24 
73 0.3759773075580597 0.13023141026496887 1.4805524349212646 134 132 127 9.15 20 14 21 13 22 16 23 17 35 16 37 17 38 19 39 18 40 21 41 21 42 23 43 24 46 25 47 25 48 25 49 25 
74 -0.01389587577432394 0.13054333627223969 1.502636432647705 135 129 124 2.73 40 22 41 22 42 24 43 25 46 26 47 26 48 26 49 26 
75 0.3657936453819275 0.08856966346502304 1.3193305730819702 122 121 119 6.07 5 34 6 44 7 49 8 53 9 56 10 55 17 46 18 43 20 15 21 14 22 17 35 17 36 8 37 18 38 20 39 19 40 23 41 23 42 25 43 26 46 27 47 27 48 27 49 27 
76 0.4787810444831848 0.030983593314886093 1.2292828559875488 97 94 93 5.92 7 50 8 54 9 57 10 56 11 53 12 53 13 53 14 50 15 51 16 44 17 47 18 44 19 36 20 16 21 15 22 18 23 18 26 6 35 18 36 9 37 19 38 21 39 20 40 24 41 24 42 26 43 27 46 28 47 28 48 28 49 28 
77 0.1344539225101471 0.24368469417095184 1.467954158782959 105 90 82 3.39 40 25 41 25 42 27 46 29 47 29 48 29 49 29 
78 -0.20541983842849731 0.28521567583084106 1.472245693206787 94 91 88 2.96 40 26 46 30 47 30 48 30 49 30 
79 0.45281651616096497 -0.005816388409584761 0.9736947417259216 52 48 45 3.31 4 43 5 35 6 45 7 51 8 55 9 58 10 57 11 54 12 54 13 54 14 51 15 52 16 45 17 48 18 45 19 37 20 17 21 16 22 19 23 19 26 7 36 10 37 20 38 22 39 21 40 27 41 26 42 28 43 28 46 31 47 31 48 31 49 31 
80 0.37986594438552856 0.21001878380775452 1.4447523355484009 137 137 134 7.62 6 46 7 52 8 56 9 59 20 18 21 17 22 20 23 20 35 19 37 21 38 23 39 22 40 28 41 27 42 29 43 29 46 32 47 32 48 32 49 32 
81 0.34934794902801514 0.2635781466960907 1.4503860473632812 124 122 118 6.6 23 21 39 23 40 29 41 28 42 30 43 30 46 33 47 33 48 33 49 33 
82 0.38194653391838074 0.3274061977863312 1.4205671548843384 123 120 118 8.54 21 18 22 21 35 20 37 22 38 24 39 24 40 30 41 29 42 31 43 31 46 34 47 34 48 34 49 34 
83 0.3684379458427429 0.2937646508216858 1.3724992275238037 93 102 111 4.26 6 47 7 53 8 57 21 19 22 22 23 22 35 21 37 23 38 25 39 25 40 31 41 30 42 32 43 32 46 35 47 35 48 35 49 35 
84 0.38655051589012146 0.3798375427722931 1.5013903379440308 15 19 23 8.24 35 22 42 33 43 33 46 36 47 36 48 36 49 36 
85 0.44517892599105835 -0.029449013993144035 0.9338427186012268 220 230 232 3.4 5 36 6 48 7 54 8 58 9 60 10 58 11 55 12 55 13 55 14 52 15 53 16 46 17 49 18 46 19 38 20 19 21 20 22 23 23 23 26 8 36 11 37 24 38 26 39 26 40 32 41 31 42 34 43 34 46 37 47 37 48 37 49 37 
86 0.32881733775138855 0.2285619080066681 1.4598091840744019 107 99 96 5.12 39 27 40 33 41 32 42 35 43 35 46 38 47 38 48 38 49 38 
87 0.13404333591461182 0.1907999962568283 1.4810445308685303 123 120 116 3.39 40 34 41 33 42 36 43 36 46 39 47 39 48 39 49 39 
88 0.07506779581308365 -0.04164594039320946 1.5491063594818115 21 19 30 3.92 40 35 41 34 42 37 43 37 46 40 47 40 48 40 49 40 
89 0.34707310795783997 0.2834305763244629 1.4456720352172852 103 92 88 6.95 21 21 23 24 38 27 39 28 40 36 41 35 42 38 43 38 46 41 47 41 48 41 49 41 
90 0.43812355399131775 -0.07246852666139603 0.8558275699615479 164 172 178 2.86 4 44 5 37 6 49 7 55 8 59 9 61 10 59 11 56 12 56 13 56 14 53 15 54 16 47 17 50 18 47 19 39 20 20 21 22 22 24 23 25 26 9 36 12 38 28 39 29 40 37 41 36 42 39 43 39 46 42 47 42 48 42 49 42 
91 0.4790704548358917 0.04829007387161255 1.2182098627090454 96 100 106 4.66 4 45 5 38 7 56 8 60 9 62 10 60 11 57 12 57 13 57 14 54 15 55 16 48 17 51 18 48 19 40 20 21 21 23 22 25 23 26 26 10 35 23 36 13 37 25 38 29 39 30 40 38 41 37 42 40 43 40 46 43 47 43 48 43 49 43 
92 0.07555177807807922 -0.024335626512765884 1.5325175523757935 37 32 30 2.88 40 39 41 38 42 41 43 41 46 44 47 44 48 44 49 44 
93 0.3600304126739502 0.09435320645570755 1.4074738025665283 110 123 136 5.56 6 50 7 57 8 61 9 63 10 61 19 41 21 24 22 26 23 27 35 24 36 14 37 26 38 30 39 31 40 40 41 39 42 42 43 42 46 45 47 45 48 45 49 45 
94 0.3534410893917084 0.22345612943172455 1.1393898725509644 72 75 82 6.24 5 39 6 51 7 58 8 62 9 64 10 62 11 58 12 58 13 58 17 52 18 49 19 42 20 22 21 25 22 27 23 28 26 11 35 25 36 15 37 27 38 31 39 32 40 41 41 40 42 43 43 43 46 46 47 46 48 46 49 46 
95 0.4812812805175781 0.3828046917915344 1.5057255029678345 82 78 85 12.03 42 44 43 44 46 47 47 47 48 47 49 47 
96 0.2739926278591156 0.1094079315662384 1.4904487133026123 122 115 109 3.79 40 42 41 41 42 45 43 45 46 48 47 48 48 48 49 48 
97 0.4455510973930359 -0.0956682413816452 0.8326364159584045 18 14 18 6.97 4 46 5 40 6 52 7 59 8 63 9 65 10 63 11 59 12 59 13 59 14 55 15 56 16 49 17 53 18 50 19 43 20 23 21 26 22 28 23 29 26 12 36 16 38 32 39 33 40 43 41 42 42 46 43 46 46 49 47 49 48 49 49 49 
98 0.4742162525653839 0.10343793779611588 1.1811519861221313 68 52 45 4.05 4 47 5 41 7 60 8 64 9 66 10 64 11 60 12 60 13 60 14 56 15 57 16 50 17 54 18 51 19 44 20 24 21 27 22 29 23 30 26 13 35 26 36 17 37 28 38 33 39 34 40 44 41 43 42 47 43 47 46 50 47 50 48 50 49 50 
99 0.03795955702662468 0.11043551564216614 1.5039080381393433 122 120 118 2.36 40 45 41 44 42 48 43 48 46 51 47 51 48 51 49 51 
100 0.4928165674209595 0.3504328727722168 1.3402228355407715 48 47 49 9.37 35 27 37 29 38 34 39 35 40 46 41 45 42 49 43 49 46 52 47 52 48 52 49 52 
101 0.06132272258400917 0.21409477293491364 1.4790822267532349 123 118 114 3.35 40 47 41 46 42 50 43 50 46 53 47 53 48 53 49 53 
102 0.4574088752269745 0.34458452463150024 1.4035813808441162 39 42 41 9.34 35 28 37 30 38 35 39 36 40 48 41 47 42 51 43 51 46 54 47 54 48 54 49 54 
103 0.43957167863845825 0.1927793323993683 0.8603398203849792 70 62 64 12.11 4 48 5 42 6 53 7 61 8 65 9 67 10 65 11 61 12 61 13 61 14 57 15 58 16 51 17 55 18 52 19 45 20 25 21 28 22 30 23 31 26 14 35 29 36 18 37 31 38 36 39 37 40 49 41 48 42 52 43 52 46 55 47 55 48 55 49 55 
104 0.45189598202705383 0.24009351432323456 1.0718451738357544 101 88 80 7.8 4 49 5 43 6 54 8 66 9 68 10 66 11 62 12 62 13 62 14 58 15 59 16 52 17 56 18 53 19 46 20 26 21 29 22 31 23 32 26 15 35 30 36 19 37 32 38 37 39 38 40 50 41 49 42 53 43 53 46 56 47 56 48 56 49 56 
105 0.45984551310539246 -0.05333768576383591 0.9946080446243286 186 195 195 4.63 6 55 7 62 8 67 9 69 10 67 11 63 12 63 13 63 14 59 15 60 16 53 17 57 18 54 19 47 20 27 21 30 22 32 23 33 26 16 35 31 36 20 37 33 38 38 39 39 40 51 41 50 42 54 43 54 46 57 47 57 48 57 49 57 
106 0.32134753465652466 0.36857420206069946 1.4703456163406372 28 22 19 4.43 42 55 43 55 46 58 47 58 48 58 49 58 
107 0.3637256920337677 0.27533096075057983 1.3479021787643433 31 39 42 6.82 6 56 7 63 8 68 19 48 20 28 22 33 23 34 35 32 36 21 37 34 38 39 39 40 40 52 41 51 42 56 43 56 46 59 47 59 48 59 49 59 
108 0.37809300422668457 0.08321715146303177 1.4680931568145752 100 106 110 9.28 20 29 21 31 22 34 23 35 35 33 37 35 38 40 39 41 40 53 41 52 42 57 43 57 46 60 47 60 48 60 49 60 
109 0.4564211964607239 0.3294219374656677 1.2767236232757568 41 39 40 7.42 23 36 35 34 36 22 37 36 38 41 39 42 40 54 41 53 42 58 43 58 46 61 47 61 48 61 49 61 
110 0.457063227891922 0.208399698138237 1.181980013847351 84 88 90 3.38 4 50 5 44 6 57 8 69 9 70 10 68 11 64 12 64 13 64 14 60 16 54 17 58 18 55 19 49 20 30 21 32 22 35 23 37 26 17 35 35 36 23 37 37 38 42 39 43 40 55 41 54 42 59 43 59 46 62 47 62 48 62 49 62 
111 0.3656863272190094 0.26874101161956787 1.342962622642517 116 136 158 6.71 6 58 7 64 8 70 19 50 20 31 22 36 23 38 35 36 36 24 37 38 38 43 39 44 40 56 41 55 42 60 43 60 46 63 47 63 48 63 49 63 
112 -0.1967208981513977 0.11608801037073135 1.5121738910675049 94 88 83 2.06 40 57 41 56 42 61 43 61 46 64 47 64 48 64 49 64 
113 0.3636661469936371 0.22145035862922668 1.3532334566116333 32 28 27 4.74 6 59 7 65 8 71 9 71 19 51 20 32 22 37 23 39 35 37 36 25 37 39 38 44 39 45 40 58 41 57 42 62 43 62 46 65 47 65 48 65 49 65 
114 0.36507901549339294 0.06106148287653923 1.2383214235305786 111 126 139 5.7 5 45 6 60 7 66 8 72 9 72 10 69 11 65 16 55 18 56 19 52 21 33 22 38 23 40 26 18 35 38 36 26 37 40 38 45 39 46 40 59 41 58 42 63 43 63 46 66 47 66 48 66 49 66 
115 0.44219771027565 0.08776667714118958 1.0892369747161865 87 75 65 8.96 4 51 5 46 6 61 7 67 8 73 9 73 10 70 11 66 12 65 13 65 14 61 15 61 16 56 17 59 18 57 19 53 20 33 21 34 22 39 23 41 26 19 36 27 37 41 38 46 39 47 40 60 41 59 42 64 43 64 46 67 47 67 48 67 49 67 
116 -0.20352786779403687 0.08577140420675278 1.5211056470870972 107 98 95 2.18 40 61 41 60 42 65 43 65 46 68 47 68 48 68 49 68 
117 0.45551741123199463 0.01624070666730404 1.0412604808807373 129 129 130 8.46 4 52 5 47 7 68 8 74 9 74 10 71 11 67 12 66 13 66 14 62 15 62 16 57 17 60 18 58 19 54 20 34 21 35 22 40 23 42 26 20 35 39 36 28 37 42 38 47 39 48 40 62 41 61 42 66 43 66 46 69 47 69 48 69 49 69 
118 0.3807660937309265 0.2555616497993469 1.448465347290039 122 112 109 9.09 6 62 20 35 21 36 22 41 23 43 35 40 37 43 38 48 39 49 40 63 41 62 42 67 43 67 46 70 47 70 48 70 49 70 
119 0.37723568081855774 0.18191920220851898 1.4218655824661255 112 113 119 6.4 6 63 7 69 8 75 9 75 18 59 20 36 21 37 22 42 23 44 35 41 37 44 38 49 39 50 40 64 41 63 42 68 43 68 46 71 47 71 48 71 49 71 
120 0.5221216082572937 0.31039300560951233 1.0719802379608154 32 30 32 4.48 12 67 18 60 19 55 20 37 21 38 22 43 23 45 26 21 35 42 36 29 38 50 39 51 40 65 41 64 42 69 43 69 46 72 47 72 48 72 
121 0.38067296147346497 0.1607673466205597 1.472515344619751 107 100 101 9.07 6 64 7 70 8 76 9 76 18 61 20 38 21 39 22 44 23 46 35 43 37 45 38 51 39 52 40 66 41 65 42 70 43 70 46 73 47 73 48 73 49 72 
122 0.5073792338371277 0.371870219707489 1.4628024101257324 66 53 54 11.17 41 66 42 71 43 71 46 74 47 74 48 74 49 73 
123 0.35884109139442444 0.07786621153354645 1.5001318454742432 78 76 75 8.53 35 44 37 46 38 52 39 53 40 67 41 67 42 72 43 72 46 75 47 75 48 75 49 74 
124 0.45270276069641113 -0.013973976485431194 1.0046178102493286 216 226 228 3.01 7 71 8 77 9 77 10 72 11 68 12 68 13 67 14 63 15 63 16 58 17 61 18 62 19 56 20 39 21 40 22 45 23 47 26 22 36 30 37 47 38 53 39 54 40 68 41 68 42 73 43 73 46 76 47 76 48 76 49 75 
125 0.37673789262771606 0.21715672314167023 1.403455376625061 117 106 105 5.86 6 65 7 72 8 78 9 78 21 41 22 46 23 48 35 45 37 48 38 54 39 55 40 69 41 69 42 74 43 74 46 77 47 77 48 77 49 76 
126 0.38001343607902527 0.25502094626426697 1.428253412246704 118 119 119 7.44 6 66 7 73 8 79 20 40 21 42 22 47 23 49 35 46 37 49 38 55 39 56 40 70 41 70 42 75 43 75 46 78 47 78 48 78 49 77 
127 0.38005006313323975 0.13762681186199188 1.4708529710769653 138 138 136 8.04 6 67 7 74 8 80 9 79 20 41 21 43 22 48 23 50 35 47 37 50 38 56 39 57 40 71 41 71 42 76 43 76 46 79 47 79 48 79 49 78 
128 0.4065355956554413 0.39695799350738525 1.5709023475646973 17 20 24 5.25 46 80 47 80 48 80 49 79 
129 0.24650365114212036 0.22935503721237183 1.4643299579620361 116 108 104 3.8 40 72 41 72 42 77 43 77 46 81 47 81 48 81 49 80 
130 0.37814080715179443 0.3181075155735016 1.3327677249908447 76 71 70 6.3 6 68 22 49 23 51 35 48 36 31 37 51 38 57 39 58 40 73 41 73 42 78 43 78 46 82 47 82 48 82 49 81 
131 0.2807300388813019 0.13814307749271393 1.4839662313461304 139 133 127 3.7 40 74 41 74 42 79 43 79 46 83 47 83 48 83 49 82 
132 0.3791346848011017 0.22955568134784698 1.427056074142456 119 117 115 7.16 6 69 7 75 8 81 20 42 21 44 22 50 23 52 35 49 37 52 38 58 39 59 40 75 41 75 42 80 43 80 46 84 47 84 48 84 49 83 
133 0.4574667513370514 0.24237127602100372 1.1757193803787231 70 72 73 3.5 4 53 5 48 6 70 8 82 9 80 10 73 11 69 12 69 13 68 14 64 16 59 17 62 18 63 19 57 20 43 21 45 22 51 23 53 26 23 35 50 36 32 37 53 38 59 39 60 40 76 41 76 42 81 43 81 46 85 47 85 48 85 49 84 
134 0.380063533782959 0.22926759719848633 1.4442602396011353 124 120 115 7.89 6 71 7 76 8 83 20 44 21 46 22 52 23 54 35 51 37 54 38 60 39 61 40 77 41 77 42 82 43 82 46 86 47 86 48 86 49 85 
135 0.11417453736066818 0.06685919314622879 1.5079680681228638 135 129 122 2.94 40 78 41 78 42 83 43 83 46 87 47 87 48 87 49 86 
136 0.376028448343277 0.22152437269687653 1.3963618278503418 121 108 100 5.81 6 72 7 77 8 84 9 81 18 64 21 47 22 53 23 55 35 52 37 55 38 61 39 62 40 79 41 79 42 84 43 84 46 88 47 88 48 88 49 87 
137 0.3721497058868408 0.18535885214805603 1.3541362285614014 82 70 68 5.37 6 73 7 78 8 85 9 82 10 74 19 58 20 45 22 54 23 56 35 53 36 33 37 56 38 62 39 63 40 80 41 80 42 85 43 85 46 89 47 89 48 89 49 88 
138 0.3212362825870514 0.34171032905578613 1.492017149925232 23 30 22 5.71 35 54 42 86 43 86 46 90 47 90 48 90 49 89 
139 0.3756099045276642 0.2788509726524353 1.1647601127624512 66 62 55 8.02 5 49 6 74 7 79 8 86 9 83 10 75 18 65 19 59 20 46 21 48 22 55 23 57 26 24 35 55 36 34 37 57 38 63 39 64 40 81 41 81 42 87 43 87 46 91 47 91 48 91 49 90 
140 0.38053926825523376 0.28153106570243835 1.4240703582763672 120 117 113 8.33 7 80 20 47 21 49 22 56 23 58 35 56 37 58 38 64 39 65 40 82 41 82 42 88 43 88 46 92 47 92 48 92 49 91 
141 0.383084774017334 0.30107033252716064 1.2744940519332886 35 32 33 9.63 6 75 7 81 8 87 20 48 21 50 22 57 23 59 26 25 35 57 36 35 37 59 38 65 39 66 40 83 41 83 42 89 43 89 46 93 47 93 48 93 49 92 
142 0.43865159153938293 -0.06491194665431976 0.8706035017967224 196 211 215 4.27 4 54 5 50 6 76 7 82 8 88 9 84 10 76 11 70 12 70 13 69 14 65 15 64 16 60 17 63 18 66 19 60 20 49 21 51 22 58 23 60 26 26 36 36 38 66 39 67 40 84 41 84 42 90 43 90 46 94 47 94 48 94 49 93 
143 0.4655136168003082 0.01952284201979637 1.0779882669448853 59 56 56 3.43 4 55 5 51 7 83 8 89 9 85 10 77 11 71 12 71 13 70 14 66 15 65 16 61 17 64 18 67 19 61 20 50 21 52 22 59 23 61 26 27 35 58 36 37 37 60 38 67 39 68 40 85 41 85 42 91 43 91 46 95 47 95 48 95 49 94 
144 0.3787548542022705 0.010683173313736916 1.2680935859680176 11 11 14 3.89 35 59 36 38 37 61 38 68 39 69 40 86 41 86 42 92 43 92 46 96 47 96 48 96 49 95 
145 0.5057070255279541 0.35579344630241394 1.3133541345596313 59 63 30 6.7 35 60 38 69 39 70 40 87 41 87 42 93 43 93 46 97 47 97 48 97 49 96 
146 0.37791597843170166 0.22593119740486145 1.4578218460083008 117 112 111 9.27 8 90 20 51 21 53 22 60 23 62 35 61 37 62 38 70 39 71 40 88 41 88 42 94 43 94 46 98 47 98 48 98 49 97 
147 0.48014259338378906 0.3726935088634491 1.4638139009475708 82 84 89 11.83 35 62 41 89 42 95 43 95 46 99 47 99 48 99 49 98 
148 0.47738248109817505 0.26508551836013794 0.9785382151603699 18 19 22 12.87 4 56 5 52 7 84 8 91 9 86 10 78 11 72 12 72 13 71 14 67 15 66 16 62 17 65 18 68 19 62 20 52 21 54 22 61 23 63 26 28 35 63 36 39 38 71 39 72 40 89 41 90 42 96 43 96 46 100 
149 0.3639110326766968 0.05617278814315796 1.3107426166534424 41 37 35 6.35 6 77 8 92 9 87 10 79 17 66 18 69 20 53 21 55 22 62 23 64 26 29 35 64 36 40 37 63 38 72 39 73 40 90 41 91 42 97 43 97 46 101 47 100 48 100 49 99 
150 0.38161182403564453 0.3235335350036621 1.4282240867614746 120 117 117 8.22 21 56 22 63 35 65 37 64 38 73 39 74 40 91 41 92 42 98 43 98 46 102 47 101 48 101 49 100 
151 0.31853726506233215 0.326994925737381 1.496633529663086 13 17 10 6.43 35 66 37 65 42 99 43 99 46 103 47 102 48 102 49 101 
152 0.044329944998025894 0.014587155543267727 1.5227131843566895 147 149 146 2.07 40 92 41 93 42 100 43 100 46 104 47 103 48 103 49 102 
153 0.37444859743118286 0.08300945907831192 1.4332438707351685 104 105 108 7.25 6 78 7 85 9 88 10 80 19 63 21 57 22 64 23 65 35 67 37 66 38 74 39 75 40 93 41 94 42 101 43 101 46 105 47 104 48 104 49 103 
154 0.358462929725647 0.15096743404865265 1.3863545656204224 122 181 215 4.84 6 79 7 86 8 93 9 89 19 64 20 54 22 65 23 66 35 68 36 41 37 67 38 75 39 76 40 94 41 95 42 102 43 102 46 106 47 105 48 105 49 104 
155 0.46519720554351807 -0.12440900504589081 1.0725109577178955 157 165 174 3.54 7 87 8 94 9 90 10 81 11 73 12 73 13 72 14 68 15 67 16 63 17 67 18 70 19 65 20 55 21 58 22 66 23 67 37 68 38 76 39 77 40 95 41 96 42 103 43 103 46 107 47 106 48 106 49 105 
156 0.37298744916915894 0.113340362906456 1.4240378141403198 132 143 154 6.18 6 80 7 88 8 95 9 91 18 71 19 66 21 59 22 67 23 68 35 69 37 69 38 77 39 78 40 96 41 97 42 104 43 104 46 108 47 107 48 107 49 106 
157 0.4455801546573639 0.211212158203125 1.0611450672149658 94 84 79 13.91 4 57 5 53 6 81 7 89 8 96 9 92 10 82 11 74 12 74 13 73 14 69 15 68 16 64 17 68 18 72 19 67 20 56 21 60 22 68 23 69 26 30 35 70 36 42 37 70 38 78 39 79 40 97 41 98 42 105 43 105 46 109 47 108 48 108 49 107 
158 0.44772765040397644 0.17433485388755798 1.0729728937149048 67 66 64 5.03 4 58 5 54 8 97 9 93 10 83 11 75 12 75 13 74 14 70 15 69 16 65 17 69 18 73 19 68 20 57 21 61 22 69 23 70 26 31 35 71 36 43 37 71 38 79 39 80 40 98 41 99 42 106 43 106 46 110 47 109 48 109 49 108 
159 0.4323388338088989 0.08446677774190903 0.9646921753883362 65 57 56 7.62 4 59 5 55 6 82 7 90 8 98 9 94 10 84 11 76 12 76 13 75 14 71 15 70 16 66 17 70 18 74 19 69 20 58 21 62 22 70 23 71 26 32 35 72 36 44 37 72 38 80 39 81 40 99 41 100 42 107 43 107 46 111 47 110 48 110 49 109 
160 0.3763631582260132 0.10335152596235275 1.4429212808609009 143 145 142 7.41 6 83 7 91 9 95 21 63 22 71 23 72 35 73 37 73 38 81 39 82 40 100 41 101 42 108 43 108 46 112 47 111 48 111 49 110 
161 -0.16522300243377686 0.39635854959487915 1.4629943370819092 25 23 18 2.6 43 109 46 113 47 112 48 112 49 111 
162 -0.008893271908164024 0.23744690418243408 1.4779340028762817 94 82 79 2.62 40 101 41 102 43 110 46 114 47 113 48 113 49 112 
163 0.3782174587249756 0.25083890557289124 1.4037423133850098 116 113 113 6.81 6 84 7 92 8 99 20 59 21 64 22 72 23 73 35 74 37 74 38 82 39 83 40 102 41 103 42 109 43 111 46 115 47 114 48 114 49 113 
164 0.3791709840297699 0.09843064099550247 1.4770326614379883 73 79 86 9.42 20 60 21 65 22 73 23 74 35 75 37 75 38 83 39 84 40 103 41 104 42 110 43 112 46 116 47 115 48 115 49 114 
165 0.38014158606529236 0.21524766087532043 1.4548588991165161 129 124 120 8.46 7 93 8 100 20 61 21 66 22 74 23 75 35 76 37 76 38 84 39 85 40 104 41 105 42 111 43 113 46 117 47 116 48 116 49 115 
166 0.3793874680995941 0.2919401228427887 1.3961132764816284 116 117 116 7.8 6 85 7 94 21 67 22 75 23 76 35 77 37 77 38 85 39 86 40 105 41 106 42 112 43 114 46 118 47 117 48 117 49 116 
167 0.4350343346595764 0.10561259090900421 0.9619154930114746 65 65 66 5.84 4 60 5 56 6 86 7 95 8 101 9 96 10 85 11 77 12 77 13 76 14 72 15 71 16 67 17 71 18 75 19 70 20 62 21 68 22 76 23 77 26 33 35 78 36 45 37 78 38 86 39 87 40 106 41 107 42 113 43 115 46 119 47 118 48 118 49 117 
168 0.4576537609100342 0.33058229088783264 1.363063931465149 14 15 17 4.6 35 79 37 79 38 87 39 88 40 107 41 108 42 114 43 116 46 120 47 119 48 119 49 118 
169 0.21511967480182648 0.23952992260456085 1.463374376296997 92 78 70 3.52 40 108 41 109 42 115 43 117 46 121 47 120 48 120 49 119 
170 -0.03654778003692627 0.1535862386226654 1.4985169172286987 104 103 100 2.73 40 109 41 110 42 116 43 118 46 122 47 121 48 121 49 120 
171 0.4772126078605652 0.0449865460395813 1.193612813949585 56 53 52 4.03 4 61 5 57 7 96 8 102 9 97 10 86 11 78 12 78 13 77 14 73 15 72 16 68 17 72 18 76 19 71 20 63 21 69 22 77 23 78 26 34 35 80 36 46 37 80 38 88 39 89 40 110 41 111 42 117 43 119 46 123 47 122 48 122 49 121 
172 -0.07228554040193558 0.013194335624575615 1.5456244945526123 18 14 16 2.35 40 111 41 112 42 118 43 120 46 124 47 123 48 123 49 122 
173 0.020787008106708527 0.008849119767546654 1.5251352787017822 131 140 138 2.09 40 112 41 113 42 119 43 121 46 125 47 124 48 124 49 123 
174 0.33072417974472046 0.12008261680603027 1.4855667352676392 128 121 112 4.93 39 90 40 113 41 114 42 120 43 122 46 126 47 125 48 125 49 124 
175 0.3825388550758362 0.3362589180469513 1.4283944368362427 112 108 105 9.26 21 70 22 78 35 81 37 81 38 89 39 91 40 114 41 115 42 121 43 123 46 127 47 126 48 126 49 125 
176 0.4181263744831085 0.11299516260623932 0.8174477219581604 124 124 127 5.94 4 62 5 58 6 87 7 97 8 103 9 98 10 87 11 79 12 79 13 78 14 74 15 73 16 69 17 73 18 77 19 72 20 64 21 71 22 79 23 79 26 35 36 47 37 82 38 90 39 92 40 115 41 116 42 122 43 124 46 128 47 127 48 127 49 126 
177 0.09849996119737625 0.15863633155822754 0.34859204292297363 79 63 71 2.54 0 48 1 48 2 47 3 48 4 63 5 59 6 88 7 98 8 104 9 99 10 88 11 80 
178 0.31346625089645386 -0.030159974470734596 0.7979987859725952 140 124 116 7.21 5 60 6 89 7 99 8 105 9 100 10 89 11 81 12 80 13 79 14 75 15 74 16 70 17 74 18 78 19 73 20 65 21 72 22 80 23 80 26 36 36 48 37 83 38 91 40 116 41 117 47 128 48 128 49 127 
179 0.14117678999900818 0.1805102378129959 0.5360783934593201 92 81 63 2.04 0 49 1 49 2 48 3 49 4 64 5 61 6 90 7 100 8 106 9 101 10 90 11 82 12 81 13 80 14 76 15 75 16 71 17 75 18 79 98 43 99 44 
180 0.39056187868118286 0.16091525554656982 0.5266044735908508 77 67 69 3.33 1 50 2 49 5 62 6 91 7 101 8 107 9 102 10 91 11 83 12 82 13 81 14 77 15 76 17 76 18 80 19 74 20 66 
181 -0.01800164394080639 0.1402394324541092 0.5782842040061951 63 69 58 3.12 0 50 1 51 2 50 3 50 4 65 5 63 7 102 8 108 9 103 10 92 11 84 12 83 13 82 14 78 15 77 16 72 17 77 18 81 19 75 98 44 99 45 
182 -0.16269999742507935 0.07957731187343597 0.6123399138450623 78 76 77 1.63 0 51 1 52 2 51 3 51 4 66 5 64 6 92 8 109 9 104 10 93 11 85 12 84 13 83 14 79 15 78 16 73 17 78 18 82 98 45 99 46 
183 0.4089961051940918 -0.036473799496889114 0.8388804197311401 142 150 158 2.17 4 67 5 65 6 93 7 103 8 110 9 105 10 94 11 86 12 85 13 84 14 80 15 79 16 74 17 79 18 83 19 76 20 67 21 73 22 81 23 81 26 37 38 92 39 93 40 117 41 118 42 123 43 125 46 129 
184 -0.11306224018335342 0.1542663872241974 0.5856600403785706 42 40 43 1.21 0 52 1 53 2 52 3 52 4 68 5 66 6 94 7 104 8 111 9 106 10 95 11 87 12 86 13 85 14 81 15 80 16 75 17 80 18 84 98 46 99 47 
185 0.32941555976867676 -0.09146398305892944 0.8253556489944458 46 43 48 3.55 4 69 5 67 6 95 7 105 8 112 9 107 10 96 11 88 12 87 13 86 14 82 15 81 16 76 17 81 18 85 19 77 20 68 21 74 22 82 23 82 48 129 
186 0.3849349319934845 0.18377794325351715 0.48704537749290466 125 90 98 1.85 2 53 5 68 6 96 7 106 8 113 9 108 10 97 11 89 12 88 
187 0.24733294546604156 0.03036247193813324 0.23833416402339935 59 78 47 8.52 2 54 3 53 4 70 5 69 6 97 7 107 8 114 9 109 40 118 
188 -0.1756504774093628 0.14918068051338196 0.44938555359840393 16 22 27 2.93 0 53 1 54 2 55 3 54 4 71 5 70 6 98 7 108 8 115 9 110 10 98 11 90 98 47 99 48 
189 0.14855225384235382 0.17957979440689087 0.45467400550842285 72 60 59 1.53 0 54 1 55 2 56 3 55 4 72 5 71 6 99 7 109 8 116 9 111 10 99 11 91 12 89 13 87 98 48 99 49 
190 0.2466408759355545 0.16678757965564728 0.4421539008617401 59 81 47 0.94 0 55 1 56 2 57 3 56 4 73 5 72 6 100 7 110 8 117 9 112 10 100 11 92 12 90 13 88 14 83 
191 0.25238779187202454 -0.14282099902629852 0.6080535054206848 105 95 96 1.69 0 56 1 57 2 58 3 57 4 74 5 73 6 101 7 111 8 118 9 113 10 101 11 93 12 91 13 89 14 84 15 82 16 77 17 82 18 86 19 78 20 69 21 75 22 83 98 49 99 50 
192 -0.025368819013237953 0.1351528763771057 0.48218509554862976 50 48 51 6.07 0 57 1 58 2 59 3 58 4 75 5 74 6 102 7 112 8 119 9 114 10 102 11 94 12 92 13 90 14 85 15 83 16 78 98 50 99 51 
193 0.28287336230278015 0.14798320829868317 0.5430111885070801 167 164 156 1.87 0 58 1 59 2 60 3 59 4 76 5 75 6 103 7 113 8 120 9 115 10 103 11 95 12 93 13 91 14 86 15 84 16 79 17 83 18 87 19 79 20 70 21 76 22 84 26 38 38 93 98 51 99 52 
194 0.44428396224975586 0.19171549379825592 0.6745933294296265 12 18 14 4.45 1 60 2 61 5 76 6 104 7 114 8 121 9 116 10 104 11 96 12 94 13 92 14 87 15 85 16 80 17 84 18 88 19 80 20 71 21 77 22 85 23 83 26 39 36 49 40 119 41 119 46 130 47 129 48 130 
195 0.2435438483953476 -0.051128216087818146 0.5924169421195984 153 149 143 1.04 0 59 1 61 2 62 3 60 4 77 5 77 6 105 7 115 8 122 9 117 10 105 11 97 12 95 13 93 14 88 15 86 16 81 17 85 18 89 19 81 98 52 99 53 
196 0.2028614729642868 0.11287081986665726 0.2492089569568634 44 44 45 11.16 1 62 2 63 3 61 4 78 5 78 6 106 7 116 8 123 9 118 10 106 
197 0.3471527397632599 0.1938842236995697 0.5294811129570007 103 90 94 2.15 0 60 1 63 2 64 3 62 4 79 5 79 6 107 7 117 8 124 9 119 10 107 11 98 12 96 13 94 
198 0.4311930239200592 0.1973934918642044 0.7790358066558838 149 144 149 7.42 2 65 3 63 4 80 5 80 6 108 7 118 8 125 9 120 10 108 17 86 18 90 19 82 20 72 21 78 22 86 23 84 26 40 36 50 37 84 38 94 39 94 40 120 41 120 42 124 43 126 46 131 47 130 48 131 
199 0.0008221084717661142 0.17455439269542694 0.4399585723876953 57 79 43 2.65 0 61 1 64 2 66 3 64 4 81 5 81 6 109 7 119 8 126 9 121 10 109 11 99 12 97 13 95 15 87 98 53 99 54 
200 0.2331354022026062 0.04749352112412453 0.23199786245822906 28 39 23 10.03 2 67 3 65 4 82 5 82 6 110 7 120 8 127 
201 0.29652249813079834 -0.09391985088586807 0.6588528752326965 78 66 66 3.75 0 62 4 83 5 83 6 111 7 121 8 128 9 122 10 110 11 100 12 98 13 96 14 89 15 88 16 82 17 87 18 91 19 83 20 73 21 79 22 87 23 85 26 41 38 95 40 121 41 121 48 132 49 128 
202 -0.15616615116596222 0.12199263274669647 0.6038789749145508 55 39 42 1.02 0 63 1 65 2 68 3 66 4 84 5 84 6 112 8 129 9 123 10 111 11 101 12 99 13 97 14 90 15 89 16 83 17 88 18 92 98 54 99 55 
203 0.43747830390930176 -0.0798950120806694 0.8455180525779724 102 97 103 1.67 3 67 4 85 5 85 6 113 7 122 8 130 9 124 10 112 11 102 12 100 13 98 14 91 15 90 16 84 17 89 18 93 19 84 20 74 21 80 22 88 23 86 26 42 38 96 39 95 40 122 41 122 42 125 43 127 46 132 47 131 48 133 49 129 
204 0.23579545319080353 0.10330481082201004 0.5566083788871765 106 99 94 2.03 0 64 1 66 4 86 5 86 6 114 7 123 8 131 9 125 10 113 11 103 12 101 13 99 14 92 15 91 16 85 17 90 18 94 19 85 40 123 49 130 98 55 99 56 
205 0.28147274255752563 -0.04217594861984253 0.5870293974876404 183 175 165 1.39 0 65 3 68 4 87 5 87 6 115 7 124 8 132 9 126 10 114 11 104 12 102 13 100 14 93 15 92 16 86 17 91 18 95 19 86 20 75 21 81 22 89 23 87 26 43 98 56 99 57 
206 -0.09448490291833878 -0.19316793978214264 0.6600909233093262 112 96 87 3.01 0 66 1 67 2 69 3 69 4 88 5 88 7 125 8 133 9 127 10 115 11 105 12 103 13 101 14 94 15 93 16 87 17 92 18 96 19 87 
207 0.4199087619781494 0.07088703662157059 0.8423019647598267 137 141 146 5.86 4 89 5 89 6 116 7 126 8 134 9 128 10 116 11 106 12 104 13 102 14 95 15 94 16 88 17 93 18 97 19 88 20 76 21 82 22 90 23 88 26 44 36 51 37 85 38 97 39 96 40 124 41 123 42 126 43 128 46 133 47 132 48 134 
208 0.34840354323387146 0.2244204878807068 0.7441595196723938 106 102 110 3.76 3 70 4 90 5 90 6 117 7 127 8 135 9 129 10 117 11 107 12 105 13 103 14 96 
209 0.2881775200366974 -0.13160955905914307 0.6048105359077454 77 66 61 1.63 0 67 1 68 2 70 3 71 4 91 5 91 6 118 7 128 8 136 9 130 10 118 11 108 12 106 13 104 14 97 15 95 16 89 17 94 18 98 19 89 20 77 21 83 22 91 23 89 26 45 38 98 98 57 99 58 
210 -0.12858740985393524 0.14481565356254578 0.44554704427719116 19 25 33 7.06 0 68 1 69 2 71 3 72 4 92 5 92 6 119 7 129 8 137 9 131 10 119 11 109 98 58 99 59 
211 0.28789040446281433 0.12784628570079803 0.5464728474617004 170 160 150 2.27 0 69 3 73 4 93 5 93 6 120 7 130 8 138 9 132 10 120 11 110 12 107 13 105 14 98 15 96 16 90 17 95 18 99 19 90 20 78 21 84 22 92 26 46 36 52 38 99 49 131 98 59 99 60 
212 -0.07758718729019165 -0.16821666061878204 0.6151110529899597 111 104 86 4.25 0 70 1 70 2 72 3 74 4 94 5 94 6 121 7 131 8 139 9 133 10 121 11 111 12 108 13 106 14 99 15 97 16 91 17 96 18 100 19 91 98 60 99 61 
213 0.29453298449516296 -0.14151982963085175 0.6011313796043396 155 171 187 1.55 0 71 1 71 2 73 3 75 4 95 5 95 6 122 7 132 8 140 9 134 10 122 11 112 12 109 13 107 14 100 15 98 16 92 17 97 18 101 19 92 20 79 21 85 22 93 23 90 26 47 38 100 98 61 99 62 
214 0.3174923360347748 -0.05232695862650871 0.8290376663208008 55 58 67 2.12 5 96 6 123 7 133 8 141 9 135 10 123 11 113 12 110 13 108 14 101 15 99 16 93 17 98 18 102 19 93 20 80 21 86 22 94 23 91 39 97 40 125 41 124 47 133 48 135 49 132 
215 -0.10277310758829117 -0.052889902144670486 0.49883368611335754 82 89 62 3.5 0 72 1 72 2 74 3 76 4 96 5 97 6 124 7 134 8 142 9 136 10 124 11 114 12 111 13 109 15 100 98 62 99 63 
216 -0.15097185969352722 0.09857850521802902 0.6107417941093445 60 44 45 1.15 0 73 1 73 2 75 3 77 4 97 5 98 6 125 8 143 9 137 10 125 11 115 12 112 13 110 14 102 15 101 16 94 17 99 18 103 98 63 99 64 
217 -0.1618708074092865 0.17234861850738525 0.45914438366889954 61 59 61 2.74 0 74 1 74 2 76 3 78 4 98 5 99 6 126 7 135 8 144 9 138 10 126 11 116 98 64 99 65 
218 -0.21791574358940125 0.09461065381765366 0.6141304969787598 45 53 45 1.64 0 75 1 75 2 77 3 79 4 99 5 100 6 127 9 139 10 127 11 117 12 113 13 111 14 103 15 102 16 95 17 100 18 104 19 94 99 66 
219 0.43470826745033264 -0.0905003622174263 0.835211455821991 68 66 68 1.99 0 76 3 80 4 100 5 101 6 128 7 136 8 145 9 140 10 128 11 118 12 114 13 112 14 104 15 103 16 96 17 101 18 105 19 95 20 81 21 87 22 95 23 92 26 48 38 101 39 98 40 126 41 125 42 127 43 129 46 134 47 134 48 136 49 133 
220 0.2510296702384949 -0.14834532141685486 0.6103984713554382 95 99 100 1.72 0 77 1 76 2 78 3 81 4 101 5 102 6 129 7 137 8 146 9 141 10 129 11 119 12 115 13 113 14 105 15 104 16 97 17 102 18 106 19 96 20 82 21 88 98 65 99 67 
221 0.21726135909557343 -0.11933635920286179 0.3133053481578827 255 241 237 10.61 0 78 1 77 2 79 3 82 4 102 5 103 6 130 7 138 8 147 40 127 41 126 49 134 
222 -0.10956763476133347 0.17110176384449005 0.45481351017951965 69 68 69 1.92 0 79 1 78 2 80 3 83 4 103 5 104 6 131 7 139 8 148 9 142 10 130 11 120 12 116 13 114 98 66 99 68 
223 0.3050430417060852 0.010239980183541775 0.6710219979286194 89 85 81 1.89 4 104 5 105 6 132 7 140 8 149 9 143 10 131 11 121 12 117 13 115 14 106 15 105 16 98 17 103 18 107 19 97 20 83 21 89 22 96 23 93 26 49 39 99 40 128 49 135 
224 0.30183541774749756 -0.14717340469360352 0.6043352484703064 35 35 38 2.92 0 80 1 79 2 81 3 84 4 105 5 106 6 133 7 141 8 150 9 144 10 132 11 122 12 118 13 116 14 107 15 106 16 99 17 104 18 108 19 98 20 84 21 90 22 97 23 94 26 50 38 102 99 69 
225 0.0357208289206028 0.1389496624469757 0.5103919506072998 201 209 227 3.14 0 81 1 80 2 82 3 85 4 106 5 107 6 134 7 142 8 151 9 145 10 133 11 123 12 119 13 117 14 108 15 107 16 100 98 67 99 70 
226 -0.1904539316892624 0.14896553754806519 0.4465048909187317 18 21 23 3.44 0 82 1 81 2 83 3 86 4 107 5 108 6 135 7 143 8 152 9 146 10 134 98 68 99 71 
227 0.29644379019737244 0.16331012547016144 0.5398684740066528 140 111 101 1.97 0 83 1 82 2 84 3 87 4 108 5 109 6 136 7 144 8 153 9 147 10 135 11 124 12 120 13 118 14 109 15 108 16 101 17 105 18 109 19 99 20 85 21 91 22 98 26 51 98 69 99 72 
228 0.3113473057746887 0.02945481427013874 0.7270423769950867 107 88 83 12.43 4 109 5 110 6 137 7 145 8 154 9 148 10 136 11 125 12 121 13 119 14 110 15 109 16 102 17 106 18 110 19 100 20 86 21 92 22 99 23 95 26 52 36 53 38 103 39 100 40 129 48 137 49 136 
229 0.10706595331430435 0.15705667436122894 0.3419179320335388 81 66 73 3.01 0 84 1 83 2 85 3 88 4 110 5 111 6 138 7 146 8 155 9 149 10 137 11 126 
230 -0.1502508819103241 0.10780122876167297 0.6091095209121704 45 34 35 1.13 0 85 1 84 2 86 3 89 4 111 5 112 6 139 8 156 9 150 10 138 11 127 12 122 13 120 14 111 15 110 16 103 17 107 18 111 98 70 99 73 
231 0.2995266318321228 -0.003427130402997136 0.6306248307228088 121 111 108 3.52 4 112 5 113 6 140 7 147 8 157 9 151 10 139 11 128 12 123 13 121 14 112 15 111 16 104 17 108 18 112 19 101 20 87 21 93 22 100 23 96 26 53 36 54 38 104 49 137 
232 0.2024509757757187 0.13103657960891724 0.5541176795959473 160 149 134 1.15 0 86 1 85 2 87 3 90 4 113 5 114 6 141 7 148 8 158 9 152 10 140 11 129 12 124 13 122 14 113 15 112 16 105 17 109 18 113 98 71 99 74 
233 -0.08286365121603012 -0.17277616262435913 0.607190728187561 58 78 46 8.01 0 87 1 86 2 88 3 91 4 114 5 115 6 142 7 149 8 159 9 153 10 141 11 130 12 125 13 123 14 114 15 113 16 106 17 110 18 114 19 102 98 72 99 75 
234 0.03671414032578468 0.14087259769439697 0.4740575850009918 164 172 191 1.29 0 88 1 87 2 89 3 92 4 115 5 116 6 143 7 150 8 160 9 154 10 142 11 131 12 126 13 124 14 115 15 114 98 73 99 76 
235 0.43597039580345154 -0.02033124677836895 0.8397851586341858 65 60 63 2.06 3 93 4 116 5 117 6 144 7 151 8 161 9 155 10 143 11 132 12 127 13 125 14 116 15 115 16 107 17 111 18 115 19 103 20 88 21 94 22 101 23 97 26 54 38 105 39 101 40 130 41 127 42 128 43 130 46 135 47 135 48 138 49 138 
236 0.29897812008857727 -0.08655400574207306 0.6959114074707031 34 25 27 1.66 3 94 4 117 5 118 6 145 7 152 8 162 9 156 10 144 11 133 12 128 13 126 14 117 15 116 16 108 17 112 18 116 19 104 20 89 21 95 22 102 23 98 26 55 39 102 40 131 48 139 49 139 
237 0.041352760046720505 0.14655326306819916 0.4960906505584717 167 176 193 1.2 0 89 1 88 2 90 3 95 4 118 5 119 6 146 7 153 8 163 9 157 10 145 11 134 12 129 13 127 14 118 15 117 98 74 99 77 
238 0.46164947748184204 0.18624553084373474 0.9328135848045349 129 130 130 3.89 4 119 5 120 6 147 7 154 8 164 9 158 10 146 11 135 12 130 13 128 14 119 15 118 16 109 17 113 18 117 19 105 20 90 21 96 22 103 23 99 26 56 35 82 36 55 37 86 38 106 39 103 40 132 41 128 42 129 43 131 46 136 47 136 48 140 49 140 
239 0.3685888946056366 0.2085491567850113 1.2797613143920898 128 124 124 4.62 6 148 7 155 8 165 9 159 10 147 11 136 17 114 18 118 19 106 20 91 21 97 22 104 26 57 35 83 36 56 37 87 38 107 39 104 40 133 41 129 42 130 43 132 46 137 47 137 48 141 49 141 
240 0.4696628451347351 0.0373520664870739 1.08284330368042 73 64 59 6.35 4 120 5 121 7 156 8 166 9 160 10 148 11 137 12 131 13 129 14 120 15 119 16 110 17 115 18 119 19 107 20 92 21 98 22 105 23 100 26 58 35 84 36 57 37 88 38 108 39 105 40 134 41 130 42 131 43 133 46 138 47 138 48 142 49 142 
241 0.45143771171569824 0.24328678846359253 1.0687403678894043 75 70 64 5.58 4 121 7 157 8 167 9 161 10 149 11 138 12 132 13 130 14 121 15 120 16 111 17 116 18 120 19 108 20 93 21 99 22 106 23 101 26 59 35 85 36 58 37 89 38 109 39 106 40 135 41 131 42 132 43 134 46 139 47 139 48 143 49 143 
242 0.3076508045196533 0.14444708824157715 0.7410612106323242 90 89 90 3.91 5 122 6 149 7 158 8 168 9 162 10 150 11 139 12 133 13 131 14 122 15 121 16 112 17 117 18 121 19 109 20 94 21 100 22 107 23 102 26 60 36 59 38 110 41 132 42 133 43 135 48 144 49 144 
243 0.37439751625061035 0.24461494386196136 1.3222885131835938 125 115 106 4.59 6 150 7 159 8 169 9 163 10 151 19 110 20 95 22 108 23 103 35 86 36 60 37 90 38 111 39 107 40 136 41 133 42 134 43 136 46 140 47 140 48 145 49 145 
244 0.35332322120666504 0.105901338160038 1.1277520656585693 80 83 87 4.53 5 123 6 151 7 160 8 170 9 164 10 152 11 140 12 134 13 132 14 123 17 118 18 122 19 111 20 96 21 101 22 109 23 104 26 61 35 87 36 61 37 91 38 112 40 137 41 134 42 135 43 137 46 141 47 141 48 146 49 146 
245 0.3670053482055664 0.1983027458190918 1.2706507444381714 81 86 85 5.06 6 152 7 161 8 171 9 165 10 153 11 141 15 122 17 119 18 123 20 97 21 102 22 110 23 105 26 62 35 88 36 62 37 92 38 113 39 108 40 138 41 135 42 136 43 138 46 142 47 142 48 147 49 147 
246 0.48366212844848633 0.053244318813085556 1.2198861837387085 73 68 66 6.28 4 122 7 162 8 172 9 166 10 154 11 142 12 135 13 133 14 124 15 123 16 113 17 120 18 124 19 112 20 98 21 103 22 111 23 106 26 63 35 89 36 63 37 93 38 114 39 109 40 139 41 136 42 137 43 139 46 143 47 143 48 148 49 148 
247 0.3514404594898224 0.21007272601127625 1.2320215702056885 63 75 83 3.49 6 153 7 163 8 173 9 167 10 155 11 143 12 136 15 124 18 125 19 113 21 104 22 112 23 107 26 64 35 90 36 64 37 94 38 115 39 110 40 140 41 137 42 138 43 140 46 144 47 144 48 149 49 149 
248 0.37495526671409607 0.2885544002056122 1.2821589708328247 133 127 123 5.67 6 154 8 174 10 156 11 144 19 114 20 99 21 105 22 113 35 91 36 65 37 95 38 116 39 111 40 141 41 138 42 139 43 141 46 145 47 145 48 150 49 150 
249 0.4649350047111511 0.26566678285598755 1.0547631978988647 28 24 25 7.08 4 123 7 164 11 145 12 137 13 134 14 125 16 114 17 121 18 126 19 115 20 100 21 106 22 114 23 108 26 65 35 92 36 66 37 96 38 117 39 112 40 142 41 139 42 140 43 142 48 151 
250 0.4844666123390198 0.32388684153556824 1.1692378520965576 60 62 68 6.54 4 124 11 146 12 138 13 135 18 127 19 116 20 101 21 107 22 115 23 109 35 93 36 67 38 118 39 113 40 143 46 146 47 146 48 152 49 151 
251 0.46464255452156067 0.10236557573080063 1.2105151414871216 41 36 39 6.9 6 155 7 165 8 175 9 168 10 157 11 147 12 139 13 136 14 126 15 125 16 115 17 122 18 128 19 117 20 102 21 108 22 116 23 110 26 66 35 94 36 68 37 97 38 119 39 114 40 144 41 140 42 141 43 143 46 147 47 147 48 153 49 152 
252 0.49128562211990356 0.3368088901042938 1.2843736410140991 37 34 34 8.27 20 103 35 95 36 69 38 120 39 115 40 145 41 141 42 142 43 144 46 148 47 148 48 154 49 153 
253 0.3635062277317047 0.18636326491832733 1.2255094051361084 117 113 112 4.23 5 124 6 156 7 166 8 176 9 169 10 158 11 148 12 140 15 126 17 123 18 129 19 118 21 109 22 117 23 111 26 67 35 96 36 70 37 98 38 121 39 116 40 146 41 142 42 143 43 145 46 149 47 149 48 155 49 154 
254 0.47992292046546936 0.04907103627920151 1.223719596862793 125 139 146 5.56 7 167 8 177 9 170 10 159 11 149 12 141 13 137 14 127 15 127 16 116 17 124 18 130 19 119 20 104 21 110 22 118 23 112 26 68 35 97 36 71 37 99 38 122 39 117 40 147 41 143 42 144 43 146 46 150 47 150 48 156 49 155 
255 0.4560719132423401 0.12790103256702423 1.0805315971374512 88 89 89 2.41 4 125 5 125 7 168 8 178 9 171 10 160 11 150 12 142 13 138 14 128 15 128 16 117 17 125 18 131 19 120 20 105 21 111 22 119 23 113 26 69 35 98 36 72 37 100 38 123 39 118 40 148 41 144 42 145 43 147 46 151 47 151 48 157 49 156 
256 0.4623001515865326 -0.0014151036739349365 0.9907097816467285 127 134 133 5.28 4 126 5 126 6 157 7 169 8 179 9 172 10 161 11 151 12 143 13 139 14 129 15 129 16 118 17 126 18 132 19 121 20 106 21 112 22 120 23 114 26 70 36 73 37 101 38 124 39 119 40 149 41 145 42 146 43 148 46 152 47 152 48 158 49 157 
257 0.33242955803871155 0.05957894027233124 0.9320441484451294 60 49 44 3.66 5 127 6 158 7 170 8 180 9 173 10 162 11 152 12 144 13 140 14 130 15 130 16 119 17 127 18 133 19 122 20 107 21 113 22 121 23 115 26 71 36 74 37 102 38 125 39 120 41 146 42 147 43 149 46 153 47 153 48 159 49 158 
258 0.364502876996994 0.1345956176519394 1.2978830337524414 65 71 74 4.63 6 159 7 171 8 181 9 174 10 163 11 153 17 128 18 134 20 108 21 114 22 122 26 72 35 99 36 75 37 103 38 126 39 121 40 150 41 147 42 148 43 150 46 154 47 154 48 160 49 159 
259 0.5309266448020935 0.34211573004722595 1.1857680082321167 57 50 48 10.3 8 182 9 175 10 164 11 154 12 145 14 131 19 123 20 109 22 123 35 100 36 76 40 151 41 148 47 155 48 161 
260 0.4633970558643341 0.11257877945899963 1.1788594722747803 95 99 96 4.19 4 127 5 128 6 160 7 172 8 183 9 176 10 165 11 155 12 146 13 141 14 132 15 131 16 120 17 129 18 135 19 124 20 110 21 115 22 124 23 116 26 73 35 101 36 77 37 104 38 127 39 122 40 152 41 149 42 149 43 151 46 155 47 156 48 162 49 160 
261 0.3286595642566681 0.14425355195999146 0.799727201461792 27 26 29 6.62 5 129 6 161 7 173 8 184 9 177 10 166 11 156 12 147 13 142 14 133 15 132 16 121 17 130 18 136 19 125 20 111 21 116 22 125 23 117 26 74 36 78 37 105 38 128 39 123 40 153 41 150 42 150 43 152 47 157 48 163 49 161 
262 0.4562821388244629 0.03901096060872078 0.9699612855911255 149 156 160 4.93 4 128 5 130 6 162 7 174 8 185 9 178 10 167 11 157 12 148 13 143 14 134 15 133 16 122 17 131 18 137 19 126 20 112 21 117 22 126 23 118 26 75 35 102 36 79 37 106 38 129 39 124 40 154 41 151 42 151 43 153 46 156 47 158 48 164 49 162 
263 0.46813252568244934 0.0703442320227623 1.2178586721420288 89 80 78 4.66 4 129 7 175 8 186 9 179 10 168 11 158 12 149 13 144 14 135 15 134 16 123 17 132 18 138 19 127 20 113 21 118 22 127 23 119 26 76 35 103 36 80 37 107 38 130 39 125 40 155 41 152 42 152 43 154 46 157 47 159 48 165 49 163 
264 0.34936657547950745 0.18153303861618042 1.1056064367294312 95 104 118 3.02 5 131 6 163 7 176 8 187 9 180 10 169 11 159 12 150 13 145 14 136 17 133 18 139 19 128 20 114 21 119 22 128 23 120 35 104 36 81 37 108 38 131 40 156 41 153 42 153 43 155 46 158 47 160 48 166 49 164 
265 0.36357468366622925 0.055897265672683716 1.330578088760376 117 109 102 4.01 6 164 10 170 11 160 17 134 19 129 20 115 21 120 35 105 36 82 37 109 38 132 39 126 40 157 41 154 42 154 43 156 46 159 47 161 48 167 49 165 
266 0.4610423743724823 0.14370261132717133 0.9463471174240112 135 137 138 4.98 4 130 5 132 7 177 8 188 9 181 10 171 11 161 12 151 13 146 14 137 15 135 16 124 17 135 18 140 19 130 20 116 21 121 22 129 23 121 26 77 35 106 36 83 37 110 38 133 39 127 40 158 41 155 42 155 43 157 46 160 47 162 48 168 49 166 
267 0.36734136939048767 0.14234672486782074 1.193923830986023 98 90 85 4.43 6 165 7 178 8 189 9 182 10 172 11 162 12 152 15 136 16 125 18 141 19 131 20 117 22 130 23 122 26 78 35 107 36 84 37 111 38 134 39 128 40 159 41 156 42 156 43 158 46 161 47 163 48 169 49 167 
268 0.47085192799568176 0.23204536736011505 1.0283435583114624 153 149 141 3.66 4 131 7 179 8 190 9 183 10 173 11 163 12 153 13 147 14 138 15 137 16 126 17 136 18 142 19 132 20 118 21 122 22 131 23 123 26 79 35 108 36 85 37 112 38 135 39 129 40 160 41 157 42 157 43 159 46 162 47 164 48 170 49 168 
269 0.5476803183555603 0.32024914026260376 1.2224650382995605 28 36 24 8.04 7 180 8 191 9 184 10 174 11 164 12 154 19 133 35 109 36 86 38 136 39 130 40 161 41 158 42 158 43 160 46 163 47 165 48 171 
270 0.5470606088638306 0.30277007818222046 1.0433255434036255 22 24 28 9.13 8 192 9 185 11 165 12 155 19 134 20 119 21 123 22 132 23 124 26 80 35 110 36 87 38 137 39 131 40 162 41 159 42 159 43 161 46 164 47 166 
271 0.5424944758415222 0.2900436818599701 0.9915117025375366 24 25 30 10.97 8 193 9 186 11 166 12 156 14 139 18 143 19 135 20 120 21 124 22 133 23 125 26 81 35 111 36 88 38 138 39 132 40 163 41 160 42 160 43 162 46 165 47 167 
272 0.34661564230918884 0.10365847498178482 1.13895583152771 81 81 83 3.48 5 133 6 166 7 181 8 194 9 187 10 175 11 167 12 157 13 148 14 140 17 137 18 144 19 136 20 121 21 125 22 134 23 126 26 82 35 112 36 89 37 113 39 133 40 164 41 161 42 161 43 163 46 166 47 168 48 172 49 169 
273 0.3045531213283539 -0.03048846498131752 0.7951967716217041 131 142 144 3.85 5 134 6 167 7 182 8 195 9 188 10 176 11 168 12 158 13 149 14 141 15 138 16 127 17 138 18 145 19 137 20 122 21 126 22 135 23 127 26 83 36 90 37 114 38 139 41 162 42 162 47 169 48 173 49 170 
274 0.4793875515460968 0.3286827802658081 1.188428282737732 42 41 42 4.18 4 132 10 177 11 169 12 159 13 150 14 142 18 146 19 138 20 123 21 127 22 136 23 128 35 113 36 91 38 140 40 165 43 164 46 167 47 170 48 174 49 171 
275 0.31825006008148193 0.1272546350955963 0.8802714347839355 79 81 80 2.92 5 135 6 168 7 183 8 196 9 189 10 178 11 170 12 160 13 151 14 143 15 139 16 128 17 139 18 147 19 139 20 124 22 137 23 129 26 84 35 114 36 92 37 115 38 141 39 134 40 166 42 163 43 165 46 168 47 171 48 175 49 172 
276 0.369151771068573 0.1898229718208313 1.312364935874939 138 132 128 4.44 6 169 7 184 8 197 9 190 10 179 11 171 17 140 19 140 20 125 21 128 23 130 26 85 35 115 36 93 37 116 38 142 39 135 40 167 41 163 42 164 43 166 46 169 47 172 48 176 49 173 
277 0.337770938873291 0.1791478544473648 0.8009541630744934 21 20 21 12.79 4 133 5 136 6 170 7 185 8 198 9 191 10 180 11 172 12 161 13 152 14 144 15 140 16 129 17 141 18 148 19 141 20 126 21 129 22 138 23 131 26 86 35 116 36 94 37 117 38 143 39 136 40 168 41 164 42 165 43 167 46 170 47 173 48 177 49 174 
278 0.46558135747909546 0.14974074065685272 1.1705676317214966 147 150 145 5.17 4 134 5 137 7 186 8 199 9 192 10 181 11 173 12 162 13 153 14 145 15 141 16 130 17 142 18 149 19 142 20 127 21 130 22 139 23 132 26 87 35 117 36 95 37 118 38 144 39 137 40 169 41 165 42 166 43 168 46 171 47 174 48 178 49 175 
279 0.3710067570209503 0.24856624007225037 1.1788430213928223 103 91 83 4.86 5 138 6 171 7 187 8 200 9 193 10 182 11 174 12 163 15 142 17 143 18 150 19 143 21 131 22 140 23 133 26 88 35 118 36 96 37 119 38 145 39 138 40 170 41 166 42 167 43 169 46 172 47 175 48 179 49 176 
280 0.523783266544342 0.29800090193748474 1.0045047998428345 51 40 37 7.21 9 194 11 175 12 164 14 146 18 151 19 144 20 128 21 132 22 141 23 134 26 89 35 119 36 97 38 146 39 139 40 171 41 167 42 168 43 170 46 173 47 176 
281 0.37282508611679077 0.27096500992774963 1.1806284189224243 81 74 72 5.51 6 172 7 188 8 201 9 195 10 183 11 176 12 165 15 143 17 144 18 152 19 145 20 129 21 133 22 142 23 135 26 90 35 120 36 98 37 120 38 147 39 140 40 172 41 168 42 169 43 171 46 174 47 177 48 180 49 177 
282 0.5313144326210022 0.3529127538204193 1.242917776107788 73 65 64 12.13 4 135 8 202 9 196 10 184 11 177 12 166 13 154 14 147 19 146 35 121 36 99 40 173 41 169 48 181 
283 0.4483022093772888 0.07280833274126053 0.8334919810295105 147 149 147 5.84 4 136 5 139 6 173 7 189 8 203 9 197 10 185 11 178 12 167 13 155 14 148 15 144 16 131 17 145 18 153 19 147 20 130 21 134 22 143 23 136 26 91 36 100 38 148 39 141 40 174 41 170 42 170 43 172 46 175 47 178 48 182 49 178 
284 0.3701992630958557 0.0640159398317337 1.4014440774917603 104 82 76 6.32 19 148 21 135 22 144 23 137 35 122 36 101 37 121 38 149 39 142 40 175 41 171 42 171 43 173 46 176 47 179 48 183 49 179 
285 0.47741663455963135 0.05654655396938324 1.1817541122436523 81 74 71 5.33 4 137 5 140 7 190 8 204 9 198 10 186 11 179 12 168 13 156 14 149 15 145 16 132 17 146 18 154 19 149 20 131 21 136 22 145 23 138 26 92 35 123 36 102 37 122 38 150 39 143 40 176 41 172 42 172 43 174 46 177 47 180 48 184 49 180 
286 0.3453860282897949 0.1849185824394226 1.1172707080841064 41 50 53 3.24 5 141 6 174 7 191 8 205 9 199 10 187 11 180 12 169 13 157 14 150 17 147 18 155 19 150 20 132 21 137 22 146 23 139 26 93 35 124 36 103 37 123 39 144 40 177 41 173 42 173 43 175 46 178 47 181 48 185 49 181 
287 0.3240307867527008 0.0897582471370697 0.8089563846588135 26 23 28 6.81 5 142 6 175 7 192 8 206 9 200 10 188 11 181 12 170 13 158 14 151 15 146 16 133 17 148 18 156 19 151 20 133 21 138 22 147 23 140 35 125 36 104 37 124 40 178 41 174 42 174 47 182 48 186 49 182 
288 0.31696587800979614 -0.020917989313602448 0.9040310382843018 45 36 28 2.8 5 143 6 176 7 193 8 207 9 201 10 189 11 182 12 171 13 159 14 152 15 147 16 134 17 149 18 157 19 152 20 134 22 148 23 141 26 94 36 105 37 125 38 151 39 145 40 179 43 176 46 179 47 183 48 187 49 183 
289 0.43129390478134155 0.18353885412216187 0.8200311064720154 111 104 100 6.08 3 96 4 138 5 144 6 177 7 194 8 208 9 202 10 190 11 183 12 172 13 160 14 153 15 148 16 135 17 150 18 158 19 153 20 135 21 139 22 149 23 142 26 95 36 106 38 152 39 146 40 180 41 175 42 175 43 177 46 180 47 184 48 188 49 184 
290 0.31767675280570984 0.00014459046360570937 0.9246197938919067 41 36 30 3.3 5 145 6 178 7 195 8 209 9 203 10 191 11 184 12 173 13 161 14 154 15 149 16 136 17 151 18 159 19 154 20 136 21 140 22 150 23 143 26 96 36 107 37 126 38 153 39 147 41 176 42 176 43 178 46 181 47 185 48 189 49 185 
291 0.3481757938861847 0.04999589920043945 1.272661566734314 54 64 67 3.17 5 146 6 179 7 196 8 210 9 204 10 192 11 185 15 150 18 160 19 155 21 141 22 151 23 144 35 126 36 108 37 127 38 154 39 148 40 181 41 177 42 177 43 179 46 182 47 186 48 190 49 186 
292 0.36936861276626587 0.20133842527866364 1.3507411479949951 133 122 114 3.67 6 180 7 197 8 211 9 205 10 193 18 161 19 156 20 137 22 152 23 145 35 127 36 109 37 128 38 155 39 149 40 182 41 178 42 178 43 180 46 183 47 187 48 191 49 187 
293 0.37013542652130127 0.024492505937814713 1.2503819465637207 25 25 25 5.08 6 181 7 198 8 212 9 206 10 194 11 186 19 157 21 142 22 153 23 146 35 128 36 110 37 129 38 156 39 150 40 183 41 179 42 179 43 181 46 184 47 188 48 192 49 188 
294 0.5202073454856873 0.25995463132858276 0.8622229099273682 26 26 27 8.82 6 182 8 213 9 207 10 195 11 187 12 174 13 162 14 155 16 137 17 152 18 162 19 158 20 138 21 143 22 154 23 147 26 97 36 111 38 157 39 151 40 184 41 180 42 180 43 182 47 189 
295 0.45250239968299866 0.10038838535547256 1.086046814918518 60 51 46 2.26 4 139 5 147 7 199 8 214 9 208 10 196 11 188 12 175 13 163 14 156 15 151 16 138 17 153 18 163 19 159 20 139 21 144 22 155 23 148 26 98 35 129 36 112 37 130 38 158 39 152 40 185 41 181 42 181 43 183 46 185 47 190 48 193 49 189 
296 0.3284476697444916 0.1332026720046997 0.9076811075210571 80 92 91 2.55 5 148 6 183 7 200 8 215 9 209 10 197 11 189 12 176 13 164 14 157 15 152 16 139 17 154 18 164 19 160 20 140 21 145 22 156 23 149 26 99 35 130 36 113 37 131 38 159 39 153 41 182 42 182 43 184 46 186 47 191 48 194 49 190 
297 0.34574517607688904 0.2009560465812683 1.1155973672866821 90 103 110 3.24 5 149 6 184 7 201 8 216 9 210 10 198 11 190 12 177 13 165 14 158 17 155 18 165 19 161 20 141 21 146 22 157 23 150 26 100 35 131 36 114 37 132 39 154 40 186 41 183 42 183 43 185 46 187 47 192 48 195 49 191 
298 0.5367891192436218 0.30335140228271484 1.1058454513549805 114 102 101 7.74 8 217 9 211 11 191 12 178 14 159 19 162 20 142 21 147 22 158 23 151 26 101 35 132 36 115 38 160 39 155 40 187 41 184 42 184 43 186 46 188 47 193 
299 0.47114503383636475 0.26838332414627075 1.1732267141342163 118 110 105 5.45 4 140 7 202 8 218 9 212 10 199 11 192 12 179 13 166 14 160 16 140 17 156 18 166 19 163 20 143 21 148 22 159 23 152 26 102 35 133 36 116 37 133 38 161 39 156 40 188 41 185 42 185 43 187 46 189 47 194 48 196 49 192 
300 0.3028784692287445 0.005607003811746836 0.7941708564758301 65 76 78 3.96 5 150 6 185 7 203 8 219 9 213 10 200 11 193 12 180 13 167 14 161 15 153 16 141 17 157 18 167 19 164 20 144 21 149 22 160 23 153 26 103 36 117 37 134 38 162 40 189 41 186 42 186 47 195 48 197 49 193 
301 0.5224891304969788 0.2578828036785126 0.9177453517913818 34 36 40 7.03 6 186 8 220 9 214 11 194 12 181 13 168 14 162 16 142 17 158 18 168 19 165 20 145 21 150 22 161 23 154 26 104 36 118 38 163 39 157 40 190 41 187 42 187 43 188 46 190 47 196 
302 0.4779430031776428 0.2835511267185211 1.1354600191116333 123 115 104 6.12 4 141 10 201 11 195 12 182 13 169 14 163 16 143 17 159 18 169 19 166 20 146 21 151 22 162 23 155 26 105 35 134 36 119 37 135 38 164 39 158 40 191 41 188 42 188 43 189 48 198 
303 0.5049233436584473 0.2718386650085449 0.9244173169136047 75 69 72 4.31 8 221 9 215 10 202 11 196 12 183 13 170 14 164 16 144 17 160 18 170 19 167 20 147 21 152 22 163 23 156 26 106 35 135 36 120 38 165 39 159 40 192 41 189 42 189 43 190 46 191 47 197 
304 0.31677892804145813 -0.0027043139562010765 0.9134095311164856 42 37 30 2.95 5 151 6 187 7 204 8 222 9 216 10 203 11 197 12 184 13 171 14 165 15 154 16 145 17 161 18 171 19 168 20 148 22 164 23 157 26 107 36 121 37 136 38 166 39 160 40 193 42 190 43 191 46 192 47 198 48 199 49 194 
305 0.4645734429359436 0.22560851275920868 0.8128023147583008 89 76 73 6.76 3 97 4 142 5 152 6 188 7 205 8 223 9 217 10 204 11 198 12 185 13 172 14 166 15 155 16 146 17 162 18 172 19 169 20 149 21 153 22 165 23 158 26 108 36 122 38 167 39 161 40 194 41 190 42 191 43 192 46 193 47 199 48 200 
306 0.35335573554039 0.2137247622013092 1.2496373653411865 107 119 132 4.14 6 189 7 206 8 224 9 218 10 205 11 199 12 186 15 156 18 173 19 170 20 150 21 154 22 166 23 159 35 136 36 123 37 137 38 168 39 162 40 195 41 191 42 192 43 193 46 194 47 200 48 201 49 195 
307 0.3031669557094574 0.09837311506271362 0.7607766389846802 108 114 113 3.88 5 153 6 190 7 207 8 225 9 219 10 206 11 200 12 187 13 173 14 167 15 157 16 147 17 163 18 174 19 171 20 151 21 155 22 167 23 160 26 109 36 124 37 138 38 169 41 192 42 193 43 194 48 202 49 196 
308 0.36440542340278625 0.2196202129125595 1.356023907661438 20 16 15 3.9 6 191 10 207 19 172 20 152 21 156 22 168 23 161 35 137 36 125 37 139 38 170 39 163 40 196 41 193 42 194 43 195 46 195 47 201 48 203 49 197 
309 0.34376174211502075 0.0382031686604023 1.1528682708740234 45 38 32 3.27 5 154 6 192 7 208 8 226 9 220 10 208 11 201 12 188 13 174 14 168 16 148 17 164 18 175 19 173 20 153 21 157 22 169 23 162 26 110 35 138 36 126 37 140 39 164 40 197 41 194 42 195 43 196 46 196 47 202 48 204 49 198 
310 0.35518747568130493 0.08920604735612869 1.2940269708633423 148 154 160 4.14 5 155 6 193 7 209 8 227 9 221 10 209 11 202 12 189 15 158 17 165 18 176 20 154 21 158 22 170 23 163 26 111 35 139 36 127 37 141 38 171 39 165 40 198 41 195 42 196 43 197 46 197 47 203 48 205 49 199 
311 0.29996079206466675 0.05111737921833992 0.644164502620697 42 33 31 6.23 4 143 5 156 6 194 7 210 8 228 9 222 10 210 11 203 12 190 13 175 14 169 15 159 16 149 17 166 18 177 19 174 20 155 21 159 22 171 23 164 26 112 36 128 40 199 41 196 48 206 49 200 
312 0.3711729943752289 0.22673235833644867 1.289960503578186 137 136 136 4.09 6 195 7 211 8 229 9 223 10 211 17 167 19 175 20 156 21 160 26 113 35 140 36 129 37 142 38 172 39 166 40 200 41 197 42 197 43 198 46 198 47 204 48 207 49 201 
313 0.5224360823631287 0.31974467635154724 1.2582403421401978 56 68 59 6.22 11 204 12 191 14 170 19 176 35 141 36 130 37 143 38 173 39 167 40 201 41 198 42 198 43 199 46 199 47 205 48 208 49 202 
314 0.46023038029670715 0.038560446351766586 1.1093833446502686 91 89 91 3.51 4 144 5 157 7 212 8 230 9 224 10 212 11 205 12 192 13 176 14 171 15 160 16 150 17 168 18 178 19 177 20 157 21 161 22 172 23 165 26 114 35 142 36 131 37 144 38 174 39 168 40 202 41 199 42 199 43 200 46 200 47 206 48 209 49 203 
315 0.357186883687973 0.10523673892021179 1.2910215854644775 111 110 115 4.12 5 158 6 196 7 213 8 231 9 225 10 213 11 206 15 161 17 169 18 179 20 158 21 162 22 173 23 166 26 115 35 143 36 132 37 145 38 175 39 169 40 203 41 200 42 200 43 201 46 201 47 207 48 210 49 204 
316 0.5312710404396057 0.26816391944885254 0.874121904373169 107 75 69 7.38 6 197 9 226 11 207 12 193 14 172 17 170 18 180 19 178 20 159 21 163 22 174 23 167 26 116 36 133 38 176 40 204 41 201 
317 0.4750378429889679 0.29143765568733215 1.1705353260040283 140 142 144 5.03 10 214 11 208 12 194 13 177 14 173 16 151 17 171 18 181 19 179 20 160 21 164 22 175 23 168 26 117 35 144 36 134 37 146 38 177 39 170 40 205 41 202 46 202 47 208 48 211 49 205 
318 0.29773107171058655 0.1381288766860962 0.6045939922332764 93 93 88 6.54 0 90 4 145 5 159 6 198 7 214 8 232 9 227 10 215 11 209 12 195 13 178 14 174 15 162 16 152 17 172 18 182 19 180 20 161 21 165 22 176 23 169 26 118 36 135 38 178 41 203 48 212 49 206 99 78 
319 0.36684757471084595 0.04277283698320389 1.3447998762130737 66 53 48 4.75 10 216 11 210 19 181 20 162 23 170 26 119 35 145 36 136 37 147 38 179 39 171 40 206 41 204 42 201 43 202 46 203 47 209 48 213 49 207 
320 0.36660876870155334 0.07035081088542938 1.375476598739624 68 53 53 4.71 5 160 6 199 7 215 9 228 10 217 17 173 19 182 20 163 22 177 23 171 35 146 36 137 37 148 38 180 39 172 40 207 41 205 42 202 43 203 46 204 47 210 48 214 49 208 
321 0.4586177170276642 0.06526787579059601 1.2208925485610962 54 45 42 3.34 7 216 8 233 9 229 10 218 11 211 12 196 13 179 14 175 15 163 16 153 17 174 18 183 19 183 20 164 21 166 22 178 23 172 26 120 35 147 36 138 37 149 38 181 39 173 40 208 41 206 42 203 43 204 46 205 47 211 48 215 49 209 
322 0.5709159970283508 0.2642762064933777 0.8555841445922852 89 84 78 11.2 18 184 19 184 20 165 21 167 22 179 23 173 26 121 36 139 
323 0.5125882625579834 0.3100593686103821 1.1154180765151978 70 74 84 8.56 11 212 12 197 13 180 14 176 18 185 19 185 20 166 21 168 22 180 23 174 26 122 35 148 36 140 38 182 39 174 40 209 41 207 42 204 43 205 46 206 
324 0.36354056000709534 0.28340083360671997 1.2477103471755981 106 108 112 4.42 6 200 7 217 8 234 9 230 10 219 11 213 12 198 17 175 18 186 20 167 21 169 22 181 23 175 26 123 35 149 36 141 37 150 38 183 39 175 40 210 41 208 42 205 43 206 46 207 47 212 48 216 49 210 
325 0.44086894392967224 0.002866600174456835 0.9992247223854065 54 44 37 2.79 4 146 5 161 6 201 7 218 8 235 9 231 10 220 11 214 12 199 13 181 14 177 15 164 16 154 17 176 18 187 19 186 20 168 21 170 22 182 23 176 26 124 36 142 37 151 38 184 39 176 40 211 41 209 42 206 43 207 46 208 47 213 48 217 49 211 
326 0.304279088973999 0.09504596889019012 0.7497761249542236 65 65 64 3.94 5 162 6 202 7 219 8 236 9 232 10 221 11 215 12 200 13 182 14 178 15 165 16 155 17 177 18 188 19 187 20 169 21 171 22 183 23 177 26 125 36 143 37 152 38 185 41 210 42 207 43 208 48 218 49 212 
327 0.4839542806148529 0.24251669645309448 0.7976518273353577 108 96 95 4.04 5 163 6 203 8 237 9 233 10 222 11 216 12 201 13 183 14 179 15 166 16 156 17 178 18 189 19 188 20 170 21 172 22 184 23 178 26 126 36 144 38 186 40 212 41 211 42 208 43 209 46 209 47 214 
328 0.36897900700569153 0.060585811734199524 1.2118562459945679 38 27 20 5.67 5 164 6 204 7 220 8 238 9 234 10 223 11 217 12 202 15 167 16 157 18 190 19 189 20 171 22 185 23 179 26 127 35 150 36 145 37 153 38 187 39 177 40 213 41 212 42 209 43 210 46 210 47 215 48 219 49 213 
329 0.362201064825058 0.266282320022583 1.2526541948318481 101 95 100 4.66 6 205 7 221 8 239 9 235 10 224 11 218 12 203 15 168 17 179 18 191 20 172 21 173 22 186 23 180 26 128 35 151 36 146 37 154 38 188 39 178 40 214 41 213 42 210 43 211 46 211 47 216 48 220 49 214 
330 0.5530577301979065 0.3088087737560272 1.0456961393356323 93 69 64 12.72 11 219 12 204 19 190 20 173 21 174 22 187 23 181 26 129 35 152 36 147 38 189 40 215 41 214 42 211 43 212 46 212 47 217 
331 0.4630538523197174 0.11920655518770218 1.0537090301513672 129 119 108 2.53 4 147 5 165 7 222 8 240 9 236 10 225 11 220 12 205 13 184 14 180 15 169 16 158 17 180 18 192 19 191 20 174 21 175 22 188 23 182 26 130 35 153 36 148 37 155 38 190 39 179 40 216 41 215 42 212 43 213 46 213 47 218 48 221 49 215 
332 0.38631418347358704 0.31154829263687134 1.3087234497070312 77 69 69 7.87 6 206 19 192 20 175 21 176 22 189 23 183 35 154 36 149 37 156 38 191 39 180 40 217 41 216 42 213 43 214 46 214 47 219 48 222 49 216 
333 0.4368551969528198 0.15395185351371765 1.0277782678604126 94 75 64 13.85 4 148 5 166 7 223 8 241 9 237 10 226 11 221 12 206 13 185 14 181 15 170 16 159 17 181 18 193 19 193 20 176 21 177 22 190 23 184 26 131 35 155 36 150 37 157 38 192 39 181 40 218 41 217 42 214 43 215 46 215 47 220 48 223 49 217 
334 0.3120609521865845 0.026936037465929985 0.7601718902587891 76 65 56 3.28 5 167 6 207 7 224 8 242 9 238 10 227 11 222 12 207 13 186 14 182 15 171 16 160 17 182 18 194 19 194 20 177 21 178 22 191 23 185 26 132 36 151 37 158 38 193 39 182 42 215 43 216 48 224 49 218 
335 0.35536178946495056 0.1286715269088745 1.2414964437484741 168 186 200 3.63 6 208 7 225 8 243 9 239 10 228 11 223 12 208 15 172 18 195 19 195 21 179 22 192 23 186 26 133 35 156 36 152 37 159 38 194 39 183 40 219 41 218 42 216 43 217 46 216 47 221 48 225 49 219 
336 0.37528902292251587 0.2709187865257263 1.2896301746368408 122 116 117 5.53 6 209 7 226 8 244 10 229 11 224 17 183 19 196 20 178 21 180 23 187 35 157 36 153 37 160 38 195 39 184 40 220 41 219 42 217 43 218 46 217 47 222 48 226 49 220 
337 0.48519352078437805 0.1777651160955429 1.183767318725586 182 195 203 6.62 4 149 5 168 7 227 8 245 9 240 10 230 11 225 12 209 13 187 14 183 16 161 17 184 18 196 19 197 20 179 21 181 22 193 23 188 26 134 35 158 36 154 37 161 38 196 39 185 40 221 41 220 42 218 43 219 46 218 47 223 48 227 49 221 
338 0.5310587882995605 0.2724287211894989 0.985938310623169 33 36 41 10.16 6 210 8 246 9 241 11 226 12 210 13 188 14 184 16 162 17 185 18 197 19 198 20 180 21 182 22 194 23 189 26 135 35 159 36 155 38 197 39 186 40 222 41 221 42 219 43 220 46 219 47 224 
339 0.3676556646823883 0.16878299415111542 1.3201720714569092 134 122 113 3.85 6 211 7 228 8 247 9 242 10 231 17 186 19 199 20 181 21 183 23 190 26 136 35 160 36 156 37 162 38 198 39 187 40 223 41 222 42 220 43 221 46 220 47 225 48 228 49 222 
340 0.3552320897579193 0.24322490394115448 1.0584630966186523 111 116 116 4.26 5 169 6 212 7 229 8 248 9 243 10 232 11 227 12 211 13 189 14 185 17 187 18 198 19 200 20 182 21 184 22 195 23 191 26 137 35 161 36 157 37 163 38 199 39 188 42 221 43 222 46 221 47 226 48 229 49 223 
341 0.31746771931648254 0.012879672460258007 0.9013170599937439 42 39 36 3.49 5 170 6 213 7 230 8 249 9 244 10 233 11 228 12 212 13 190 14 186 15 173 16 163 17 188 18 199 19 201 20 183 21 185 22 196 23 192 26 138 36 158 37 164 38 200 39 189 40 224 42 222 43 223 46 222 47 227 48 230 49 224 
342 0.3032883405685425 0.11288505047559738 0.755524218082428 115 122 120 3.73 5 171 6 214 7 231 8 250 9 245 10 234 11 229 12 213 13 191 14 187 15 174 16 164 17 189 18 200 19 202 20 184 21 186 22 197 23 193 26 139 36 159 37 165 38 201 41 223 42 223 43 224 48 231 49 225 
343 0.5349440574645996 0.35351598262786865 1.2316609621047974 59 48 47 12.32 2 91 4 150 8 251 9 246 10 235 11 230 12 214 13 192 14 188 19 203 35 162 36 160 
344 0.3684489130973816 0.1463797241449356 1.1996639966964722 94 84 75 4.74 6 215 7 232 8 252 9 247 10 236 11 231 12 215 15 175 18 201 19 204 20 185 21 187 22 198 23 194 26 140 35 163 36 161 37 166 38 202 39 190 40 225 41 224 42 224 43 225 46 223 47 228 48 232 49 226 
345 0.4662998914718628 0.20882131159305573 1.0315005779266357 133 126 115 2.5 4 151 5 172 7 233 8 253 9 248 10 237 11 232 12 216 13 193 14 189 15 176 16 165 17 190 18 202 19 205 20 186 21 188 22 199 23 195 26 141 35 164 36 162 37 167 38 203 39 191 40 226 41 225 42 225 43 226 46 224 47 229 48 233 49 227 
346 0.5273380875587463 0.2736392617225647 0.9198065400123596 23 23 26 13.56 8 254 9 249 11 233 12 217 13 194 14 190 17 191 18 203 19 206 20 187 21 189 22 200 23 196 26 142 36 163 38 204 39 192 40 227 41 226 42 226 43 227 46 225 47 230 
347 0.5274369120597839 0.3220245838165283 1.1326700448989868 110 105 105 10.11 11 234 12 218 19 207 20 188 21 190 22 201 23 197 26 143 35 165 36 164 38 205 39 193 40 228 41 227 42 227 43 228 46 226 47 231 
348 0.3553159832954407 0.24347703158855438 1.0377593040466309 106 95 79 4.58 5 173 6 216 7 234 8 255 9 250 10 238 11 235 12 219 13 195 14 191 17 192 18 204 19 208 20 189 21 191 22 202 23 198 26 144 35 166 36 165 37 168 38 206 39 194 40 229 43 229 46 227 47 232 48 234 49 228 
349 0.47883182764053345 0.282461941242218 1.0571080446243286 46 47 51 6.42 11 236 12 220 13 196 14 192 16 166 17 193 18 205 19 209 20 190 21 192 22 203 23 199 26 145 35 167 36 166 38 207 39 195 40 230 41 228 42 228 43 230 
350 0.3588034510612488 0.1076204925775528 1.2914584875106812 62 55 55 4.29 5 174 6 217 7 235 8 256 9 251 10 239 11 237 15 177 17 194 18 206 20 191 21 193 22 204 23 200 26 146 35 168 36 167 37 169 38 208 39 196 40 231 41 229 42 229 43 231 46 228 47 233 48 235 49 229 
351 0.4611322283744812 0.22898463904857635 0.7769026756286621 81 70 67 8.97 5 175 6 218 7 236 8 257 9 252 10 240 11 238 12 221 13 197 14 193 15 178 16 167 17 195 18 207 19 210 20 192 21 194 22 205 23 201 26 147 36 168 38 209 39 197 40 232 41 230 42 230 43 232 46 229 47 234 
352 0.3647835850715637 0.19035430252552032 1.243154764175415 113 97 95 4.65 6 219 7 237 8 258 9 253 10 241 11 239 15 179 17 196 18 208 19 211 20 193 21 195 22 206 23 202 35 169 36 169 37 170 38 210 39 198 40 233 41 231 42 231 43 233 46 230 47 235 48 236 49 230 
353 0.5016006231307983 0.26794010400772095 1.0364165306091309 142 145 144 8.67 4 152 7 238 8 259 9 254 10 242 11 240 12 222 13 198 14 194 16 168 17 197 18 209 19 212 20 194 21 196 22 207 23 203 26 148 35 170 36 170 37 171 38 211 39 199 40 234 41 232 42 232 43 234 46 231 47 236 48 237 
354 0.3305429518222809 0.15848200023174286 0.8610422015190125 24 15 14 7.53 5 176 6 220 7 239 8 260 9 255 10 243 11 241 12 223 13 199 14 195 15 180 16 169 17 198 18 210 19 213 20 195 21 197 22 208 23 204 26 149 35 171 36 171 37 172 38 212 39 200 40 235 41 233 42 233 43 235 46 232 47 237 48 238 49 231 
