# Camera list with one line of data per camera:
#   CAMERA_ID, MODEL, WIDTH, HEIGHT, PARAMS[]
# Number of cameras: 64
221 RADIAL 1029 686 1007.0658393840475 514.5 343.0 0.014379186731802652 0.05931510416525549
232 RADIAL 1057 691 1099.971935150176 528.5 345.5 -0.023274721061220624 -0.007858723714058291
21 RADIAL 1003 667 963.8687134891615 501.5 333.5 -0.021518702998486038 0.06514385699031162
85 RADIAL 1068 694 862.2570167221378 534.0 347.0 0.008622659390563166 0.025147650873011344
77 RADIAL 1066 693 815.0116774103082 533.0 346.5 -0.05608070028837076 0.10522044804257635
159 RADIAL 1023 760 1050.5385023794206 511.5 380.0 -0.001012932927596525 0.021481280773274294
32 RADIAL 988 741 831.4970744989882 494.0 370.5 -0.012189447520750381 -0.01285336968101197
36 RADIAL 1021 760 839.0004906894565 510.5 380.0 0.014136428826989957 0.018484918244219807
164 RADIAL 1033 760 1108.6323795562546 516.5 380.0 -0.0018773175952313693 -0.00046554658960117973
38 RADIAL 1018 760 1562.2961545533046 509.0 380.0 -0.001413847869965555 -0.00012787615994255493
196 RADIAL 1051 690 1147.3448955333968 525.5 345.0 -0.0038308860313853678 0.012882691913678267
148 RADIAL 1015 760 1574.5357798863197 507.5 380.0 -0.003958112432077201 0.006300720969066455
33 RADIAL 1026 650 2267.3307742080965 513.0 325.0 0.007035794505249586 0.00036202633370297106
146 RADIAL 1031 760 1092.772259511498 515.5 380.0 0.00879180280396562 0.011722680243512628
162 RADIAL 1033 760 1036.733037552998 516.5 380.0 0.011397703072801656 0.003277514782211174
113 RADIAL 1014 760 1625.7935956419221 507.0 380.0 0.003031034847397105 0.00010191771524917841
172 RADIAL 1020 760 1009.0798010287208 510.0 380.0 -0.002095444610984004 0.0036448151374154783
43 RADIAL 1026 760 1016.4831859210442 513.0 380.0 0.006592259177038351 0.0008800328111743199
44 RADIAL 1035 578 781.3611852411806 517.5 289.0 -0.013992683209549047 0.022976194194832395
60 RADIAL 1015 760 1769.8390790352664 507.5 380.0 -0.015318114630620359 -0.001418622257438497
71 RADIAL 1033 760 1076.679014860127 516.5 380.0 -0.01476896857824975 -0.004615879025522522
81 RADIAL 1026 760 697.7024959931994 513.0 380.0 -0.010071797601044107 -0.023911631462442528
209 RADIAL 1069 694 871.5327854343641 534.5 347.0 -0.04270753067562796 0.09797332684450359
92 RADIAL 1031 760 805.5044480230189 515.5 380.0 0.015169296599436834 0.009616344054844711
224 RADIAL 1019 760 1288.0645031667386 509.5 380.0 -0.023374183392122244 0.004817725228569932
103 RADIAL 1026 760 1129.9478864113662 513.0 380.0 -0.004112820989005317 -0.002943149809305046
110 RADIAL 1015 760 1773.0394744229254 507.5 380.0 -0.03656051804375511 -0.0031400075854372137
111 RADIAL 1043 690 1174.4961486947466 521.5 345.0 -0.017452324181268436 0.003466665138002335
114 RADIAL 760 1021 767.6496021412161 380.0 510.5 0.006783801838051408 0.004636473318513575
128 RADIAL 1025 760 1039.919219075602 512.5 380.0 -0.0018489452374047407 0.016182168501495946
227 RADIAL 1020 683 1035.6305452585862 510.0 341.5 -0.04522975313706227 -0.01814867434992551
204 RADIAL 1021 760 1163.31048079248 510.5 380.0 -0.023221820760550363 -0.0043665765398738015
50 RADIAL 1015 760 1151.4560607465667 507.5 380.0 -0.00986132840259121 0.03777592636014826
53 RADIAL 1023 760 1083.25117536457 511.5 380.0 -0.01993612693405082 0.0002817074523276859
157 RADIAL 1018 760 1570.4583774914927 509.0 380.0 -0.027839339056238525 -0.0002475959664357505
158 RADIAL 1013 757 1027.7641621500516 506.5 378.5 -0.030129936190004935 -0.008126028273062014
127 RADIAL 1014 758 1954.4259941497558 507.0 379.0 0.012303117126751414 0.0013634042629747834
213 RADIAL 1024 628 1979.4095462213786 512.0 314.0 0.004611315560612279 -2.9506473397700934e-05
27 RADIAL 1018 760 1000.2229498903312 509.0 380.0 0.0033049322664131346 -0.009903300755923392
176 RADIAL 1022 760 1193.2947427115892 511.0 380.0 -0.03499468516260731 -0.055036375144720234
219 RADIAL 1024 760 1145.4835164749138 512.0 380.0 0.007267297567692387 0.0011021699543945014
52 RADIAL 1028 760 961.9507272592426 514.0 380.0 -0.007346409129043169 -0.0029023893645900942
118 RADIAL 1032 760 1104.5569621465154 516.0 380.0 -0.028282883884809294 -0.00658104272200091
61 RADIAL 1039 686 1205.3553462366026 519.5 343.0 0.007331279190086996 0.004303790418444552
179 RADIAL 1026 680 1367.6551932742836 513.0 340.0 -0.004644273341433943 -0.00017644002826352958
126 RADIAL 1037 760 1119.8379318006973 518.5 380.0 -0.009876984392949716 -0.0023937372146278836
190 RADIAL 1030 760 1013.6816100709717 515.0 380.0 -0.0032168432104285206 5.293978414522824e-05
96 RADIAL 1024 760 1040.6461078253678 512.0 380.0 0.01296946669238935 0.0030722991568439876
220 RADIAL 971 643 1296.9698497598395 485.5 321.5 -0.012711575047936156 -0.002258707251282457
229 RADIAL 1016 760 1120.4673159855724 508.0 380.0 -0.02213007294164557 -0.015205826597288391
25 RADIAL 1025 760 1111.1855552008406 512.5 380.0 -0.03062203629902962 -0.001983675761082426
63 RADIAL 1023 760 1035.4857719872634 511.5 380.0 0.022933928233729486 0.012486672059839705
142 RADIAL 689 1050 851.2322001544983 344.5 525.0 0.001978336280396468 0.02024800333128567
65 RADIAL 1041 760 988.7356110654284 520.5 380.0 0.006368648735195395 0.0004222791005184022
73 RADIAL 1067 697 805.8634646542031 533.5 348.5 0.0015358148137657817 -0.005007882944095038
76 RADIAL 1023 760 675.4493080033604 511.5 380.0 0.0016229687902216403 -0.000863464988285763
67 RADIAL 1022 760 1058.9009979275302 511.0 380.0 -0.007472315977265946 -0.0013468284527158203
26 RADIAL 1027 760 1035.9758736656868 513.5 380.0 -0.015687826761562263 -0.001567234892705129
1 RADIAL 1059 695 783.6222802486329 529.5 347.5 -0.03723994380609801 -0.012261749743407449
217 RADIAL 975 563 979.556667298828 487.5 281.5 -0.030432920700026598 -0.004831317392242055
181 RADIAL 1010 760 1048.4211968737047 505.0 380.0 0.03537069715638928 0.002141556812584214
88 RADIAL 1024 760 680.7119990328162 512.0 380.0 -0.0006185407319778853 -0.001497911020239939
199 RADIAL 612 454 644.4364467933337 306.0 227.0 -0.025657375666333644 -0.0004138992149483157
198 RADIAL 613 454 641.9082783131198 306.5 227.0 -0.016820659490561177 -0.0028300785376836456
