# Image list with two lines of data per image:
#   IMAGE_ID, QW, QX, QY, QZ, TX, TY, TZ, CAMERA_ID, NAME
#   POINTS2D[] as (X, Y, POINT3D_ID)
# Number of images: 236, mean observations per image: 19.110
2 0.9999921389448175 -0.0007323511888615232 -0.0037055638891447095 -0.0012036562705893276 0.006097112356006009 -0.0018758839629625414 1.1038484613077876e-05 2 image_000002.jpg
 568.270 186.131 0 605.756 186.347 1 640.914 189.370 2 645.824 189.351 3 599.634 189.791 4 654.974 192.445 5 654.974 192.445 6 666.124 192.823 7 760.895 341.273 8 964.531 353.732 9 942.043 389.578 10 936.008 394.619 11 659.690 192.339 12 659.690 192.339 13 671.286 192.478 14 776.132 193.963 15 720.135 271.020 16 754.557 341.097 17 805.414 344.566 18 754.287 358.626 19 724.616 360.624 20 970.935 376.157 22 869.789 166.721 23 927.151 335.287 24 839.903 363.024 25 596.442 333.802 26 601.988 392.942 27 840.257 174.889 28 810.438 380.453 29 787.896 376.725 30 787.896 376.725 31
9 0.9994505283454777 0.008144545147084167 0.029644541074325483 -0.012389854699359328 -0.11408500960141998 -0.05032983223683007 -0.3647822548864115 9 image_000009.jpg
 511.418 148.186 0 551.498 146.795 1 590.287 148.347 2 545.696 150.416 4 725.993 308.673 8 610.566 150.764 12 610.566 150.764 13 495.792 337.113 51 554.621 89.548 69 872.531 139.478 71 603.377 147.935 75 655.582 146.838 76 717.727 144.996 78 548.967 150.460 79 634.709 312.034 82 584.599 314.851 84 578.228 320.769 86 711.073 321.443 87 541.198 332.875 92 988.915 286.868 102 499.164 146.033 117 562.662 146.526 118 609.098 147.739 119 586.223 148.131 120 582.196 148.571 121 538.181 153.792 122 607.186 225.988 123 662.391 227.978 124 792.289 294.079 125 499.964 301.339 126 781.158 315.707 127 887.046 336.829 128 700.529 64.181 129 960.070 107.033 130 746.747 147.578 131 505.374 148.487 132 668.732 155.665 133 956.076 302.428 134 632.736 314.777 135 931.942 361.665 136 901.708 74.834 137 956.155 87.611 138 544.919 104.797 139 635.124 149.851 140 920.258 309.685 141 758.111 138.858 142 731.530 139.841 143 714.871 140.669 144 725.024 140.333 145 758.573 329.862 146
13 0.9915947784905446 -0.054723928538097676 -0.1156816743875625 0.01904828672871354 0.22055365470719368 -0.0988436852635253 -0.3657783213992051 13 image_000013.jpg
 559.113 260.137 0 609.318 264.153 1 657.658 271.775 2 664.444 272.330 3 602.810 267.903 4 675.163 276.955 5 675.163 276.955 6 824.650 485.708 8 682.733 277.479 12 682.733 277.479 13 829.839 291.102 15 779.637 511.612 20 658.457 379.060 34 726.762 500.514 42 670.416 512.476 49 721.367 514.677 50 812.521 285.732 72 896.431 292.827 73 896.431 292.827 74 673.663 272.966 75 734.707 278.845 76 764.127 281.613 77 805.285 285.076 78 606.575 268.271 79 837.057 292.087 81 720.493 483.504 82 717.560 486.704 85 638.413 486.620 114 543.372 255.366 117 623.322 265.365 118 680.787 273.363 119 652.860 270.923 120 649.415 270.822 121 593.519 270.813 122 680.503 370.999 123 782.484 187.008 129 837.057 292.087 131 550.785 259.253 132 710.858 279.647 140 848.297 282.943 142 819.254 280.589 143 801.612 279.495 144 812.338 280.504 145 617.531 486.686 149 606.510 495.797 153 845.019 288.718 166 660.658 531.399 172 613.082 382.413 176 781.741 533.079 187 552.395 168.884 188 697.395 181.994 189 599.090 240.344 190 538.507 246.231 191 665.644 268.898 192 727.666 272.181 193 702.279 272.360 194 595.270 273.935 195 866.832 473.073 196 602.561 474.914 197 869.651 475.128 198 818.207 477.473 199 634.097 480.722 200 870.643 481.471 201 635.069 483.907 202 605.719 485.212 203 851.080 487.170 204 684.142 489.611 205 684.142 489.611 206 788.068 489.684 207 635.774 490.658 208 807.865 491.408 209 807.865 491.408 210 740.880 493.595 211 751.235 494.398 212 756.415 494.585 213 756.415 494.585 214 614.405 495.329 215 705.993 497.275 217 799.136 498.621 218 703.647 499.596 219 730.692 502.929 220 807.475 505.173 221 842.309 507.953 222 797.212 509.119 223 667.657 515.425 225 606.578 515.951 226 724.132 523.378 228 841.407 526.430 230 547.618 548.452 232 652.401 553.893 234 658.572 563.106 235 848.280 574.720 238 616.457 257.685 242 535.115 266.061 243 686.906 270.926 244 680.787 273.363 245 703.357 275.505 246 541.670 458.534 247 869.520 467.663 248 724.770 471.256 249 748.856 475.006 250 897.063 477.984 251 716.886 479.508 252 665.122 485.083 253 613.945 487.663 254 666.100 488.295 255 791.168 490.017 256 800.252 491.021 257 705.858 493.992 258 705.858 493.992 259 886.562 512.492 261 547.727 552.300 264 655.622 560.191 267 621.979 576.197 268 548.740 255.249 269 537.652 258.521 270 567.410 260.611 271 596.875 267.321 272 628.393 272.921 273 734.707 278.845 274 722.878 281.935 275 788.349 283.823 276 812.521 285.732 277 838.079 288.137 278 838.079 288.137 279 799.665 288.726 280 904.104 293.341 281 904.104 293.341 282 922.885 294.955 283 565.266 363.594 286 869.491 461.791 287 731.538 463.555 288 745.330 478.568 289 740.684 482.613 291 745.860 482.900 292 867.295 484.733 294 867.295 484.733 295 958.993 491.887 296 707.422 501.857 297 792.322 504.947 298 714.055 524.813 299 551.704 188.779 300 601.361 262.893 301 707.123 270.155 302 719.928 271.307 303 697.734 278.584 304 779.380 495.320 306 645.305 576.296 311 788.485 278.242 312 880.500 285.889 313 759.862 477.289 319 647.848 484.280 320 560.952 191.975 323 708.675 544.974 325 805.528 264.271 326
16 0.9972428048637005 0.0011758275242365285 -0.07402555544560373 0.005061995228762716 0.13685961993460702 0.009878476526012356 0.0833137479520988 16 image_000016.jpg
 560.909 229.737 0 596.402 408.481 26 611.910 234.446 32 885.096 415.350 35 577.270 438.714 44 543.293 438.502 45 646.490 443.845 48 545.424 442.279 51 546.982 476.611 62 593.146 478.024 63 589.672 479.293 64 602.611 235.054 79 634.536 426.672 86 595.926 438.715 92 596.667 475.259 100 593.939 453.739 109 618.244 423.351 111 618.244 423.351 112 625.949 423.117 113 625.949 423.117 114 553.639 229.391 132 608.323 423.108 149 581.327 430.245 152 598.886 431.351 153 547.638 449.683 155 549.656 489.223 159 547.971 438.480 168 598.618 422.865 203 634.326 420.211 320 578.330 420.921 343 575.695 422.385 344 575.846 430.147 346 541.191 442.271 351 566.308 442.974 352 605.766 443.127 353 547.269 466.110 357 559.498 336.242 364 573.068 428.958 367 545.064 430.688 368 547.971 438.480 369 591.631 418.617 380 639.563 410.972 382 588.765 411.481 383 576.478 433.666 384
146 0.9958988840452995 -0.04240338939134856 -0.07978782895805744 -0.004611894942330021 0.14926643140538653 -0.06966214429083323 -0.2682010776944457 146 image_000146.jpg
 559.355 284.030 0 604.091 284.927 1 647.175 289.038 2 653.253 289.161 3 669.705 292.687 12 669.705 292.687 13 760.791 495.268 20 602.235 464.684 26 611.671 288.165 32 611.671 288.165 33 650.280 383.967 34 683.494 477.586 40 584.269 496.731 44 548.373 497.130 45 651.720 500.445 47 656.466 500.474 48 662.495 500.397 49 550.539 500.921 51 605.479 520.424 56 653.034 530.334 59 722.596 536.910 61 717.737 556.828 67 717.737 556.828 68 606.453 221.696 69 641.174 235.120 70 661.237 289.104 75 601.775 288.919 79 706.714 473.367 82 703.677 475.822 85 785.332 484.298 87 603.724 496.005 92 710.241 495.870 93 595.743 496.372 94 605.627 534.741 100 811.717 495.031 106 811.717 495.031 107 601.561 511.961 109 864.437 288.850 110 625.625 479.771 111 633.962 479.038 113 633.962 479.038 114 616.643 285.249 118 669.293 375.616 123 810.494 296.552 131 703.677 475.822 135 694.957 293.045 140 615.654 479.825 149 584.532 486.477 150 584.532 486.477 151 587.480 488.008 152 606.242 488.223 153 556.584 550.901 159 818.512 293.137 166 553.289 497.217 168 703.935 548.289 174 610.634 389.185 176 779.159 471.097 177 616.079 475.976 178 801.660 485.691 180 590.158 550.245 186 540.751 272.731 191 841.013 457.206 196 601.948 470.679 197 631.168 476.628 202 692.576 487.477 219 659.804 503.076 225 653.505 544.350 235 709.341 462.596 249 656.243 476.864 253 657.481 479.464 255 694.444 482.549 259 556.005 539.669 264 843.165 447.067 287 841.955 468.088 294 695.249 489.832 297 772.134 488.711 298 595.955 284.117 301 642.442 476.130 320 765.078 423.384 331 599.414 292.049 339 584.025 477.974 343 581.311 480.077 344 581.728 487.860 346 760.018 487.541 348 847.735 492.516 350 546.135 501.256 351 572.225 501.527 352 613.540 500.592 353 757.997 499.526 354 815.121 499.353 355 665.077 502.728 356 700.583 540.110 359 754.080 473.751 365 779.761 476.130 366 578.903 486.863 367 549.503 488.748 368 553.289 497.217 369 664.928 496.100 370 650.395 544.285 375 650.395 544.285 376 766.248 301.848 378 598.073 475.338 380 647.290 466.018 382 594.701 467.500 383 582.691 491.803 384 799.753 494.990 385 748.727 489.830 388 656.335 481.628 389 663.027 251.737 398 612.375 285.145 400 586.819 472.872 411 586.819 472.872 412 811.975 486.256 422 553.978 503.957 424 769.380 201.863 472 601.268 466.899 479 612.791 470.166 481 578.579 483.538 486 757.098 486.377 488 555.818 501.494 489 657.437 505.306 494 551.757 553.351 506 793.530 467.538 513 745.352 500.551 519 609.520 541.583 524 709.864 384.030 531 708.783 469.605 533 708.783 469.605 534 753.675 505.541 557 668.386 260.922 559 808.142 463.155 561 660.714 258.905 565 832.828 400.999 589 641.760 292.344 594 652.514 292.828 595 691.926 385.555 597 609.442 475.819 599 618.236 225.746 604 641.277 467.107 608 584.304 482.972 609 750.701 475.949 611 770.779 369.092 627 800.296 466.738 631 753.225 499.476 647 678.239 289.533 658 675.604 384.041 667 763.893 487.591 709 689.636 377.204 711 793.499 462.550 715 855.681 464.485 716 688.178 384.224 721 791.000 464.682 746 663.583 385.702 748 656.749 470.236 749 714.156 471.068 750 694.136 477.640 751 575.531 480.216 752 752.048 487.838 753 640.118 493.705 754 732.264 532.039 755 565.755 536.372 756 589.700 474.068 757 572.603 474.619 758 572.603 474.619 759 579.782 303.791 760
27 0.9976249956616863 0.0592630959756114 0.03508623978349537 -0.0011034970088352732 -0.02920430069586245 -0.017450364793991625 -0.03307441198669303 27 image_000027.jpg
 605.070 147.820 0 638.398 147.755 1 741.851 302.702 20 926.243 279.773 24 631.924 331.513 27 624.348 330.943 63 843.212 150.331 74 745.948 150.053 77 656.539 292.951 86 940.014 305.151 91 704.179 302.572 93 652.426 299.511 104 931.873 304.361 105 781.721 302.876 106 781.721 302.876 107 625.084 312.956 109 855.963 329.632 116 787.245 146.130 143 781.342 146.412 145 611.765 153.517 147 697.288 305.624 171 811.759 153.169 175 695.001 303.695 181 958.170 305.673 184 650.766 152.418 273 856.033 146.194 314 868.155 146.198 315 884.469 145.814 316 884.469 145.814 317 874.451 152.982 393 657.373 225.533 394 888.602 303.802 395 655.662 293.461 396
157 0.9958058674872219 0.004531433001333446 -0.09106948770511193 0.007515690300357692 0.25671542768828237 0.017914117401874628 0.08074624841746773 157 image_000157.jpg
 672.799 265.995 0 717.202 267.651 1 759.678 272.708 2 765.425 272.885 3 782.359 277.168 12 782.359 277.168 13 895.302 481.277 19 862.242 483.321 20 691.776 479.867 44 657.624 479.985 45 660.015 483.490 51 955.499 496.087 53 721.586 202.458 69 755.622 217.058 70 774.206 273.289 75 726.036 274.814 80 887.092 472.949 87 704.072 480.264 94 778.760 362.105 123 723.124 464.132 149 695.291 471.196 152 662.374 490.994 155 930.705 280.429 166 903.447 468.428 167 662.965 479.930 168 938.814 284.317 175 720.093 373.600 176 702.180 471.096 179 943.630 447.332 196 888.486 464.748 209 800.509 274.416 246 956.715 476.430 260 958.527 482.634 261 959.296 494.180 263 946.437 436.513 287 951.448 475.380 308 829.407 360.115 340 692.339 461.558 343 960.293 477.965 349 659.706 471.705 368 662.965 479.930 369 877.688 288.003 378 761.764 467.730 389 780.421 456.337 511 791.358 456.774 512 696.808 475.060 514 818.137 370.486 531 743.666 368.171 548 786.201 236.830 552 964.116 476.146 617 886.523 451.770 630 903.391 456.134 631 938.814 284.317 653 849.138 378.110 712 869.908 403.871 713 784.510 451.899 723 877.848 464.373 730 894.860 476.706 735 977.502 461.674 741 894.051 453.211 746 855.015 476.057 753 771.350 365.313 763 704.098 443.828 764
36 0.9995902872634023 -0.003497316858415206 -0.02643632017388118 -0.010399794264356246 0.015986288792541346 -0.05125157545051495 -0.3162453323115354 36 image_000036.jpg
 522.393 228.379 0 559.094 228.116 1 896.404 430.031 11 614.207 233.142 12 614.207 233.142 13 639.114 403.171 50 556.144 231.129 79 595.029 423.193 99 665.629 239.023 133 916.911 374.343 134 898.267 426.728 136 864.098 171.723 137 635.497 442.519 174 507.168 228.516 270 645.603 308.385 531 582.696 308.838 548 608.767 195.791 549 608.767 195.791 550 615.658 200.271 551 615.658 200.271 552 609.039 211.509 553 502.624 217.252 554 563.146 222.675 555 658.979 239.132 556 678.341 407.227 557 577.256 174.160 558 612.877 207.098 559 606.379 313.375 560
164 0.9988541842453057 0.015417012636810893 0.044206501442660674 -0.00992078930022051 -0.13094013200986765 0.01089125867066556 -0.06099678656140755 164 image_000164.jpg
 530.422 252.299 0 567.253 251.297 1 602.849 253.923 2 607.883 253.849 3 561.262 255.029 4 685.798 425.649 20 557.253 400.292 26 812.177 401.034 35 512.575 425.850 45 599.031 429.187 48 559.482 445.156 57 570.237 197.875 69 662.828 253.082 76 719.583 252.276 78 745.764 255.133 81 589.738 414.039 86 710.253 416.371 87 898.454 425.608 88 817.681 426.199 89 849.431 426.237 90 642.166 425.893 93 595.215 456.371 101 730.778 425.675 107 554.227 438.175 109 617.328 326.392 123 726.408 248.114 145 753.130 251.810 166 594.329 464.505 235 800.062 462.202 237 707.646 248.325 312 823.965 245.767 315 843.603 244.964 316 733.857 428.855 355 705.781 409.561 366 589.389 460.008 523 615.276 227.189 565 908.159 428.765 649 588.041 458.364 770
44 0.9998751086482939 -0.002529689212137441 -0.013887906810299016 -0.007105495331339397 -0.029452674568600686 -0.05561202777064186 -0.36892695689117433 44 image_000044.jpg
 508.547 129.875 0 545.707 129.680 1 581.377 132.396 2 595.106 135.040 5 595.106 135.040 6 910.165 291.919 9 600.325 134.944 12 600.325 134.944 13 668.579 301.814 20 890.308 301.942 21 917.268 314.248 22 872.395 273.108 24 785.571 302.725 25 756.161 320.858 29 580.645 210.604 34 493.848 305.483 51 549.194 77.224 69 640.061 132.553 76 696.810 132.766 78 543.316 132.790 79 623.567 283.615 82 577.026 285.253 84 621.441 285.866 85 570.951 290.875 86 691.753 292.885 87 536.542 301.949 92 531.024 302.107 94 926.286 310.139 108 555.703 129.733 118 598.707 132.096 119 722.347 135.868 131 885.833 331.098 136 854.162 75.276 137 875.349 284.442 141 705.449 288.877 167 530.417 293.841 179 909.403 302.551 184 525.717 345.991 186 721.295 345.047 238 796.212 128.220 315 910.424 228.390 379 670.366 292.736 392 593.915 107.005 565 898.438 136.041 603 558.240 80.035 604 833.400 283.957 605 574.078 288.631 606 837.413 279.509 607
201 0.9450063224741161 -0.07861745630218377 -0.31430256520202454 0.04467941685177956 0.4060649773962345 -0.09438090292490595 -0.2411434262986039 201 image_000201.jpg
 63.600 262.730 0 139.881 277.329 1 210.036 295.885 2 219.802 297.445 3 129.575 281.544 4 234.744 305.649 5 234.744 305.649 6 258.171 310.595 7 423.497 614.977 8 710.725 652.456 9 688.400 713.152 10 682.224 723.531 11 245.441 307.721 12 245.441 307.721 13 266.520 311.574 14 440.547 345.615 15 351.545 473.163 16 409.914 615.323 17 494.804 625.750 18 411.068 649.449 19 364.733 650.758 20 689.569 667.818 21 720.793 690.809 22 571.194 323.996 23 665.244 617.333 24 544.790 661.739 25 114.450 582.613 26 123.190 714.468 27 530.415 329.408 28 502.730 695.235 29 468.542 685.594 30 468.542 685.594 31 151.398 284.746 32 151.398 284.746 33 203.689 452.445 34 69.274 597.135 36 79.483 598.083 37 429.320 622.386 38 237.097 614.166 39 246.299 615.022 40 624.806 651.741 41 294.081 633.690 42 126.196 638.650 43 14.045 634.705 45 193.937 650.060 47 202.122 650.202 48 211.899 650.496 49 283.832 654.393 50 16.857 642.260 51 686.596 679.470 52 496.613 675.154 53 303.563 666.221 54 195.661 663.783 55 112.861 682.111 56 118.196 682.840 57 111.620 694.651 58 192.696 702.288 59 534.843 724.795 60 104.434 712.990 63 267.549 731.318 65 148.624 738.898 66 294.304 750.362 67 294.304 750.362 68 153.210 174.235 69 207.567 207.075 70 605.933 370.888 71 418.511 336.156 72 520.971 355.527 73 520.971 355.527 74 232.264 299.494 75 316.497 316.630 76 355.197 324.167 77 408.583 334.342 78 135.349 282.673 79 155.695 290.919 80 448.868 347.685 81 286.978 609.345 82 195.897 606.501 84 280.903 613.088 85 180.369 618.062 86 399.361 635.602 87 669.694 666.002 88 565.446 661.583 89 604.347 664.001 90 689.569 667.818 91 113.826 638.333 92 288.500 647.052 93 99.625 637.806 94 295.548 655.047 95 282.787 671.751 96 283.026 685.891 97 187.658 684.439 98 194.219 694.457 99 729.523 609.444 102 665.244 617.333 103 171.010 635.752 104 678.391 666.553 105 437.946 654.211 106 437.946 654.211 107 729.671 684.443 108 518.428 347.174 110 151.218 611.948 112 166.629 610.869 113 166.629 610.869 114 437.237 671.436 115 566.054 716.167 116 38.904 253.113 117 160.886 281.244 118 242.947 301.257 119 203.667 294.066 120 198.410 292.987 121 116.070 284.556 122 235.308 442.210 123 324.331 461.075 124 514.679 597.536 125 29.724 566.224 126 503.087 633.557 127 632.461 676.521 128 384.888 196.539 129 698.262 347.362 130 448.868 347.685 131 51.137 260.157 132 335.592 336.378 133 701.831 629.431 134 280.903 613.088 135 685.040 717.584 136 616.643 282.430 137 692.035 319.246 138 130.690 196.957 139 284.376 314.796 140 669.192 636.619 141 464.059 336.765 142 427.157 329.880 143 403.615 326.025 144 418.090 328.816 145 469.200 655.674 146 79.811 277.943 147 79.811 277.943 148 135.857 610.839 149 78.503 619.935 150 78.503 619.935 151 83.592 622.445 152 120.385 624.438 153 96.713 646.076 154 19.826 656.858 155 559.179 708.853 157 574.419 723.474 158 19.450 734.736 159 438.293 737.432 160 102.821 744.090 161 538.864 742.057 162 294.040 742.926 163 298.548 746.879 164 380.057 751.451 165 458.829 344.044 166 423.481 628.582 167 22.931 635.301 168 709.003 660.322 169 325.288 650.182 170 195.401 678.609 172 527.518 728.185 173 273.934 735.731 174 469.895 351.389 175 136.180 453.298 176 391.164 613.276 177 136.447 604.569 178 97.568 620.719 179 423.716 638.625 180 265.657 650.177 181 346.967 652.794 182 660.245 667.334 183 710.537 670.307 184 365.666 682.415 187 270.851 173.788 189 125.656 240.093 190 33.110 239.052 191 220.719 292.420 192 307.080 306.264 193 272.651 302.889 194 118.950 289.528 195 476.585 598.145 196 115.041 592.803 197 480.261 601.431 198 414.932 603.250 199 159.632 602.180 200 481.555 609.757 201 161.497 607.034 202 119.693 608.052 203 457.273 617.278 204 232.719 616.925 205 232.719 616.925 206 376.389 620.073 207 161.808 617.198 208 401.182 622.367 209 401.182 622.367 210 311.928 624.245 211 325.824 625.063 212 332.773 625.517 213 332.773 625.517 214 130.476 624.543 215 506.008 630.053 216 262.851 628.848 217 389.090 632.267 218 259.810 631.784 219 298.973 637.905 220 400.269 641.988 221 446.012 646.346 222 387.291 647.810 223 443.584 649.350 224 207.634 654.866 225 117.050 655.382 226 507.733 664.963 227 287.787 667.231 228 505.799 668.510 229 444.506 672.071 230 508.292 672.387 231 21.622 706.025 232 449.469 707.502 233 181.775 713.183 234 191.798 727.052 235 466.753 725.620 236 538.320 727.318 237 449.846 740.119 238 441.856 740.563 239 441.856 740.563 240 431.766 753.428 241 151.321 269.246 242 26.872 268.085 243 252.064 298.882 244 242.947 301.257 245 274.163 307.336 246 20.325 564.763 247 480.467 591.133 248 292.039 591.538 249 323.198 598.096 250 514.962 605.886 251 280.796 602.796 252 206.724 609.655 253 131.361 612.161 254 208.014 614.622 255 380.076 620.336 256 391.485 621.637 257 263.244 623.489 258 263.244 623.489 259 498.713 643.510 260 500.622 652.900 261 475.595 664.513 262 501.135 672.083 263 20.635 713.199 264 449.702 714.022 265 453.321 717.773 266 186.824 721.870 267 135.337 748.285 268 48.971 254.012 269 30.729 256.843 270 77.095 265.204 271 122.786 280.263 272 167.538 293.233 273 316.497 316.630 274 300.384 319.543 275 386.602 330.365 276 418.511 336.156 277 450.196 342.481 278 450.196 342.481 279 401.893 338.772 280 530.699 357.172 281 530.699 357.172 282 552.902 361.423 283 563.721 363.504 284 583.922 366.970 285 64.823 419.881 286 480.554 581.871 287 301.380 581.184 288 317.956 602.086 289 499.185 609.829 290 312.727 607.651 291 319.310 607.915 292 286.978 609.345 293 476.788 614.462 294 476.788 614.462 295 587.720 625.821 296 265.329 636.150 297 381.374 641.763 298 272.698 669.551 299 125.445 273.685 301 279.011 300.479 302 296.660 303.988 303 266.520 311.574 304 651.551 373.360 305 365.244 626.798 306 407.472 635.362 307 490.391 641.389 308 449.632 655.266 309 171.099 748.190 311 387.671 322.897 312 502.019 344.247 313 538.203 351.156 314 554.153 354.396 315 581.118 358.919 316 581.118 358.919 317 591.269 361.027 318 337.925 601.368 319 180.174 608.042 320 447.538 725.420 321 456.405 743.537 322 72.020 162.182 323 488.452 612.298 324 264.554 700.170 325 410.117 306.662 326 532.907 688.132 327 952.374 431.398 328 933.593 432.593 329 933.593 432.593 330 373.642 534.456 331 544.790 661.739 332 491.629 664.219 333 597.475 634.128 334 407.472 635.362 335 963.376 423.416 336 366.733 536.076 337 506.671 598.237 338 131.597 287.380 339 314.421 447.943 340 613.211 619.626 341 172.824 607.448 342 78.797 605.101 343 73.769 607.789 344 413.550 622.394 345 73.582 622.064 346 416.946 636.210 347 365.737 637.785 348 503.704 646.063 349 486.097 653.782 350 8.499 642.347 351 54.443 644.980 352 129.362 646.889 353 359.889 657.329 354 443.029 661.060 355 216.156 654.993 356 17.666 689.598 357 103.691 721.522 358 268.491 722.176 359 620.652 748.023 360 288.642 750.956 361 160.886 281.244 362 258.171 310.595 363 50.436 448.939 364 357.312 615.236 365 391.485 621.637 366 68.257 619.509 367 18.503 619.568 368 22.931 635.301 369 217.462 643.416 370 563.651 711.453 371 572.489 712.674 372 677.412 724.019 373 274.200 723.629 374 186.741 726.785 375 186.741 726.785 376 650.430 728.506 377 386.244 345.451 378 707.294 545.528 379 106.548 600.984 380 482.790 340.806 381 190.725 589.751 382 100.380 586.654 383 74.680 628.200 384 420.521 652.937 385 970.585 419.009 386 982.776 443.057 387 347.100 640.311 388 203.159 618.516 389 463.064 547.576 391 370.555 632.500 392 567.228 368.939 393 180.460 458.475 394 613.947 662.390 395 150.723 176.050 397 239.515 240.410 398 44.307 248.423 399 152.556 279.683 400 209.910 305.679 401 15.820 456.811 402 20.607 456.372 403 30.427 457.243 404 101.355 472.867 405 199.278 477.293 406 827.305 469.698 407 341.665 585.822 408 27.094 595.227 409 54.063 594.277 410 84.666 595.796 411 84.666 595.796 412 115.010 601.034 413 358.184 610.720 414 429.741 616.401 415 24.284 616.001 416 99.645 627.853 417 12.237 627.423 418 113.012 628.271 419 119.144 628.834 420 281.894 631.452 421 438.708 639.846 422 348.490 644.666 423 22.586 647.755 424 98.205 650.395 425 103.477 650.594 426 91.778 651.784 427 198.423 654.687 428 94.735 655.190 429 123.696 655.488 430 280.370 658.913 431 210.972 659.559 432 277.469 662.257 433 206.485 662.956 434 560.078 666.311 435 617.047 668.523 436 19.498 667.377 437 626.149 669.270 438 206.403 669.800 439 94.371 671.750 440 430.498 675.678 441 105.479 677.061 442 206.355 688.421 443 104.909 688.669 444 22.181 699.611 445 76.980 704.704 446 89.176 706.314 447 174.762 706.734 448 443.584 707.898 449 133.165 709.885 450 51.857 713.877 451 343.363 713.315 452 13.401 716.375 453 70.161 716.975 454 289.465 718.067 455 16.755 720.798 456 20.207 722.400 457 18.203 726.158 458 289.426 725.934 459 32.275 729.544 460 103.602 731.509 461 289.059 734.857 462 209.151 735.483 463 573.452 736.635 464 23.972 738.914 465 304.600 738.221 466 285.613 741.405 467 445.666 741.518 468 273.777 744.095 469 304.643 744.231 470 39.159 747.555 471 400.588 195.164 472 274.163 307.336 473 526.624 361.681 474 526.624 361.681 475 590.351 373.119 476 220.088 453.761 477 373.789 566.407 478 113.564 586.331 479 273.165 589.746 480 132.065 593.116 481 184.465 595.962 482 53.310 607.133 483 333.284 609.430 484 63.394 607.754 485 68.230 613.053 486 26.258 620.282 487 360.353 635.647 488 25.942 643.738 489 335.619 650.463 490 260.041 654.903 491 367.564 657.382 492 329.418 657.662 493 203.346 658.956 494 429.702 660.430 495 219.329 660.622 496 284.854 662.949 497 666.589 671.073 498 654.158 671.397 499 18.637 679.121 500 289.636 683.866 501 186.663 703.847 502 169.913 706.584 503 88.942 721.818 504 102.410 737.182 505 9.921 738.884 506 14.871 743.749 507 186.286 747.306 508 98.030 749.672 509 191.821 748.701 510 233.283 601.657 511 251.351 603.232 512 410.340 609.088 513 87.546 628.319 514 160.092 636.725 515 189.915 642.063 516 256.461 646.043 517 249.364 653.888 518 339.107 656.870 519 15.528 709.801 521 122.868 713.935 522 181.544 718.448 523 117.663 720.214 524 474.290 720.214 525 667.484 730.281 526 492.628 747.403 529 128.619 461.385 530 296.474 464.607 531 362.547 577.947 532 290.450 603.440 533 290.450 603.440 534 379.350 651.407 535 424.211 653.847 536 397.119 717.234 537 441.551 633.016 539 187.078 664.312 540 447.789 715.301 541 253.822 745.464 543 137.461 696.410 544 433.793 687.066 546 176.872 448.276 548 240.503 232.771 549 240.503 232.771 550 253.763 245.081 551 253.763 245.081 552 237.606 263.866 553 22.770 230.715 554 145.628 267.115 555 325.929 334.430 556 353.456 666.919 557 186.259 178.013 558 245.392 256.922 559 222.656 464.048 560 435.137 603.755 561 237.097 614.166 562 536.227 659.799 563 110.247 646.041 564 233.820 251.276 565 109.927 739.288 566 157.259 169.329 567 157.259 169.329 568 354.735 243.283 569 276.230 255.887 570 276.494 259.990 571 133.104 248.469 572 319.024 325.553 573 377.814 341.413 574 237.064 448.406 575 201.792 449.075 576 181.770 449.505 577 181.770 449.505 578 135.568 448.115 579 97.941 447.722 580 181.249 453.360 581 184.606 495.273 582 397.034 231.247 583 239.852 235.658 584 251.795 246.731 585 28.777 229.289 586 45.685 236.443 587 132.244 292.176 588 468.956 510.569 589 176.284 614.731 590 176.284 614.731 591 33.816 628.457 592 118.349 257.311 593 200.584 300.292 594 218.934 303.896 595 32.631 604.854 596 269.863 463.152 597 86.734 453.169 598 126.701 603.430 599 47.695 618.730 600 386.369 241.375 601 276.844 251.116 602 688.677 393.590 603 171.453 184.602 604 614.303 632.471 605 188.485 613.892 606 618.426 624.176 607 177.827 592.029 608 78.591 613.631 609 717.748 559.379 610 351.475 617.951 611 490.118 595.702 613 97.592 609.485 614 645.380 590.672 615 386.044 602.353 616 507.593 643.654 617 1001.160 449.594 618 933.076 493.653 619 372.935 482.916 620 473.147 576.393 621 435.989 607.305 623 356.258 262.271 624 385.846 263.540 625 495.256 324.711 626 386.842 450.944 627 178.508 582.867 628 173.093 587.064 629 395.469 602.000 630 423.199 608.132 631 955.891 385.262 632 930.965 438.607 633 1007.833 541.543 634 243.346 646.233 635 951.411 645.588 637 963.764 366.827 638 675.531 319.626 639 773.232 597.252 640 787.961 630.505 641 724.695 612.096 643 828.142 456.737 644 720.811 580.642 645 145.089 288.749 646 353.591 656.724 647 367.564 657.382 648 682.753 672.177 649 517.349 726.340 650 639.937 382.426 651 573.101 660.860 652 469.895 351.389 653 198.410 292.987 655 114.972 472.626 656 279.155 491.350 657 260.162 304.959 658 515.209 605.895 659 319.533 309.534 660 463.320 353.139 661 143.510 283.874 662 317.581 460.243 663 511.233 607.119 664 547.873 718.158 665 99.610 371.061 666 244.853 456.923 667 93.998 548.853 668 684.639 689.285 669 111.325 467.392 670 203.592 594.755 671 290.973 637.854 672 211.377 630.080 673 209.869 633.848 674 287.787 667.231 675 250.650 443.863 676 289.299 737.058 677 294.366 677.297 678 114.846 271.561 679 131.160 188.015 680 374.261 612.327 681 609.284 342.479 682 383.082 472.335 683 26.353 455.572 684 387.407 510.224 685 10.711 569.535 686 125.543 577.601 687 8.331 572.576 688 193.905 584.378 689 283.246 588.907 690 269.724 592.916 691 450.899 616.675 692 73.803 600.591 693 112.241 607.079 694 339.597 626.134 695 105.068 627.753 696 424.653 641.885 697 337.681 299.348 698 167.055 283.433 699 176.872 448.276 700 101.646 450.923 701 347.196 485.682 702 271.039 571.113 703 265.909 591.015 704 573.519 609.511 705 547.055 610.034 706 438.946 617.006 707 446.147 623.651 708 371.127 638.354 709 433.416 648.674 710 266.860 448.568 711 343.056 479.333 712 372.667 523.552 713 286.007 592.397 714 411.385 600.545 715 499.185 609.829 716 519.214 629.290 717 454.282 608.538 718 273.013 619.859 719 321.176 492.984 720 264.335 459.442 721 173.762 494.201 722 238.835 596.069 723 99.048 594.251 724 307.013 648.132 725 963.764 366.827 726 51.803 249.954 727 269.106 577.039 728 570.405 613.171 729 385.554 620.205 730 147.389 609.912 731 130.743 618.032 732 424.499 635.897 733 201.015 628.906 734 410.151 642.262 735 356.002 660.639 736 33.348 648.410 737 456.764 720.634 738 262.851 628.848 739 194.876 303.492 740 523.696 621.907 741 529.954 660.119 742 291.612 253.659 743 367.390 568.842 744 457.468 723.632 745 407.565 604.299 746 480.710 704.319 747 224.834 458.113 748 207.040 598.407 749 297.142 606.227 750 263.293 615.452 751 63.394 607.754 752 352.808 637.874 753 174.808 637.971 754 318.141 709.593 755 36.774 707.995 756 89.855 597.060 757 58.884 596.454 758 58.884 596.454 759 95.868 302.511 760 37.649 607.397 761 273.294 596.163 762 223.164 448.520 763 102.983 572.348 764 128.696 453.830 765 442.287 591.388 766 771.030 560.080 767 762.026 565.027 768 294.348 628.979 769 338.064 260.420 771 987.255 509.559 772 732.247 678.275 773 755.382 579.064 774 787.344 603.609 775 281.429 88.198 776 217.450 462.993 777 245.205 461.082 778 93.028 559.809 779 201.804 581.970 780 290.010 615.777 781 290.010 615.777 782 41.139 713.474 783 325.824 625.063 784 417.008 628.105 785 444.669 736.408 786 48.777 593.332 787 53.310 607.133 788 177.827 592.029 789 457.286 704.088 790 237.258 608.722 791 220.983 628.153 792 180.974 570.506 793 66.124 491.064 794 410.184 660.794 795 180.687 490.055 796 594.151 663.375 797 653.228 636.899 798 76.694 507.801 799
77 0.9999751914923397 -0.00046653853672134257 -0.006878359509851234 -0.001448771823740454 -0.06591577489235421 -0.034394579659268204 -0.2530717227494895 77 image_000077.jpg
 504.350 222.049 0 537.268 222.113 1 568.990 224.856 2 573.660 224.829 3 531.196 225.006 4 592.600 227.766 7 859.115 371.400 9 585.727 227.379 12 585.727 227.379 13 690.876 228.823 15 669.792 376.222 19 643.029 377.802 20 864.832 391.508 22 527.583 353.581 26 587.582 363.827 40 486.671 376.176 45 569.542 379.966 49 562.850 386.275 55 526.591 398.956 58 561.686 401.682 59 540.338 175.008 69 579.405 224.789 75 534.950 225.194 79 544.196 227.176 80 556.687 366.922 86 826.872 379.592 88 784.786 379.793 90 526.590 376.305 92 604.849 377.582 93 609.216 380.717 95 602.640 388.483 96 602.639 393.763 97 561.807 398.702 99 526.662 403.773 100 561.230 404.821 101 832.170 379.597 105 682.652 378.190 106 682.652 378.190 107 872.120 387.966 108 524.878 387.547 109 544.649 364.927 111 682.887 385.801 115 757.673 405.792 116 827.799 364.838 141 683.323 222.382 143 510.915 227.548 147 510.915 227.548 148 762.111 409.459 158 607.305 418.973 163 676.126 366.872 167 676.259 370.926 180 549.529 227.047 273 778.229 222.682 317 1009.193 236.557 328 592.600 227.766 363 571.779 376.825 370 1020.244 227.140 386 529.234 408.785 524 687.515 368.570 539 582.683 207.637 553 554.524 173.728 558 580.760 201.956 565 1036.262 245.281 618 996.691 275.522 619 998.022 241.442 633 1034.613 302.457 634 585.179 377.742 635 1003.730 364.909 637 1018.536 195.080 638
85 0.9911697089897841 -0.01798430216016332 0.12639673956227923 -0.03581932564418728 -0.3762346712500127 -0.043587316095057095 -0.25274951515625627 85 image_000085.jpg
 459.833 223.889 0 494.544 219.840 1 528.397 218.569 2 533.346 218.077 3 890.232 363.939 9 547.146 219.402 12 547.146 219.402 13 609.929 293.668 16 646.422 384.715 19 613.360 388.389 20 771.277 165.515 23 441.053 397.566 45 521.429 396.795 46 525.076 396.691 48 530.262 396.209 49 567.048 394.859 50 859.900 384.503 52 732.728 421.112 60 444.520 429.646 62 573.094 442.322 67 573.094 442.322 68 539.615 217.186 75 588.275 212.280 76 646.330 206.181 78 501.632 224.396 80 674.373 206.645 81 843.828 376.702 88 483.087 394.977 92 522.266 417.763 99 660.381 385.995 107 481.914 408.373 109 504.001 380.980 111 755.136 414.081 116 674.373 206.645 131 486.655 421.161 156 710.769 387.536 227 703.863 381.346 261 675.287 203.323 279 454.323 173.385 300 756.625 189.832 315 777.155 186.997 316 777.155 186.997 317 491.978 398.379 353 611.253 392.007 354 441.154 391.044 368 753.387 411.888 371 765.238 196.322 393 805.413 382.131 438 570.612 409.498 501 509.401 162.897 558 540.946 191.079 565 496.933 224.995 646 607.638 392.220 647
213 0.997497550227652 0.01832928130619904 -0.06801912661767617 -0.006006254130324481 0.10742402804347861 0.057338040782993295 0.41766115909568735 213 image_000213.jpg
 531.443 218.836 0 575.541 218.876 1 617.332 222.457 2 623.428 222.431 3 639.660 226.020 12 639.660 226.020 13 751.469 401.484 17 751.985 421.976 19 718.297 425.092 20 568.662 396.303 26 617.262 317.343 34 762.622 406.024 38 671.864 418.124 42 576.581 425.480 43 516.896 426.725 45 618.906 429.695 48 624.616 429.506 49 667.448 429.705 50 518.894 430.090 51 811.380 435.099 53 839.986 464.009 60 520.939 464.109 62 566.519 464.285 63 562.969 466.286 64 659.009 472.123 65 674.591 482.546 67 674.591 482.546 68 579.092 154.899 69 758.561 223.548 72 631.487 222.392 75 686.901 222.885 76 751.715 223.472 78 572.473 223.054 79 584.517 225.308 80 780.748 227.492 81 667.443 404.652 82 564.186 406.041 83 744.149 413.961 87 895.514 424.727 90 569.053 425.737 92 669.463 425.569 93 561.898 425.992 94 673.924 429.796 95 666.984 439.620 96 615.569 452.866 99 768.069 424.605 106 567.055 440.719 109 590.736 410.089 111 768.210 434.541 115 862.337 458.027 116 700.477 232.869 133 765.678 218.370 143 580.694 410.027 149 554.314 417.424 152 521.396 437.504 155 523.712 476.439 159 768.623 473.540 160 566.591 480.581 161 674.159 478.720 163 676.984 480.462 164 788.712 223.878 166 759.432 409.525 167 521.761 426.591 168 615.958 444.761 172 661.837 474.758 174 578.664 322.090 176 738.776 401.356 177 560.545 416.441 179 759.646 415.323 180 657.638 426.903 181 568.074 401.830 197 745.500 406.414 209 738.182 412.872 218 772.042 421.847 224 621.858 432.300 225 843.272 465.501 237 776.500 474.385 238 619.370 407.767 253 578.034 410.910 254 813.181 421.898 261 814.614 433.161 263 564.305 222.651 272 727.578 353.892 331 892.342 405.539 334 570.641 226.084 339 548.803 409.738 344 548.993 417.596 346 715.416 428.915 354 904.010 477.326 360 739.073 406.301 366 518.349 418.914 368 521.761 426.591 369 627.192 425.611 370 867.602 456.740 372 757.049 424.828 385 618.744 412.625 389 719.471 415.175 392 622.181 449.832 443 553.386 460.257 446 763.107 428.483 495 595.492 423.169 515 573.544 467.809 524 797.912 462.251 525 759.923 425.018 536 711.605 434.510 557 842.983 424.603 563 551.528 412.851 609 602.613 395.121 629 711.751 428.909 647 671.878 475.404 677 764.734 421.938 710 674.741 402.307 750 543.343 410.070 752 690.007 459.219 755 561.658 390.906 764 605.681 464.391 770 751.713 428.808 795 887.931 424.312 797
92 0.9996998105523613 -0.013643552970642391 -0.019702004930517106 -0.005097401601296889 -0.009505674505223013 -0.05819159792916633 -0.3441402838965853 92 image_000092.jpg
 515.938 245.916 0 552.432 245.933 1 587.985 248.747 2 592.979 248.783 3 601.474 251.545 5 601.474 251.545 6 613.375 251.949 7 606.955 251.568 12 606.955 251.568 13 721.020 253.059 15 675.410 417.129 20 891.927 417.937 21 812.227 226.438 23 784.444 233.839 28 587.261 326.344 34 499.299 417.566 45 588.114 420.719 48 501.055 420.539 51 890.040 425.094 52 502.393 449.861 62 539.100 452.274 64 834.051 250.547 71 707.465 250.096 72 599.881 248.666 75 646.700 249.475 76 668.990 249.800 77 550.277 249.201 79 560.498 251.201 80 727.066 253.332 81 630.316 399.171 82 628.181 401.364 85 878.226 417.438 88 630.290 429.571 96 585.235 440.750 99 584.944 448.802 101 932.797 381.542 102 883.103 417.377 105 718.820 417.394 106 718.820 417.394 107 562.510 246.064 118 605.247 248.605 119 584.566 248.437 120 581.854 248.427 121 685.804 177.783 129 905.222 225.732 130 727.066 253.332 131 509.666 245.778 132 855.463 194.362 137 901.977 208.862 138 628.064 251.562 140 736.815 245.809 142 714.066 245.717 143 699.065 246.101 144 707.808 246.126 145 546.291 410.689 153 503.013 417.506 168 585.536 433.565 172 605.247 248.605 245 622.078 248.963 246 692.995 401.883 257 758.825 415.186 261 507.841 243.093 269 646.700 249.475 274 637.747 252.300 275 707.465 250.096 277 727.939 250.363 278 727.939 250.363 279 797.272 250.657 283 804.202 250.676 284 618.234 251.481 304 868.722 247.030 305 575.489 465.777 311 689.416 245.957 312 786.777 246.239 314 799.279 246.356 315 817.151 246.166 316 817.151 246.166 317 704.284 234.612 326 753.656 421.115 333 613.375 251.949 363 503.013 417.506 369 911.220 345.912 379 540.567 400.128 380 587.653 405.841 389 676.774 408.287 392 807.311 253.323 393 559.147 246.029 400 567.639 415.258 515 617.055 464.484 543 556.568 240.579 555 840.365 395.863 607 717.721 393.450 623 670.103 215.933 624 984.571 371.092 640 859.623 253.648 651 581.854 248.427 655 543.422 341.131 656 627.708 341.316 657 613.918 248.949 658 769.502 389.239 659 646.298 245.577 660 735.642 254.866 661
93 0.9924591739926162 -0.11503927739966507 0.03778313028821433 -0.01905740998818519 -0.1619223211666617 -0.2287190001708685 -0.5605307297852535 93 image_000093.jpg
 482.447 177.205 0 528.996 174.337 1 591.646 176.709 5 591.646 176.709 6 598.329 176.191 12 598.329 176.191 13 702.627 386.103 20 456.105 397.263 51 589.719 173.427 75 651.318 170.585 76 562.286 374.991 86 596.419 172.832 119 569.263 174.677 120 565.471 174.980 121 761.324 168.015 131 475.741 177.552 132 459.069 453.703 159 548.574 365.945 200 645.701 380.438 220 736.890 378.051 221 518.089 401.509 226 596.419 172.832 245 457.288 351.563 247 651.318 170.585 274 709.190 162.664 312 590.296 145.074 565 579.861 177.814 595 531.530 177.216 662 658.763 261.240 663
231 0.9916790555816887 -0.025852537099469688 -0.12605047720428544 -0.003946604459694434 0.23787082992400194 -0.09135227080026409 -0.31587826112159856 231 image_000231.jpg
 546.227 181.741 0 609.318 468.258 27 646.874 295.820 34 678.068 400.187 39 536.510 420.904 45 542.353 465.862 62 597.811 420.091 92 589.801 419.957 94 541.873 377.687 126 537.290 181.066 132 611.567 401.980 149 579.103 411.043 152 588.099 425.599 154 542.164 433.934 155 542.279 420.860 168 602.699 300.623 176 626.093 395.815 200 626.867 398.835 202 675.141 402.460 206 601.181 430.601 226 656.729 398.781 253 639.651 398.281 320 591.937 396.857 380 655.781 404.576 389 632.213 301.130 394 530.806 309.336 403 645.288 312.364 406 628.391 417.548 515 542.353 465.862 521 823.823 443.445 547 629.056 294.968 548 678.068 400.187 562 670.367 291.018 575 521.712 163.056 586 590.871 194.662 588 571.435 303.559 598 589.798 314.782 656 575.202 249.882 666 653.670 389.107 671 578.683 182.391 679 613.192 185.473 699 629.056 294.968 700 702.707 403.384 719 688.323 297.028 721 618.439 400.941 731 655.698 391.600 749 568.294 204.821 760 587.825 378.849 764 598.131 301.694 765 636.734 388.539 789 568.842 338.665 799
109 0.9799739869157855 -0.026022727061126242 0.1934126194716439 -0.03956446671653183 -0.3946921290539539 -0.056499300250468926 -0.2510123304454187 109 image_000109.jpg
 589.187 209.381 0 683.587 198.736 2 690.361 197.522 3 709.041 198.735 12 709.041 198.735 13 807.384 427.292 20 643.673 204.682 32 643.673 204.682 33 682.752 439.280 48 689.507 438.898 49 741.138 436.431 50 987.144 472.821 60 757.507 478.277 61 655.862 498.133 66 750.788 501.567 67 750.788 501.567 68 699.712 196.043 75 766.810 186.904 76 850.358 174.595 78 633.129 207.023 79 647.040 207.734 80 743.040 431.136 93 749.535 435.785 95 741.547 448.400 96 741.558 458.040 97 875.944 423.398 107 652.834 418.267 111 678.513 199.021 120 575.360 400.123 126 626.977 150.608 139 860.146 167.372 145 992.896 486.598 162 750.690 497.110 163 811.185 450.159 187 576.880 124.109 188 686.078 442.091 225 883.687 436.878 230 953.559 431.267 231 944.728 431.817 263 766.810 186.904 274 892.094 168.504 278 892.094 168.504 279 580.948 142.997 300 831.161 171.695 312 768.677 284.475 340 804.509 432.529 354 746.581 502.361 361 567.006 432.566 368 575.860 204.394 399 570.715 335.410 403 689.215 444.672 432 736.921 442.161 433 687.040 451.979 439 746.894 479.875 455 743.795 495.923 467 571.462 432.496 487 810.618 432.015 492 783.066 434.943 493 742.359 442.192 497 746.734 456.519 501 667.789 308.182 548 775.942 197.570 556 987.978 418.279 563 724.021 154.041 570 631.054 213.774 588 828.725 125.253 625 810.618 432.015 648 674.401 199.700 655 623.790 330.150 670 680.155 402.767 671 743.369 424.487 672 686.351 425.351 673 685.127 428.049 674 745.084 444.927 675 717.562 293.501 676 747.009 492.902 677
118 0.9963209617261326 -0.007055616561908317 -0.08530590815723951 -0.004203466529475918 0.14242051843115772 0.050385470421970543 0.19957213109942717 118 image_000118.jpg
 528.179 358.817 0 807.790 512.438 10 672.087 478.581 17 710.150 481.111 18 650.624 494.118 20 796.861 471.838 24 734.970 493.872 25 552.971 475.468 26 674.652 362.376 72 645.738 362.127 77 554.786 361.599 79 562.724 363.257 80 615.906 482.223 85 577.907 486.497 86 553.726 494.588 92 619.413 494.491 93 621.857 497.061 95 554.182 518.387 100 583.625 518.396 101 574.447 492.239 104 802.270 492.729 105 683.244 493.654 107 833.574 498.712 108 551.914 504.472 109 567.372 484.229 111 572.241 484.157 113 572.241 484.157 114 683.413 500.122 115 615.906 482.223 135 786.079 314.162 137 679.054 359.257 143 677.197 483.617 167 522.085 495.482 168 559.141 426.652 176 677.376 487.844 180 793.952 493.264 183 544.418 528.100 186 566.707 363.297 273 659.840 362.351 276 688.955 493.927 309 641.328 475.207 319 691.656 527.434 322 934.823 381.472 328 928.784 381.400 330 655.864 447.651 331 734.970 493.872 332 522.085 495.482 369 550.070 481.794 380 580.773 475.870 382 540.257 491.312 384 940.506 369.747 390 652.242 487.556 392 768.475 492.812 395 760.104 365.536 476 744.402 522.679 527 744.402 522.679 528 801.862 505.860 545 682.407 506.800 546 682.407 506.800 547 633.991 368.345 556 953.157 390.899 618 926.752 410.888 619 938.954 356.701 636 940.622 349.726 638 699.623 365.132 653 655.999 442.954 713 608.222 423.338 721 573.785 440.088 722 601.029 475.490 723 547.330 480.007 724 627.409 494.666 725 940.622 349.726 726
124 0.9902807091976132 -0.08754582591285309 -0.10805952918712095 -0.0017274568512644346 0.18096769309434457 -0.1794656559087612 -0.5204532583532676 124 image_000124.jpg
 516.982 241.633 0 570.017 244.187 1 620.950 250.292 2 627.632 250.549 3 563.057 248.143 4 647.558 255.083 12 647.558 255.083 13 662.607 255.767 14 741.196 362.459 16 765.761 492.266 20 855.046 514.536 31 627.870 358.509 34 508.541 498.442 51 878.573 505.988 53 916.549 543.273 60 572.052 174.026 69 637.486 250.859 75 700.958 255.216 76 807.737 265.229 81 565.100 492.805 94 584.894 245.125 118 645.088 251.023 119 650.398 349.507 123 999.879 502.686 128 508.354 241.026 132 717.603 267.399 133 696.605 467.255 135 942.188 204.816 137 676.543 256.521 140 788.476 254.829 143 589.814 472.936 149 554.478 483.139 152 512.062 508.624 155 815.316 261.712 166 511.905 493.667 168 580.627 364.545 176 559.362 561.231 186 558.289 221.568 190 494.885 228.615 191 628.566 246.991 192 555.676 254.375 195 606.597 465.667 200 859.064 456.732 201 608.312 469.255 202 839.464 463.813 204 661.851 473.291 205 661.851 473.291 206 609.216 476.411 208 793.540 469.888 210 881.795 470.632 216 685.498 480.291 217 683.076 482.536 219 887.333 497.710 227 706.813 507.184 228 888.066 503.514 231 840.978 531.884 233 857.427 545.933 236 577.590 237.958 242 492.289 248.716 243 668.791 252.378 246 856.383 443.130 248 685.140 476.691 258 685.140 476.691 259 881.746 503.560 263 842.100 537.999 265 845.682 540.423 266 526.093 241.936 271 590.044 252.395 273 527.961 345.936 286 662.607 255.767 304 763.591 474.032 306 881.651 259.545 314 799.576 479.151 335 565.296 251.819 339 710.171 347.711 340 616.713 468.806 342 803.481 469.303 345 866.521 490.441 350 785.736 470.013 366 507.629 482.967 368 511.905 493.667 369 833.819 257.310 381 638.911 475.205 389 611.861 364.332 394 570.129 175.607 397 637.530 209.414 398 579.692 244.803 400 556.201 379.093 405 511.412 479.877 416 699.760 481.059 421 512.681 502.089 424 512.365 515.719 437 725.722 563.525 470 767.645 430.468 478 689.670 451.588 480 512.581 523.338 500 556.059 486.883 514 698.269 361.329 531 659.919 125.946 538 827.341 518.618 546 638.049 203.820 549 638.049 203.820 550 648.337 210.673 551 648.337 210.673 552 488.677 224.925 554 574.446 237.110 555 635.878 218.782 565 563.195 226.243 572 617.396 390.115 582 636.965 205.698 584 647.111 212.127 585 503.556 226.639 587 619.528 473.646 591 516.544 472.440 596 677.565 361.491 597 545.936 367.431 598 748.160 195.659 601 665.023 212.579 602 619.653 457.902 608 779.897 455.739 616 884.659 480.761 617 759.547 369.459 620 820.380 455.563 623 619.148 451.786 628 998.691 221.999 639 566.238 378.610 656 887.542 452.519 659 702.683 250.599 660 573.675 248.163 662 927.764 538.282 665 549.226 311.137 666 658.685 359.076 667 645.610 482.280 673 661.926 349.368 676 834.619 463.596 692 738.664 373.272 702 836.065 457.202 718 508.672 234.663 727 685.692 442.491 728 936.184 454.075 729 780.964 468.995 730 598.487 471.729 731 586.431 478.088 732 813.831 478.659 733 638.316 482.425 734 802.241 484.535 735 760.157 500.033 736 520.229 502.327 737 848.962 542.528 738 685.498 480.291 739 610.802 256.984 740 896.396 464.475 741 906.042 493.646 742 677.656 213.704 743 762.398 432.116 744 849.062 544.793 745 797.016 456.053 746 867.928 528.456 747
4 0.9990932476763469 0.01883525151606864 -0.0368758794287127 -0.009903617437199417 0.020922536132604128 0.06749117464515905 0.4046099194619108 4 image_000004.jpg
 527.430 260.037 1 564.116 263.019 2 569.515 262.928 3 576.855 265.995 5 583.741 265.926 12 583.741 265.926 13 646.534 346.262 16 682.076 436.488 19 652.024 439.128 20 520.789 414.247 26 527.366 473.926 27 533.106 262.972 32 533.106 262.972 33 563.734 345.493 34 774.188 413.486 35 501.269 421.390 36 506.032 421.719 37 691.132 422.632 38 584.073 424.005 39 588.941 423.925 40 819.946 430.767 41 610.781 433.131 42 527.290 439.548 43 505.271 439.995 44 475.573 440.716 45 560.623 443.573 46 560.623 443.573 47 564.588 443.372 48 569.377 443.275 49 606.709 443.325 50 477.373 443.915 51 734.140 447.560 53 617.437 448.738 54 561.978 450.011 55 521.887 459.585 56 524.430 460.175 57 521.479 465.505 58 561.247 467.970 59 759.819 472.645 60 617.979 472.824 61 479.189 473.420 62 518.582 473.614 63 515.785 475.190 64 599.574 480.706 65 542.827 484.466 66 613.130 488.755 67 613.130 488.755 68 529.949 204.389 69 560.285 215.772 70 820.642 261.889 71 688.841 262.699 72 757.998 262.641 73 757.998 262.641 74 576.201 262.782 75 625.079 262.760 76 648.687 262.931 77 682.048 262.927 78 524.889 263.772 79 536.105 265.764 80 708.436 266.142 81 607.156 421.466 82 516.710 422.690 83 560.371 423.492 84 604.478 423.234 85 554.266 428.645 86 675.302 429.231 87 809.255 438.225 90 520.823 439.812 92 608.866 439.628 93 514.821 440.063 94 612.785 443.245 95 606.859 452.043 96 606.773 457.930 97 557.975 459.362 98 561.505 463.663 99 521.610 471.056 100 560.811 471.478 101 549.667 437.009 104 695.942 438.645 106 695.942 438.645 107 518.968 452.935 109 756.760 258.021 110 540.364 426.081 111 540.364 426.081 112 546.861 425.915 113 546.861 425.915 114 696.251 447.011 115 779.380 467.688 116
11 0.9945230673528245 0.04501958149332152 -0.09420685770192926 0.004707833476538718 0.1347392526334158 0.03186126620473392 0.41140785736992425 11 image_000011.jpg
 534.983 188.084 1 573.960 192.586 2 579.715 192.819 3 908.613 377.448 9 878.419 421.544 11 594.371 196.442 12 594.371 196.442 13 693.512 362.555 17 693.339 381.685 19 662.833 383.880 20 914.113 400.677 22 871.840 358.094 24 541.043 191.319 32 541.043 191.319 33 508.952 361.261 37 620.324 376.139 42 531.801 381.028 43 477.136 380.781 45 571.270 385.819 48 747.418 395.020 53 626.849 392.996 54 525.651 402.211 56 525.179 408.247 58 772.468 422.443 60 522.280 417.131 63 519.074 418.221 64 697.610 196.761 78 532.686 192.024 79 543.341 194.616 80 616.936 363.915 82 521.378 362.890 83 613.768 365.946 85 560.176 369.868 86 871.990 387.254 88 525.522 381.049 92 617.431 383.124 93 519.128 381.181 94 615.249 396.190 96 615.200 402.993 97 563.675 402.739 98 567.444 407.728 99 525.342 414.391 100 566.299 415.066 101 934.027 347.700 102 878.063 387.278 105 708.456 384.397 106 708.456 384.397 107 921.801 397.154 108 522.984 394.997 109 774.738 194.393 110 552.319 366.980 113 552.319 366.980 114 708.340 393.583 115 793.521 417.111 116 724.984 201.296 131 502.693 194.044 147 502.693 194.044 148 536.579 367.067 149 509.132 371.804 150 509.132 371.804 151 511.598 373.012 152 528.031 374.360 153 516.787 385.393 154 480.736 391.085 155 528.071 409.386 156 789.009 413.871 157 798.560 422.026 158 482.385 427.417 159 708.001 429.609 160 521.758 431.942 161 775.564 431.581 162 621.002 432.541 163 623.986 433.651 164 671.274 436.301 165 732.106 198.168 166 700.560 370.245 167 481.518 380.901 168 906.022 382.150 169 640.935 383.722 170 609.825 387.099 171 567.915 400.382 172 767.873 423.686 173 609.823 428.596 174 739.518 201.823 175 536.486 285.168 176 681.936 362.167 177 537.700 363.132 178 517.446 372.260 179 700.568 375.937 180 607.105 383.979 181 653.640 384.379 182 866.367 388.141 183 906.043 388.808 184 525.319 424.067 185 511.192 427.035 186 663.833 400.176 187
148 0.9892539940244747 0.016591090023382864 0.1443236292680412 -0.016490750732966426 -0.3149039674265227 0.024448908932955052 0.3602913134267789 148 image_000148.jpg
 582.377 254.905 1 622.437 256.486 3 631.446 259.104 5 636.254 258.978 12 636.254 258.978 13 965.144 447.238 22 569.739 408.966 26 636.553 418.884 40 875.439 426.756 41 524.756 435.150 45 609.985 438.101 48 651.302 438.384 50 783.172 444.091 53 568.055 460.203 58 810.605 470.381 60 562.138 469.422 64 743.907 252.026 72 590.650 260.315 80 764.711 254.962 81 914.991 433.536 88 832.131 434.275 89 567.680 434.401 92 657.205 438.380 95 568.027 465.689 100 921.729 433.432 105 742.930 434.342 107 566.032 447.529 109 815.327 244.581 110 764.711 254.962 131 552.579 262.619 147 826.444 461.986 157 771.212 251.405 166 567.910 474.495 185 604.943 474.230 235 595.608 260.205 273 743.907 252.026 277 765.789 251.673 279 836.187 463.180 372 901.776 472.087 377 853.064 251.071 393 570.956 470.909 524 772.215 468.560 525 685.156 263.088 556 612.167 259.956 594 926.057 436.993 649 644.941 255.698 658 653.860 478.846 677
38 0.9999400678292965 -0.0020516811079233843 -0.0038378910805319283 -0.010046013375488378 -0.04105767598881662 0.028314829735608962 0.19444969817555122 38 image_000038.jpg
 551.053 307.518 1 596.445 310.072 3 557.387 310.248 33 611.202 482.274 39 548.906 499.209 43 493.667 499.889 45 585.352 503.135 46 585.352 503.135 47 595.016 502.978 49 635.151 503.046 50 495.832 503.389 51 543.475 520.033 56 647.287 535.260 61 496.805 535.007 62 540.087 535.744 63 548.621 311.368 79 542.805 499.068 92 642.574 503.143 95 635.193 519.229 97 585.305 532.982 101 570.659 484.465 114 544.616 492.457 153 546.560 527.102 156 499.506 546.665 159 543.599 542.213 185 592.247 505.322 225 585.105 541.550 235 546.047 314.143 339 539.821 539.484 358 597.641 499.193 370 500.500 503.912 489 639.097 518.533 501 539.556 547.148 505 568.623 497.065 515 549.838 536.200 522 546.961 538.956 524 611.202 482.274 562 541.502 503.005 564 543.606 548.420 566
175 0.9578521374707571 0.026457074531557722 -0.2372477401502852 0.1597899113246271 0.35531084374397914 0.026226042804793306 -0.40323357743569005 175 image_000175.jpg
 350.524 77.497 1 398.134 106.134 2 404.642 109.326 3 421.291 122.400 12 421.291 122.400 13 480.073 385.792 17 256.178 392.235 27 362.559 221.666 34 240.175 297.282 36 247.251 299.702 37 194.182 311.527 45 195.266 317.248 51 531.258 447.933 53 548.865 492.227 60 414.067 113.880 75 537.813 178.262 78 346.470 80.682 79 391.710 353.048 82 468.293 397.296 87 253.369 332.520 94 702.927 509.428 108 294.971 325.640 112 305.701 327.821 113 305.701 327.821 114 364.517 84.718 118 420.762 117.214 119 387.282 220.918 123 560.645 396.461 125 544.950 419.268 127 631.968 480.933 128 662.216 523.057 136 284.032 321.033 149 242.756 315.436 151 245.620 318.495 152 195.210 328.485 155 181.763 382.309 159 548.615 504.908 162 573.684 196.530 166 200.886 313.795 168 542.758 492.998 173 286.070 316.942 178 655.065 480.582 183 406.220 105.754 192 442.488 124.573 194 532.176 388.363 196 272.968 303.278 197 303.339 320.795 200 302.853 324.012 202 301.000 331.490 208 406.911 369.493 211 416.787 373.285 212 421.724 375.239 213 421.724 375.239 214 277.772 329.578 215 547.712 417.649 216 541.758 443.284 227 539.527 445.444 229 489.930 459.938 233 498.899 477.058 236 551.013 494.965 237 483.960 482.440 238 477.901 481.521 239 477.901 481.521 240 467.953 488.372 241 443.136 128.579 246 399.495 341.421 249 280.608 321.226 254 456.969 382.282 256 465.095 385.671 257 372.078 358.039 259 539.477 425.760 260 518.461 435.869 262 535.323 446.903 263 488.612 465.254 265 490.669 468.186 266 538.875 377.847 287 546.630 401.494 290 410.753 357.961 291 473.910 398.838 307 315.945 328.733 320 484.902 472.219 321 487.375 487.461 322 537.842 400.740 324 469.835 319.203 331 614.861 441.730 334 473.910 398.838 335 554.601 396.569 338 342.970 84.042 339 630.038 435.140 341 311.010 326.729 342 481.099 391.132 345 442.994 390.859 348 364.517 84.718 362 441.450 372.503 365 200.655 301.570 368 200.886 313.795 369 298.576 414.253 376 265.396 307.257 380 263.857 296.560 383 429.294 389.033 388 344.396 221.298 394 231.265 184.966 403 285.329 214.929 405 353.858 238.645 406 210.598 285.843 409 230.155 291.705 410 251.268 299.487 411 251.268 299.487 412 494.672 390.495 415 204.905 299.767 416 198.305 322.444 424 250.388 340.859 425 247.512 343.055 429 193.056 335.600 437 181.650 372.305 456 575.446 509.908 464 378.292 452.725 470 192.035 396.311 471 374.596 226.363 477 463.619 342.264 478 272.701 298.453 479 321.401 321.162 482 227.327 300.451 483 425.448 363.492 484 205.099 303.325 487 202.443 320.501 489 190.622 343.223 500 290.305 396.452 503 294.577 428.457 508 355.186 335.905 511 367.979 340.932 512 481.408 380.843 513 246.643 322.794 514 499.652 405.080 539 486.344 466.827 541 344.069 213.278 548 374.613 235.677 560 500.506 382.197 561 387.623 225.920 575 544.817 323.514 589 311.935 332.623 590 311.935 332.623 591 212.291 294.318 596 278.359 313.454 599 221.543 307.685 600 628.084 444.364 605 633.398 438.909 607 464.235 371.247 616 500.689 385.188 623 496.553 260.156 627 536.072 489.481 650 559.534 402.401 659 443.869 252.286 663 556.121 402.587 664 560.160 491.090 665 333.468 350.758 673 454.448 374.905 681 689.408 228.090 682 489.300 275.230 683 484.843 304.409 685 202.989 264.070 686 282.731 294.828 687 330.223 314.854 689 392.931 337.687 690 382.547 337.329 691 268.171 313.017 694 426.566 377.153 695 485.161 407.037 697 344.069 213.278 700 387.947 322.190 703 380.383 335.657 704 602.476 418.678 705 582.802 412.567 706 501.308 393.079 707 504.978 398.708 708 394.531 340.854 714 546.630 401.494 716 556.921 420.009 717 513.501 390.838 718 359.980 333.560 723 385.409 325.737 728 599.073 420.102 729 278.873 325.239 732 326.929 347.780 734 474.053 404.572 735 431.806 405.381 736 205.438 325.181 737 492.607 471.425 738 370.875 361.893 739 562.217 416.189 741 467.098 89.939 743 458.199 342.361 744 492.130 473.187 745 198.098 368.155 756 254.604 301.665 757 233.162 294.289 758 233.162 294.289 759 384.439 341.402 762 377.676 222.019 763 508.361 375.197 766 706.319 505.842 773 370.051 232.908 777 391.443 237.269 778 263.884 275.225 779 336.400 314.538 780 392.501 357.782 781 392.501 357.782 782 199.974 372.900 783 416.787 373.285 784 481.968 396.076 785 480.268 479.468 786 226.539 290.244 787 227.327 300.451 788 317.380 317.306 789 495.685 459.561 790
176 0.9947262989532606 0.026523298038154744 -0.09904352421539807 -0.0025456893443233197 0.20638376137535863 -0.019761051061450173 -0.14219441951228234 176 image_000176.jpg
 618.809 161.997 1 659.324 166.555 2 665.052 166.593 3 688.026 171.059 7 680.678 170.536 12 680.678 170.536 13 758.416 364.648 20 625.031 165.473 33 659.644 258.639 34 886.892 338.524 35 591.046 342.653 36 799.677 346.284 38 714.616 356.964 42 662.815 367.900 48 668.123 367.892 49 709.345 368.641 50 660.009 375.221 55 655.173 113.099 70 792.771 171.476 72 725.077 168.965 76 616.004 165.814 79 627.696 168.694 80 710.006 343.795 82 658.131 345.069 84 706.653 345.776 85 922.916 366.427 90 614.309 363.428 92 711.838 364.508 93 715.739 368.584 95 659.465 391.010 99 645.945 360.839 104 805.104 365.015 107 612.304 378.262 109 634.526 348.604 111 634.526 348.604 112 642.468 347.863 113 642.468 347.863 114 629.951 162.277 118 677.664 250.836 123 569.203 328.364 126 813.748 175.933 131 782.997 166.722 144 792.779 166.920 145 625.644 348.497 149 796.382 350.448 167 735.010 364.994 170 703.173 368.586 171 747.762 365.864 182 680.097 348.955 206 623.091 355.669 215 773.416 362.328 223 697.734 167.679 246 564.447 328.035 247 712.900 333.953 249 622.975 349.735 254 664.322 348.947 255 768.335 347.106 256 697.954 351.896 259 629.770 419.250 268 634.696 168.917 273 771.298 170.841 276 718.740 327.589 288 731.061 337.921 289 847.044 336.884 290 726.901 341.598 291 698.658 358.292 297 769.148 358.650 298 879.858 366.442 332 841.684 369.459 333 838.796 363.212 350 623.028 367.655 353 755.765 368.379 354 688.026 171.059 363 576.402 264.651 364 753.484 344.721 365 670.859 364.105 370 609.686 344.000 380 654.947 335.897 382 747.501 359.146 388 662.927 351.052 389 760.487 354.763 392 646.478 263.159 394 561.087 270.573 403 657.679 272.436 406 800.066 368.641 495 694.208 364.325 517 711.492 340.269 533 711.492 340.269 534 768.407 364.888 535 641.506 98.581 558 680.038 139.218 559 673.044 136.900 565 619.993 344.493 599 648.919 336.846 608 749.835 346.638 611 649.093 331.763 628 981.180 369.829 649 661.819 337.969 671 805.717 343.439 707 847.044 336.884 716 702.537 349.597 719 695.022 259.087 721 724.116 364.894 725 570.010 154.021 727 772.490 346.673 730 715.945 342.335 750 697.689 347.531 751 585.680 342.684 758 585.680 342.684 759 594.501 180.019 760 583.193 348.311 788 682.652 344.079 791 671.748 355.501 792 649.445 325.450 793 586.140 286.992 794
50 0.9930946478193301 0.016732783447882208 -0.11556889876837931 0.011263394163621166 0.20277683888005268 -4.8017764244388285e-05 -0.015962710937978186 50 image_000050.jpg
 558.665 239.223 1 593.322 243.908 2 598.097 244.172 3 553.664 242.246 4 705.394 395.952 8 611.096 247.768 12 611.096 247.768 13 698.746 395.844 17 745.670 399.998 18 887.456 431.749 22 775.565 418.029 25 550.922 385.878 26 729.687 430.015 31 708.092 399.150 38 507.554 409.994 45 509.308 412.960 51 605.000 244.583 75 556.825 242.410 79 632.280 395.732 82 581.820 401.194 86 865.563 420.067 91 894.265 428.328 108 568.385 398.188 111 568.385 398.188 112 574.928 397.952 113 574.928 397.952 114 568.204 239.809 118 516.442 236.859 132 853.656 403.554 141 732.077 248.470 142 560.785 397.855 149 729.729 252.464 166 705.362 402.266 167 511.789 410.169 168 880.917 415.416 169 559.520 324.656 176 561.419 394.870 178 880.985 420.885 184 622.651 407.960 297 672.526 403.018 306 696.364 406.673 307 832.901 449.214 310 742.747 393.585 324 767.643 431.397 327 696.364 406.673 335 531.614 402.372 367 511.789 410.169 369 687.289 258.073 378 547.242 394.008 380 744.677 249.250 381 544.936 387.292 383 592.187 400.981 389 531.479 399.158 486 633.827 392.472 533 853.648 455.521 542 856.036 435.486 545 711.226 431.391 547 818.292 402.342 605 821.553 397.586 607 580.871 388.591 608 536.024 399.161 609 893.753 358.473 610 666.079 398.413 611 890.445 422.084 612 744.179 385.046 613 543.951 397.036 614 841.570 378.430 615 685.933 389.400 616 752.448 409.214 617
187 0.9644894187618074 -0.08206588376754956 -0.24889483584256783 0.03281348116966715 0.4274786704741516 -0.18128963663345254 -0.503655145342982 187 image_000187.jpg
 499.501 183.613 1 549.697 199.541 2 556.540 200.769 3 492.032 185.825 4 567.265 206.988 6 574.898 208.631 12 574.898 208.631 13 769.672 446.880 18 712.455 462.976 19 681.104 462.269 20 805.561 474.688 25 498.027 404.488 26 508.356 189.336 33 553.839 311.634 34 724.481 442.541 38 564.754 459.041 48 572.263 459.376 49 623.975 463.468 50 774.036 483.458 53 504.762 482.281 57 496.521 505.162 63 617.287 522.608 65 637.525 536.926 68 544.227 135.401 70 565.528 202.583 75 624.466 218.124 76 624.391 428.898 82 619.909 431.934 85 703.169 452.342 87 820.367 474.415 89 499.650 447.588 92 626.618 457.859 93 489.437 447.029 94 632.902 464.258 95 561.560 492.549 99 732.307 466.673 106 732.307 466.673 107 535.931 428.528 113 535.931 428.528 114 732.508 480.072 115 513.913 187.106 118 544.882 197.638 120 776.867 452.284 127 639.091 233.198 133 514.010 428.019 149 475.805 436.172 152 504.426 436.982 153 738.288 529.357 160 637.073 531.315 163 640.810 534.351 164 723.899 243.004 166 720.429 446.911 167 622.049 525.041 174 710.518 429.529 199 530.888 422.561 200 531.956 425.654 202 532.784 433.762 208 511.328 437.429 215 736.569 462.812 224 502.677 460.938 226 781.213 476.074 227 780.417 478.703 229 781.406 481.772 231 434.981 496.971 232 553.085 506.448 234 561.383 517.759 235 755.067 521.250 236 740.819 531.758 239 740.819 531.758 240 735.052 541.033 241 594.797 209.378 246 567.367 430.973 255 776.848 466.980 261 756.966 475.820 262 777.053 481.365 263 434.402 503.711 264 744.902 512.423 265 747.234 514.841 266 520.898 533.711 268 486.884 184.446 272 519.120 195.709 273 684.220 236.995 280 624.391 428.898 293 589.889 211.940 304 708.474 452.342 307 805.558 257.959 317 611.960 497.668 325 848.884 445.110 341 540.810 426.253 342 712.096 443.056 345 778.033 461.601 349 422.223 448.388 351 455.770 452.977 352 575.381 462.855 356 431.295 484.666 357 616.776 515.037 359 674.005 435.685 365 822.569 512.040 371 621.459 516.093 374 558.008 517.300 375 492.550 418.889 380 684.291 448.678 392 508.766 185.950 400 418.939 309.261 402 422.292 309.454 403 429.129 310.090 404 481.410 323.834 405 658.621 415.138 408 452.590 413.934 410 475.190 415.810 411 475.190 415.810 412 498.625 418.989 413 488.804 438.767 417 424.893 436.351 418 503.699 440.277 420 621.794 445.612 421 670.040 456.970 423 488.657 456.645 425 493.193 456.951 426 483.745 457.662 427 562.490 462.060 428 486.254 459.935 429 508.187 461.028 430 622.195 466.945 431 620.322 469.424 433 568.554 468.744 434 431.524 467.977 437 569.016 474.005 439 486.962 473.189 440 728.176 482.340 441 495.181 477.424 442 495.494 486.386 444 435.043 492.512 445 475.398 498.573 446 484.607 499.910 447 546.270 502.035 448 739.951 507.120 449 517.584 503.748 450 457.122 505.264 451 668.427 510.333 452 428.926 505.537 453 470.898 508.098 454 431.955 509.058 456 434.713 510.260 457 432.971 513.372 458 632.708 517.988 459 443.850 516.419 460 496.768 518.829 461 633.079 525.017 462 574.491 524.191 463 438.283 523.337 465 630.978 530.284 467 743.733 532.217 468 622.493 531.877 469 644.769 532.439 470 594.797 209.378 473 496.599 407.872 479 510.184 414.172 481 548.514 416.893 482 452.502 423.550 483 434.286 431.316 487 435.402 449.707 489 606.346 464.188 491 566.748 465.552 494 625.251 469.975 497 431.440 476.670 500 556.591 499.602 502 485.151 511.372 504 427.872 522.983 506 431.605 526.911 507 558.953 532.835 508 493.465 533.243 509 562.524 534.221 510 480.107 439.037 514 598.557 463.248 518 553.451 510.868 523 500.228 316.689 530 620.131 324.529 531 626.566 424.597 534 692.089 463.134 535 519.622 493.929 544 732.456 490.634 546 568.342 154.179 549 568.342 154.179 550 727.048 428.794 561 506.784 106.260 567 506.784 106.260 568 567.719 156.841 584 440.481 437.699 592 448.989 431.371 600 731.776 248.569 653 609.163 342.022 657 584.767 207.178 658 727.492 249.048 661 488.182 320.036 670 628.816 450.519 672 569.955 445.979 674 627.876 473.281 675 633.392 527.386 677 426.245 308.126 684 420.144 392.899 686 504.933 402.099 687 418.773 395.156 688 555.241 408.988 689 467.282 419.233 693 493.069 439.103 696 480.520 308.024 701 609.354 400.953 703 721.920 453.051 733 676.058 469.767 736 568.606 316.818 748 630.758 444.115 769 584.025 319.744 778 479.364 388.827 779 560.864 407.150 780 627.055 433.586 781 627.055 433.586 782 448.927 504.654 783 650.446 443.023 784 714.281 447.472 785 742.379 528.394 786 448.753 413.118 787 452.502 423.550 788 711.394 471.788 795
61 0.9911006060083231 -0.003899400294557637 -0.13254882648228117 0.011627083468725444 0.24625222865025148 0.030411511161464823 0.18411717136923555 61 image_000061.jpg
 571.255 291.927 1 601.011 295.813 2 859.621 459.118 22 762.040 447.721 25 565.781 421.381 26 649.790 298.471 76 569.294 294.739 79 636.992 429.480 82 592.974 434.491 86 829.706 448.132 88 865.657 455.934 108 751.159 299.795 110 581.157 431.992 111 587.034 431.417 113 587.034 431.417 114 715.092 304.636 131 815.983 253.153 137 634.636 299.995 140 692.055 297.310 144 699.401 297.666 145 700.739 434.747 167 532.162 442.953 168 632.018 447.722 171 526.490 290.023 270 737.875 425.381 290 628.475 440.456 297 812.460 474.856 310 762.252 300.471 314 772.096 300.861 315 592.836 429.819 320 733.076 425.954 324 755.262 459.650 327 674.453 395.237 337 532.162 442.953 369 683.303 307.378 378 563.078 428.936 380 560.582 422.918 383 992.179 324.495 386 991.076 318.069 390 674.063 437.703 392 591.051 367.683 394 755.927 306.327 475 830.755 480.372 542 706.001 459.755 547 570.659 428.659 599 596.279 432.107 606 801.552 429.751 607 591.899 423.087 608 666.538 431.749 611 734.138 419.295 613 560.080 431.719 614 742.039 439.902 617 726.980 410.235 621 684.028 356.175 627 592.079 419.411 628 589.790 421.078 629 688.713 422.955 630 700.514 425.633 631 985.108 306.209 632
223 0.994565761559748 -0.02038835355728339 0.0991534394110084 -0.024327965668090118 -0.27476443658222915 -0.06932152291576923 -0.24554734425213007 223 image_000223.jpg
 613.050 142.701 1 646.992 141.980 2 651.838 141.450 3 729.770 302.156 20 617.869 144.656 33 645.971 217.416 34 644.869 309.077 48 649.828 308.658 49 605.383 326.223 56 605.159 331.510 58 614.248 92.704 69 658.265 140.792 75 705.609 137.230 76 729.596 135.722 77 763.475 133.288 78 610.140 145.953 79 790.436 134.848 81 685.182 315.932 96 685.095 322.140 97 638.760 324.752 98 642.186 328.838 99 605.168 336.952 100 641.675 336.111 101 774.768 300.492 106 774.768 300.492 107 602.850 319.365 109 622.412 141.801 118 710.930 209.443 124 790.436 134.848 131 859.456 325.214 157 870.381 333.508 158 690.920 349.225 163 823.591 302.785 227 816.430 297.020 261 705.609 137.230 274 792.017 131.761 279 679.922 315.064 299 751.300 130.187 312 812.235 303.213 333 869.706 326.777 372 954.143 329.990 373 935.151 334.324 377 769.775 303.912 495 608.062 341.846 524 712.229 144.899 556 605.109 350.674 566 732.129 103.320 624 615.176 147.423 646 688.898 346.255 677 677.459 214.944 721 653.701 220.967 777 665.217 287.592 791 889.416 298.531 797
28 0.9645191749518691 -0.14433342375672992 -0.21811839760407498 0.035985992640476826 0.4142576655560204 -0.22710903238441174 -0.4402825732349557 28 image_000028.jpg
 625.108 317.861 2 631.120 318.738 3 641.194 323.857 6 981.486 608.878 11 647.784 324.915 12 647.784 324.915 13 660.821 326.866 14 758.080 555.430 20 589.648 508.015 26 588.796 311.727 32 588.796 311.727 33 566.532 520.283 37 601.469 547.676 43 529.387 544.949 45 651.195 555.596 48 531.039 550.317 51 847.798 572.818 53 647.986 564.945 55 595.684 578.056 56 599.322 579.157 57 595.899 587.346 58 650.129 592.968 59 878.988 610.100 60 592.882 601.021 63 701.503 614.193 65 623.323 619.745 66 722.142 628.233 67 722.142 628.233 68 617.268 261.257 70 757.527 341.283 72 824.490 352.716 73 824.490 352.716 74 639.566 319.903 75 691.821 329.810 76 579.319 310.733 79 591.560 315.529 80 703.783 525.999 82 699.620 528.755 85 778.195 544.898 87 964.184 566.097 88 892.578 562.766 89 593.121 547.308 92 707.311 552.986 93 584.203 546.916 94 712.847 558.467 95 707.722 580.848 97 644.678 579.696 98 649.882 587.139 99 596.723 596.673 100 970.402 566.337 105 806.656 557.838 106 806.656 557.838 107 591.056 566.782 109 623.845 528.133 113 623.845 528.133 114 807.979 570.448 115 620.792 316.755 120 653.047 413.073 123 705.774 342.330 133 747.060 335.282 144 604.649 528.526 149 906.747 609.040 158 539.538 616.032 159 816.486 618.590 160 721.192 622.453 163 783.652 345.947 166 793.632 539.451 167 534.753 545.352 168 987.972 562.514 169 731.099 555.469 170 874.960 612.232 173 707.035 617.000 174 957.322 567.101 183 591.428 515.083 197 618.577 522.442 200 595.211 525.974 203 621.304 532.986 208 810.570 554.181 224 655.314 558.896 225 596.341 559.448 226 854.729 565.402 227 853.162 567.971 229 854.918 570.831 231 538.821 595.269 232 643.135 600.997 234 814.671 630.189 241 665.620 324.123 246 527.945 497.007 247 705.632 513.455 249 698.545 521.547 252 602.013 529.424 254 846.315 549.615 260 850.602 570.566 263 538.374 601.419 264 824.517 604.433 266 647.627 606.626 267 691.821 329.810 274 757.527 341.283 277 778.439 345.065 279 830.761 353.723 281 830.761 353.723 282 824.413 507.342 287 709.179 506.643 288 719.891 521.962 289 722.420 525.726 292 703.783 525.999 293 660.821 326.866 304 782.821 544.499 307 814.514 558.713 309 638.977 626.406 311 862.274 354.430 316 862.274 354.430 317 868.812 355.968 318 696.579 591.621 325 749.528 474.894 331 702.859 415.713 340 627.809 526.007 342 563.522 526.754 344 785.602 535.416 345 788.786 544.811 347 758.079 546.011 348 850.141 551.575 349 755.702 560.008 354 660.974 558.939 356 535.129 583.552 357 593.006 606.528 358 701.494 607.044 359 718.550 628.087 361 749.613 530.191 365 531.548 534.128 368 534.753 545.352 369 904.016 600.559 372 705.981 608.434 374 648.330 610.446 375 585.906 521.279 380 650.843 532.641 389 760.255 541.916 392 926.156 563.355 395 580.785 243.369 397 639.454 282.000 398 520.510 290.710 399 589.090 308.606 400 625.945 324.204 401 516.998 424.173 402 520.148 424.525 403 525.995 424.537 404 571.411 434.415 405 633.218 436.338 406 733.937 510.779 408 535.205 517.106 409 550.259 517.560 410 569.909 518.446 411 569.909 518.446 412 591.602 520.951 413 750.160 526.687 414 797.678 530.600 415 534.924 531.632 416 584.038 539.635 417 527.984 539.775 418 592.379 540.182 419 596.715 540.538 420 702.157 541.494 421 806.808 547.091 422 747.082 551.067 423 535.245 554.175 424 584.014 555.958 425 587.361 556.067 426 579.903 556.655 427 649.076 558.667 428 582.041 559.021 429 601.191 559.146 430 703.760 561.490 431 658.066 562.072 432 702.449 563.885 433 655.391 564.555 434 889.512 566.335 435 928.537 567.763 436 534.586 568.011 437 935.010 568.411 438 655.562 569.793 439 583.154 571.551 440 803.582 573.122 441 590.582 574.663 442 657.354 582.914 443 591.132 583.330 444 538.752 591.456 445 573.741 595.098 446 581.987 596.207 447 637.352 596.524 448 816.560 596.771 449 611.283 598.739 450 557.748 601.652 451 748.977 601.351 452 533.217 602.830 453 569.780 604.024 454 715.541 604.385 455 536.579 606.292 456 539.369 607.003 457 537.651 609.952 458 716.254 609.890 459 547.322 612.437 460 593.791 614.022 461 717.109 616.639 462 663.805 616.940 463 908.058 618.136 464 542.735 619.272 465 727.913 619.308 466 715.241 621.315 467 822.109 621.206 468 707.827 623.310 469 728.653 623.541 470 552.568 625.885 471 732.129 251.901 472 665.620 324.123 473 829.066 356.795 474 829.066 356.795 475 870.101 363.334 476 644.325 420.588 477 753.024 497.103 478 588.734 510.851 479 692.093 512.575 480 600.805 516.246 481 634.809 517.657 482 550.452 526.421 483 731.728 526.706 484 556.977 526.783 485 560.506 530.462 486 535.815 534.643 487 753.551 544.452 488 537.053 551.324 489 738.066 555.914 490 688.560 558.774 491 761.097 560.077 492 734.328 560.802 493 652.508 561.659 494 801.429 562.310 495 663.404 562.892 496 706.965 564.293 497 962.706 569.815 498 952.365 570.462 499 534.890 576.129 500 712.046 579.759 501 646.133 594.010 502 634.233 596.414 503 582.939 606.987 504 593.582 618.280 505 533.721 619.327 506 537.077 622.846 507 650.003 625.680 508 591.535 627.190 509 653.298 626.847 510 666.420 521.422 511 677.722 522.163 512 780.493 526.010 513 575.508 540.271 514 622.412 546.532 515 643.608 549.857 516 685.816 552.553 517 681.350 558.165 518 740.583 560.385 519 990.398 576.940 520 535.001 598.423 521 605.513 601.178 522 643.453 604.592 523 602.046 605.657 524 837.339 606.094 525 971.627 613.775 526 903.592 616.393 527 903.592 616.393 528 854.943 625.612 529 587.309 427.103 530 693.640 427.781 531 747.072 504.146 532 705.746 521.735 533 705.746 521.735 534 767.467 555.676 535 797.043 557.489 536 785.413 604.043 537 653.631 209.336 538 806.837 541.963 539 643.222 565.956 540 820.471 602.958 541 978.218 617.564 542 693.473 624.809 543 613.826 588.834 544 972.041 588.604 545 808.821 581.328 546
98 0.9691761509747814 -0.08287960125995154 -0.23159802584960426 0.013817382267181069 0.44801154264603193 -0.17914866768677778 -0.45757926241856184 98 image_000098.jpg
 618.455 244.657 2 624.060 245.439 3 639.213 251.174 12 639.213 251.174 13 759.210 437.360 17 772.812 441.071 38 816.386 473.978 53 610.945 191.390 70 738.005 266.671 72 632.109 246.664 75 691.607 433.942 82 687.970 436.387 85 795.014 272.449 110 621.448 437.187 113 589.353 236.665 118 637.216 247.592 119 645.436 332.838 123 604.303 437.565 149 584.990 460.023 154 592.097 425.746 197 618.599 441.909 208 597.409 465.082 226 642.466 246.071 244 655.653 250.712 246 686.902 430.553 252 818.614 471.845 263 795.741 416.479 287 691.607 433.942 293 737.593 444.912 306 574.750 241.059 339 589.353 236.665 362 539.109 443.699 368 587.529 431.630 380 582.393 423.237 383 572.728 429.129 411 590.062 422.147 479 692.818 430.418 533 692.818 430.418 534 781.366 481.986 546 781.366 481.986 547 732.851 463.309 647 562.777 292.184 666 652.406 341.418 667 573.885 399.975 668
234 0.9161139289797223 -0.005378016201198834 -0.4006109788811621 0.01473776929985526 0.5021384247646681 -0.05830783265350708 -0.11712481103510045 234 image_000234.jpg
 286.762 208.311 2 291.473 209.182 3 304.476 214.797 12 304.476 214.797 13 314.977 216.846 14 371.278 390.481 20 520.966 397.163 21 509.889 373.219 24 288.396 290.832 34 337.681 382.304 42 294.252 390.980 48 333.292 392.570 50 342.927 398.552 54 390.164 230.704 72 440.276 241.392 73 440.276 241.392 74 297.862 210.360 75 339.167 219.600 76 334.185 370.388 82 331.011 371.954 85 338.910 392.783 95 333.717 407.455 97 291.682 412.947 99 516.086 396.725 105 405.565 391.988 106 405.565 391.988 107 275.414 371.301 113 405.456 400.367 115 465.432 421.502 116 260.914 199.940 118 382.714 225.503 144 389.667 226.959 145 342.859 437.311 164 352.090 390.499 170 447.456 426.956 173 330.473 432.425 174 530.558 398.430 184 371.874 405.992 187 319.058 214.705 246 336.231 361.714 249 349.431 364.286 250 265.271 206.590 273 470.209 247.396 285 347.030 366.391 289 348.388 369.712 292 421.920 371.968 294 314.977 216.846 304 390.334 382.662 307 499.943 424.129 310 282.514 438.834 311 468.373 243.410 316 468.373 243.410 317 473.425 244.961 318 430.236 396.429 333 478.019 381.284 334 327.464 425.416 359 382.760 375.850 366 330.390 426.452 374 374.686 235.559 378 653.795 270.972 390 414.229 339.545 391 257.787 199.229 400 574.159 299.773 407 242.780 394.200 429 378.563 155.462 472 373.173 348.897 478 249.440 359.228 479 354.999 370.346 484 357.469 390.672 490 354.452 393.959 493 401.874 394.923 495 302.738 396.176 496 307.306 366.601 511 273.271 384.448 515 316.125 392.265 518 358.739 393.809 519 528.342 403.175 520 423.373 423.642 525 466.035 429.103 527 466.035 429.103 528 432.003 436.218 529 335.697 367.412 534 378.530 390.764 535 399.056 391.752 536 387.164 422.490 537 317.923 113.018 538 406.850 381.230 539 287.632 398.259 540 405.126 407.922 546 403.452 367.173 561 532.305 344.553 610 535.778 399.874 612 499.661 360.108 615 636.059 313.044 619 529.898 419.806 622 635.537 286.038 633 314.124 388.780 635 651.357 257.971 636 644.425 269.210 642 468.134 394.451 652 656.422 252.331 654 519.009 406.883 669 338.251 432.907 677 371.905 327.242 713 411.959 369.933 718 345.349 311.298 720 344.989 389.616 725 448.408 394.571 742 425.374 415.619 747 280.390 384.722 754 553.618 344.280 767 550.170 347.213 768 547.740 353.819 774 560.987 365.700 775 415.261 416.029 790 302.484 380.026 792
110 0.9969093686409853 0.04746253300816342 0.06178022995271619 -0.010110374246661467 -0.16863678132060209 0.03727837718406492 0.49452399278464737 110 image_000110.jpg
 593.334 202.835 2 598.577 202.738 3 620.081 205.702 7 674.797 380.137 20 551.000 379.750 43 592.662 383.231 49 629.721 383.782 50 502.644 383.403 51 545.732 398.882 56 545.164 404.791 58 583.542 407.521 59 503.381 412.002 62 542.120 412.569 63 565.534 423.880 66 634.721 429.313 67 634.721 429.313 68 553.467 203.878 79 565.525 205.814 80 807.181 380.438 89 629.253 391.975 96 629.340 398.553 97 584.364 403.845 99 545.258 410.259 100 583.814 411.163 101 720.607 379.990 107 565.552 365.980 111 572.257 364.773 113 572.257 364.773 114 588.975 202.761 120 634.767 426.130 163 636.990 427.759 164 623.812 423.135 174 583.294 419.185 235 503.541 201.546 270 570.765 205.763 273 522.453 278.204 286 575.661 428.209 311 520.852 146.595 323 652.449 275.402 340 631.441 430.160 361 620.081 205.702 363 501.147 373.545 368 623.987 417.119 374 803.943 383.035 435 632.822 397.944 501 503.381 412.002 521 551.256 412.589 522 548.259 416.213 524 613.055 177.715 559 789.068 380.112 563 543.817 383.256 564 545.180 191.755 593 632.029 423.085 677 635.724 394.251 678 543.781 200.440 679 551.517 152.597 680
39 0.9847852087936407 -0.14970581495967622 -0.0843458412735238 0.025923955743190664 0.1568637046648359 -0.2110518644326584 -0.4438168770771691 39 image_000039.jpg
 708.039 425.471 3 732.654 431.846 12 732.654 431.846 13 754.954 433.984 14 639.123 325.344 69 690.081 346.991 70 802.787 433.441 76 630.526 420.531 79 729.822 426.525 119 692.502 423.863 120 747.711 311.221 189 540.309 393.035 191 792.589 424.667 193 758.647 424.774 194 729.822 426.525 245 760.280 429.212 246 754.954 433.984 304 540.961 724.877 368 721.739 372.283 398 699.456 433.528 401 546.872 721.423 416 729.716 387.199 559 641.765 320.254 567 641.765 320.254 568 834.313 362.614 569 756.923 381.840 570 757.440 385.180 571 626.106 391.192 572 806.214 441.377 573 867.783 450.621 574 735.210 561.036 575 701.534 563.578 576 683.107 565.408 577 683.107 565.408 578 640.496 566.346 579 606.104 567.880 580 682.794 568.485 581 688.390 607.439 582 875.776 346.851 583 723.313 369.104 584 733.401 376.300 585 536.046 385.479 586 550.884 390.368 587 627.953 428.772 588 614.076 399.701 593 690.724 429.431 594 707.903 430.935 595 554.433 711.148 596 768.483 572.735 597 596.922 573.450 598 569.785 724.580 600 757.233 377.651 602
197 0.9611895263940136 0.018590416877657213 -0.2741542444392453 0.024668714706573107 -0.009068715877197889 0.01950131668149887 0.1336902649974018 197 image_000197.jpg
 67.740 268.647 3 74.044 271.628 5 86.710 273.157 7 302.107 444.324 10 90.766 273.357 14 131.441 418.183 20 324.056 434.250 22 58.909 418.641 49 84.159 450.232 65 274.243 288.352 71 225.864 284.127 73 93.951 401.986 82 14.038 414.194 92 94.491 417.050 93 97.544 420.227 95 298.664 423.832 105 234.761 444.738 116 126.519 281.500 133 295.418 411.133 141 176.259 275.542 143 162.540 274.530 144 170.566 275.380 145 24.497 403.445 149 163.137 408.321 167 86.459 452.347 174 318.902 425.203 184 94.493 271.190 246 96.431 394.733 249 97.586 268.061 302 106.939 268.941 303 90.766 273.357 304 301.419 287.794 305 246.236 282.466 315 260.911 283.514 316 260.911 283.514 317 266.542 284.293 318 428.766 318.716 330 226.601 422.214 332 86.710 273.157 363 61.728 415.943 370 86.917 447.963 374 440.165 307.852 390 252.202 288.808 393 262.771 422.489 395 94.493 271.190 473 164.986 421.936 495 49.095 415.599 516 104.077 339.399 531 126.725 405.116 611 449.091 329.047 618 424.547 347.635 619 155.119 245.895 625 424.793 417.925 637 444.825 289.321 654 87.812 270.732 658 116.299 351.460 720 7.195 396.888 724 103.883 165.788 776 47.841 352.534 796
112 0.9625656458448498 -0.06387164765494474 -0.2627701061308974 0.01842961181187183 0.4549929904197213 -0.04830853935114997 -0.049095790188085936 112 image_000112.jpg
 568.793 364.551 3 617.792 375.166 14 721.910 551.858 16 796.226 707.516 17 498.693 358.066 32 498.693 358.066 33 567.609 540.238 34 678.259 735.017 42 482.962 357.931 79 503.192 364.654 80 669.238 708.488 82 663.130 712.511 85 786.974 730.748 87 485.296 748.131 94 529.820 718.341 111 546.261 715.696 113 546.261 715.696 114 663.130 712.511 135 504.371 733.408 153 840.690 398.121 175 776.596 706.099 177 396.102 191.098 188 866.353 683.778 196 496.417 699.989 197 870.881 687.234 198 502.755 716.206 203 762.458 715.856 207 775.062 727.465 218 684.478 739.266 220 838.949 740.897 222 776.331 745.010 223 673.028 688.829 249 910.142 690.219 251 512.879 719.448 254 590.717 718.125 255 898.201 745.123 261 870.500 665.092 287 868.101 702.455 294 868.101 702.455 295 992.267 707.810 296 768.962 738.471 298 805.079 730.166 347 881.394 746.472 350 777.517 715.433 366 407.537 733.287 368 747.897 400.002 378 488.847 708.978 380 586.364 722.841 389 560.364 724.408 396 389.271 559.907 403 413.541 707.400 409 464.545 704.156 412 742.876 706.054 414 402.899 741.513 418 498.066 737.760 419 493.428 692.967 479 512.010 699.021 481 746.797 733.150 488 611.796 701.942 511 630.462 702.239 512 795.565 700.574 513 672.344 701.900 533 539.438 537.431 548 704.852 284.839 569 625.502 316.055 571 674.446 384.887 573 738.273 396.683 574 565.987 536.690 576 544.468 538.949 577 498.759 540.818 579 461.572 543.305 580 544.168 542.807 581 750.177 264.660 583 480.118 368.580 588 556.197 719.671 590 556.197 719.671 591 422.493 741.542 592 419.008 717.147 596 684.840 539.189 663 906.457 692.677 664 468.304 653.721 668 675.987 739.451 672 593.297 738.898 674 760.006 707.007 681 999.037 371.625 682 754.620 546.705 683 393.670 558.004 684 762.665 590.249 685 393.580 680.683 686 391.755 683.914 688 662.802 686.094 690 648.816 691.233 691 841.163 706.437 692 454.283 709.442 693 495.394 715.184 694 722.650 723.020 695 490.533 737.691 696 815.289 737.348 697 692.197 352.770 698 512.927 354.999 699 539.438 537.431 700 466.370 546.750 701 718.692 564.799 702 643.509 689.403 704 975.898 690.807 705 946.950 693.164 706 829.748 708.753 707 836.736 715.164 708 758.857 736.183 709 825.336 744.004 710 630.850 529.492 711 713.518 558.615 712 748.818 606.282 713 666.436 689.757 714 795.602 690.587 715 893.734 696.612 716 916.409 716.141 717 843.938 697.821 718 655.114 720.551 719 691.171 574.556 720
158 0.9840880738777071 -0.05648532168842084 -0.16826337006340902 0.008216713544480817 0.30237167525738196 -0.035535145750393904 0.0322871431847761 158 image_000158.jpg
 667.833 505.213 8 590.398 379.259 14 663.176 519.684 19 788.099 499.167 24 544.716 550.680 27 535.511 374.786 79 825.047 529.438 108 552.136 509.435 111 558.174 508.775 113 558.174 508.775 114 668.259 510.855 167 546.352 506.855 178 593.750 377.105 246 590.398 379.259 304 660.557 514.497 307 563.576 507.146 320 698.702 502.074 324 643.600 471.435 331 660.557 514.497 335 690.353 378.892 381 559.222 445.731 394 563.383 511.956 396 691.444 486.350 621 673.234 501.566 623 629.413 350.070 624 601.504 500.885 762 538.338 446.658 765 676.077 493.999 766 611.120 513.645 769
165 0.9675752477915205 -0.04148795953032352 -0.2475065637401264 0.02858986231037523 -0.04448408153631424 -0.05008220825093783 -0.17952415214541878 165 image_000165.jpg
 284.440 503.214 9 257.578 538.989 10 17.344 504.783 20 262.483 512.817 21 162.879 483.143 35 114.695 517.602 53 75.327 320.967 78 105.042 327.540 81 47.866 495.392 87 246.916 511.474 88 198.588 510.428 90 252.820 511.452 105 71.023 505.999 106 71.023 505.999 107 105.042 327.540 131 120.219 328.966 175 241.248 512.092 183 281.568 513.673 184 49.884 488.033 209 117.410 505.198 261 191.777 332.759 284 13.974 508.364 354 75.048 509.812 355 42.969 487.898 366 168.821 538.760 372 438.585 361.090 386 437.672 353.837 390 194.079 335.972 393 240.783 548.468 526 9.179 514.058 557 449.687 379.990 618 418.462 407.081 619 279.366 539.541 622 421.767 372.677 633 444.822 437.281 634 439.106 328.359 638 19.753 508.389 648 256.571 514.802 649 443.487 330.233 654 23.941 302.953 698 439.106 328.359 726 30.554 279.195 771 439.358 417.180 772
170 0.8644720680275467 0.003083843507325613 -0.49348658216959485 0.09565310579033755 0.2791344704238833 0.03733772788150498 0.14935414288517673 170 image_000170.jpg
 42.611 444.518 9 21.046 459.051 52 24.353 452.001 91 51.464 464.149 108 73.084 263.024 130 39.508 454.975 184 212.723 340.105 328 219.309 337.384 336 223.786 335.341 386 8.327 452.390 498 60.748 289.736 603 61.110 391.057 610 234.584 356.074 618 212.338 325.154 642 58.858 422.084 643 176.151 331.426 644 60.403 403.921 645 18.887 463.534 669 106.065 393.881 767 97.094 395.378 768 53.677 460.831 773 89.342 403.377 774 111.452 420.435 775
235 0.9676067630410135 -0.04107545294746953 -0.24747670634922456 0.02837689425463882 -0.044565207075396546 -0.049220004216268105 -0.18283328601575013 235 image_000235.jpg
 284.485 502.793 9 257.458 538.833 10 252.183 545.011 11 17.217 504.853 20 288.493 525.281 22 162.644 483.287 35 75.297 320.975 78 47.790 495.367 87 198.473 510.615 90 252.972 511.458 105 70.964 506.138 106 70.964 506.138 107 21.794 324.368 133 96.649 506.826 146 241.178 512.115 183 281.864 513.746 184 49.681 488.167 209 117.026 505.233 261 111.328 511.535 333 14.144 508.371 354 74.607 509.919 355 202.458 558.938 360 42.804 487.930 366 168.755 539.230 372 438.176 361.148 386 437.581 353.713 390 194.061 335.950 393 65.492 509.596 495 240.578 548.500 526 9.071 513.764 557 72.190 477.666 561 148.173 508.547 563 449.494 379.938 618 418.587 407.148 619 432.582 339.454 632 421.819 372.668 633 444.999 437.353 634 439.071 328.303 638 19.753 508.386 648 256.577 514.906 649 23.687 302.994 698 439.071 328.303 726 30.474 279.201 771 439.306 417.175 772 191.418 510.171 797
17 0.9958975490714969 0.035253729907463074 -0.08297615421015446 0.0077585349168882685 0.1338907400838123 0.02926657728394831 0.23293560043345843 17 image_000017.jpg
 797.094 422.518 10 662.275 384.480 17 639.324 399.135 20 788.571 381.646 24 724.871 401.879 25 553.416 217.895 69 567.265 388.807 86 542.341 396.710 92 608.109 398.484 93 542.258 420.382 100 571.769 421.229 101 832.085 374.896 102 564.443 395.344 104 793.107 402.771 105 672.553 399.879 106 540.671 406.602 109 556.715 386.744 111 561.533 386.791 114 789.919 390.257 141 511.167 396.504 168 714.759 427.800 173 536.672 390.395 179 667.114 393.672 180 813.171 403.780 184 532.556 429.677 186 623.219 380.153 289 697.989 394.085 308 678.428 400.370 309 698.158 382.474 324 718.211 412.063 327 932.924 294.505 328 926.633 294.868 330 511.167 396.504 369 939.969 288.887 386 943.512 301.426 387 633.585 395.125 388 575.509 388.873 389 939.551 282.722 390 688.485 355.581 391 641.784 392.553 392
53 0.9914051911525635 -0.03586651187421128 -0.12475475292024116 0.01629674095287637 0.15181274748207974 0.0732753049342316 0.2831484320063181 53 image_000053.jpg
 715.589 577.151 10 569.865 490.545 16 615.890 567.214 30 615.890 567.214 31 541.528 544.251 85 483.780 554.128 92 544.526 555.620 93 483.488 576.464 100 511.050 577.121 101 745.011 532.916 102 706.853 538.811 103 711.936 558.353 105 603.037 556.379 107 739.371 564.935 108 481.812 563.541 109 602.893 562.300 115 657.893 578.062 116 458.916 426.617 132 617.753 432.471 142 602.296 431.825 143 591.905 431.617 144 617.141 556.551 146 454.448 554.028 168 478.386 547.959 179 703.737 559.126 183 483.432 582.672 185 474.454 584.721 186 549.334 532.225 288 485.094 427.400 301 591.606 549.750 307 635.410 433.308 313 672.465 434.538 316 672.465 434.538 317 832.146 460.386 328 826.575 459.963 329 826.575 459.963 330 578.947 513.339 331 575.963 514.233 337 454.448 554.028 369 539.475 581.902 374 837.484 450.346 390 617.400 515.235 391 575.048 549.723 392 505.677 547.371 396 727.835 564.187 520 548.332 489.263 531 603.208 568.425 547 585.133 398.525 601 848.208 469.944 618 824.152 486.895 619 578.975 493.719 620 621.264 526.265 621 728.633 577.208 622 602.423 539.853 623 572.704 408.534 624 585.097 407.633 625 630.911 425.785 626
194 0.9901271415090772 0.06150498806207197 0.125752619445744 -0.007187628801770483 -0.42733118754516325 -0.009797066590366693 0.1810553163247463 194 image_000194.jpg
 512.672 237.468 20 381.824 237.137 43 420.259 241.369 48 463.946 241.725 50 417.590 248.027 55 376.012 258.956 56 375.277 265.065 58 415.510 268.647 59 633.852 277.930 60 468.295 293.028 67 468.295 293.028 68 465.826 237.599 93 470.567 241.678 95 463.462 258.875 97 561.745 237.333 107 373.384 251.350 109 398.671 222.398 111 398.671 222.398 112 562.330 246.806 115 377.931 265.918 156 468.136 289.041 163 470.477 291.133 164 606.364 234.818 261 608.699 246.333 263 453.214 266.102 325 510.868 241.248 354 466.456 275.695 455 467.475 257.409 501 593.063 275.382 525 466.042 286.026 677 470.036 254.088 678
204 0.9888151647489493 0.05043801885670452 -0.14019358898071926 0.006806463807128955 0.24541737506718778 0.014023028287650188 0.274384115360767 204 image_000204.jpg
 633.505 356.250 20 773.769 338.251 24 713.740 358.483 25 538.146 334.450 26 661.158 344.454 38 535.763 340.900 83 599.724 343.269 85 562.501 346.180 86 742.307 358.951 90 602.915 355.407 93 605.439 358.308 95 567.633 378.413 101 813.231 332.252 102 773.769 338.251 103 778.733 359.322 105 664.270 357.068 106 551.891 343.961 111 551.891 343.961 112 557.108 343.568 113 557.108 343.568 114 664.140 363.188 115 653.924 221.689 144 660.914 222.052 145 678.752 357.246 146 507.938 353.501 168 597.186 358.140 171 770.205 359.683 183 797.382 360.316 184 608.089 331.088 288 597.020 364.313 299 652.079 349.775 307 646.390 221.351 312 739.556 225.667 316 624.231 337.736 319 562.231 342.144 320 713.740 358.483 332 652.079 349.775 335 645.912 231.166 378 535.763 340.900 380 691.126 223.519 381 565.715 335.803 382 525.039 350.875 384 657.061 356.826 385 570.598 346.177 389 732.502 231.026 393 633.987 328.353 532 603.009 339.364 533 577.924 286.598 560 580.681 199.910 565 542.673 341.483 599 749.674 342.598 607 807.569 310.602 610 628.291 343.778 611 561.906 332.550 628 659.007 338.843 631 539.810 179.540 680 701.269 345.774 717 593.303 284.046 721 565.317 224.953 740 511.820 344.602 761 541.899 286.641 765 561.913 380.158 770 562.186 328.059 793 520.391 301.432 794 561.749 298.144 796 767.962 346.980 798 524.752 306.604 799
91 0.9817550189793756 0.07990580117481622 -0.17151194752078686 0.01886257381892351 -0.10148614423146063 -0.0033285406330616045 -0.20854592266811894 91 image_000091.jpg
 126.726 230.914 20 414.765 263.751 22 14.023 228.127 48 20.515 228.386 49 68.739 231.750 50 382.482 256.005 52 341.178 45.177 71 185.110 26.691 72 42.248 9.187 75 176.742 25.787 78 209.618 33.765 81 157.693 222.029 87 76.826 232.172 95 68.091 249.635 97 375.044 247.114 105 181.847 234.342 107 193.287 22.378 143 186.135 21.791 145 259.607 290.148 162 77.343 285.346 164 135.973 290.285 165 226.159 35.650 175 362.585 247.372 183 33.225 208.496 205 33.225 208.496 206 158.691 214.056 209 150.573 220.062 218 236.935 246.928 231 229.864 234.961 261 321.910 37.570 316 321.910 37.570 317 170.753 223.384 347 124.263 234.781 354 23.117 231.235 356 285.803 273.655 372 370.668 283.020 373 236.886 27.874 381 583.749 77.861 386 583.634 68.906 390 308.389 45.024 393 67.353 234.588 431 20.295 233.534 432 278.607 244.298 435 324.627 247.164 436 273.990 41.252 474 124.197 221.871 488 129.092 234.917 492 70.120 236.962 497 358.943 249.807 499 113.452 28.821 556 262.771 240.076 563 559.860 132.669 619 587.180 168.962 634 119.311 234.409 647 129.092 234.917 648 378.849 250.966 649 240.785 279.999 650 369.609 52.645 651 288.511 241.383 652 226.159 35.650 653 591.079 39.702 654
82 0.8944382146745362 0.018019780185340357 -0.4414938825971376 0.06883836181891655 0.23197219548175585 0.029157853153326502 0.1612801303059876 82 image_000082.jpg
 17.824 414.279 22 11.057 399.223 184 216.735 246.777 328 24.825 308.284 379 229.258 239.754 386 233.933 259.130 387 228.994 230.180 390 184.350 244.005 407 34.001 318.181 610 22.525 401.707 612 26.153 132.672 639 90.078 346.558 640 101.340 371.742 641 215.614 226.644 642 33.819 358.036 643 187.479 234.003 644
15 0.9945458183943562 0.01223399058810986 -0.10279730901594253 0.01271436797133553 0.08152973531422142 0.029104010583805608 0.20918835598645866 15 image_000015.jpg
 696.131 423.017 24 463.124 417.471 26 584.824 314.925 72 632.690 317.105 74 468.962 309.409 79 522.531 426.350 85 664.574 442.233 90 462.236 436.028 92 696.131 423.017 103 700.280 442.711 105 461.000 445.502 109 631.339 313.879 110 476.385 426.710 111 481.142 426.597 113 481.142 426.597 114 586.394 445.664 115 520.052 440.558 171 471.781 424.031 178 719.520 444.241 184 452.430 467.465 186 574.816 433.098 307 563.160 395.613 331 635.846 441.464 332 610.923 443.022 333 662.675 430.170 334 574.816 433.098 335 559.505 396.697 337 619.214 417.850 338
128 0.989436981500097 -0.09554322329008078 -0.10899459719328339 0.0024767317298443688 0.2175945157933205 0.015353334048828889 0.03559934903739872 128 image_000128.jpg
 581.434 634.391 26 702.233 507.965 78 587.939 508.860 80 615.071 641.872 84 609.263 645.901 86 655.274 655.934 93 855.461 653.057 105 597.292 644.326 111 602.948 643.829 113 602.948 643.829 114 651.484 641.875 135 649.648 659.081 171 654.980 632.111 249 678.201 633.846 319 750.585 633.873 324 776.271 667.367 327 753.454 657.626 333 1000.617 521.693 336 651.780 688.979 374 578.578 641.830 380 575.784 636.694 383 691.394 647.749 392 685.617 662.480 557 836.448 616.044 615 689.464 476.715 625 994.264 501.981 632 883.511 607.633 645
152 0.9902429325831997 0.07140544906389192 -0.11953450672115346 0.005628433236040119 0.30595091087669307 -0.04478945302288535 0.29075006909441237 152 image_000152.jpg
 615.721 218.941 26 769.005 115.920 28 620.183 118.428 79 641.205 225.584 84 821.048 224.352 103 627.324 227.372 111 631.964 227.088 113 723.733 121.442 145 622.656 225.064 178 698.058 231.260 306 714.493 233.269 307 745.875 234.836 308 774.497 124.097 314 746.042 224.286 324 703.912 198.659 331 714.493 233.269 335 611.513 219.986 383 644.265 229.436 389 699.429 233.033 392 636.058 229.731 396 671.616 223.795 533 693.635 228.337 611 752.216 235.725 617 754.438 115.430 626 720.444 223.569 631 852.816 221.649 643 666.413 229.418 719 611.092 222.568 724 678.377 238.507 725 593.052 226.757 761 666.807 221.991 762
232 0.9951611884785291 0.027703819285252257 -0.0942671767682807 0.0006332358125840554 0.10665988954363942 0.038205801585837605 0.27989580317316304 232 image_000232.jpg
 516.637 363.914 26 635.268 371.525 38 514.147 369.722 83 544.971 370.576 84 539.898 374.192 86 516.985 381.622 92 578.331 382.354 93 517.221 403.778 100 749.989 383.256 105 638.355 382.473 106 638.355 382.473 107 515.459 391.362 109 530.221 372.244 111 575.553 371.091 135 746.938 371.749 141 653.923 256.996 142 652.897 382.581 146 593.468 382.670 170 573.500 412.472 174 711.806 261.447 285 642.354 407.535 321 874.614 281.678 328 869.112 281.714 329 869.112 281.714 330 686.793 383.660 332 573.637 408.406 374 547.265 374.125 389 879.855 271.493 390 714.900 263.838 476 614.401 382.764 535 638.366 394.691 546 638.366 394.691 547 558.882 243.196 553 866.047 309.452 619 637.854 366.065 623 878.575 258.801 636 880.496 252.488 638 537.178 330.912 722 586.027 382.770 725 880.496 252.488 726 628.331 364.195 746 740.845 371.536 798
214 0.9992344094891338 0.01809223415087847 0.027932216982391036 -0.020568450920760584 -0.12111977724887008 -0.027292161273562245 -0.2595818228292792 214 image_000214.jpg
 538.334 370.117 43 512.777 371.401 44 476.974 372.731 45 578.377 373.738 47 583.256 373.667 48 589.099 373.506 49 634.373 372.607 50 479.628 376.508 51 481.471 410.993 62 528.518 411.199 63 557.133 423.827 66 642.623 427.770 67 642.623 427.770 68 530.827 370.559 92 634.586 390.658 97 579.964 397.923 99 531.930 407.930 100 528.962 386.593 109 532.705 362.993 153 482.120 383.971 155 535.092 401.569 156 484.126 424.072 159 642.070 424.119 163 645.059 425.939 164 481.597 372.575 168 719.640 346.551 209 586.113 376.141 225 484.265 409.212 232 578.944 417.093 235 484.046 412.604 264 502.236 376.450 352 639.378 427.937 361 712.733 346.696 366 591.912 369.013 370 628.924 412.958 374 477.310 276.619 403 580.674 376.383 428 588.777 378.634 432 586.845 394.880 443 639.378 413.916 459 648.566 420.454 466 500.712 356.039 485 484.151 376.936 489 635.385 377.698 497 528.011 424.572 505 482.038 428.743 507 559.557 367.487 515 539.359 410.715 522 535.554 414.715 524 529.902 374.955 564 569.967 257.907 578 682.658 370.769 647 612.453 248.423 676 639.358 420.506 677
188 0.9980677996269051 0.02342574393786852 -0.05743748755819089 -0.0035808902158405652 0.08168664142491912 -0.012125523315232612 -0.06309488283001774 188 image_000188.jpg
 532.187 353.573 51 534.419 350.277 168 534.419 350.277 369 536.659 353.940 489
172 0.9933294850772619 0.021322315885882615 -0.11326468872196434 0.0036061328895442253 0.2196344879171857 0.022044089881572995 0.14707894635273036 172 image_000172.jpg
 650.792 290.233 77 827.598 390.757 102 580.285 404.327 114 739.777 437.616 116 695.116 291.949 166 619.252 446.175 174 663.473 290.768 276 636.825 398.350 289 774.532 439.527 310 691.141 447.990 322 539.642 244.717 323 658.611 371.961 331 655.612 372.579 337 619.438 442.661 374 663.715 296.972 378 659.026 383.727 478 612.837 449.505 543 599.356 350.143 560 872.332 395.706 641 700.878 294.455 653 672.765 397.053 746 584.670 440.091 770 618.824 196.652 776
113 0.9901209132333276 0.0817323768817659 0.11352884705064352 -0.009570621166404955 0.019296142139445888 -0.0016226842595000457 0.3438900116289437 113 image_000113.jpg

206 0.9989717382513484 -0.018272959579638627 -0.041491022077274155 0.00023083920633963065 0.05871441947523934 0.12180933643746977 0.6402761313344614 206 image_000206.jpg

135 0.9987593345540079 0.0293869963063055 -0.03788009671187951 -0.013464417478725631 0.03607104954001722 -0.04182755812862493 -0.37193309255395746 135 image_000135.jpg

