# 3D point list with one line of data per point:
#   POINT3D_ID, X, Y, Z, R, G, B, ERROR, TRACK[] as (IMAGE_ID, POINT2D_IDX)
# Number of points: 800, mean track length: 5.64
0 0.05209382612541615 -0.08973765948260759 1.0572894752303192 0 0 0 0.29 2 0 9 0 13 0 16 0 27 0 36 0 44 0 77 0 85 0 92 0 93 0 109 0 118 0 124 0 146 0 157 0 164 0 201 0 213 0 231 0 
1 0.08473489940610089 -0.08924390165697674 1.055651049933432 0 0 0 0.25 2 1 4 0 9 1 11 0 13 1 27 1 36 1 38 0 44 1 50 0 61 0 77 1 85 1 92 1 93 1 124 1 146 1 148 0 157 1 164 1 175 0 176 0 187 0 201 1 213 1 223 0 
2 0.11611791609420898 -0.08614495539869835 1.0530564287265085 0 0 0 0.19 2 2 4 1 9 2 11 1 13 2 28 0 44 2 50 1 61 1 77 2 85 2 92 2 98 0 109 1 110 0 124 2 146 2 157 2 164 2 175 1 176 1 187 1 201 2 213 2 223 1 234 0 
3 0.12055450763186297 -0.0861096421263208 1.0527597942141107 0 0 0 0.19 2 3 4 2 11 2 13 3 28 1 38 1 39 0 50 2 77 3 85 3 92 3 98 1 109 2 110 1 112 0 124 3 146 3 148 1 157 3 164 3 175 2 176 2 187 2 197 0 201 3 213 3 223 2 234 1 
4 0.07967436002704031 -0.08627419942365347 1.0544061507852724 0 0 0 0.3 2 4 9 3 13 4 50 3 77 4 124 4 164 4 187 3 201 4 
5 0.12780994715724334 -0.08353655428657418 1.0524542352607824 0 0 0 0.52 2 5 4 3 13 5 44 3 92 4 93 2 148 2 197 1 201 5 
6 0.12806588475467992 -0.08365282955558859 1.0527069225946832 0 0 0 0.24 2 6 13 6 28 2 44 4 92 5 93 3 187 4 201 6 
7 0.1388503504957679 -0.08307046831837024 1.0516471586772123 0 0 0 0.38 2 7 77 5 92 6 110 2 176 3 197 2 201 7 
8 0.21622697710927155 0.04710855169385322 1.02471693378838 0 0 0 0.26 2 8 9 4 13 7 50 4 158 0 201 8 
9 0.39080989593862864 0.058288487390939746 1.0225864241686076 0 0 0 0.3 2 9 11 3 44 5 77 6 85 4 165 0 170 0 201 9 235 0 
10 0.3670271112765466 0.0881627572277961 1.013227735330782 0 0 0 0.34 2 10 17 0 53 0 118 1 165 1 197 3 201 10 235 1 
11 0.36242188886177573 0.09304683645827073 1.0125929888553862 0 0 0 0.39 2 11 11 4 28 3 36 2 201 11 235 2 
12 0.13257877948098637 -0.08337461063843395 1.0515896632434587 0 0 0 0.19 2 12 4 4 9 5 11 5 13 8 28 4 36 3 39 1 44 6 50 5 77 7 85 5 92 7 93 4 98 2 109 3 124 5 146 4 148 3 157 4 175 3 176 4 187 5 201 12 213 4 234 2 
13 0.13257877948098637 -0.08337461063843395 1.0515896632434587 0 0 0 0.19 2 13 4 5 9 6 11 6 13 9 28 5 36 4 39 2 44 7 50 6 77 8 85 6 92 8 93 5 98 3 109 4 124 6 146 5 148 4 157 5 175 4 176 5 187 6 201 13 213 5 234 3 
14 0.1432048730699592 -0.08339553513005193 1.0519460658403519 0 0 0 0.46 2 14 28 6 39 3 112 1 124 7 158 1 197 4 201 14 234 4 
15 0.2352102052509757 -0.0814241616585949 1.0492300980477098 0 0 0 0.48 2 15 13 10 77 9 92 9 201 15 
16 0.1837922086979026 -0.014020139714666575 1.0390279954542514 0 0 0 0.46 2 16 4 6 53 1 85 7 112 2 124 8 201 16 
17 0.2112666273762079 0.04743164220226321 1.028209502436788 0 0 0 0.26 2 17 11 7 17 1 50 7 98 4 112 3 118 2 175 5 201 17 213 6 
18 0.25399370946635985 0.050327737064394265 1.0224163562247939 0 0 0 0.28 2 18 50 8 118 3 187 7 201 18 
19 0.21034044948334424 0.062283764411876316 1.0246353923527378 0 0 0 0.18 2 19 4 7 11 8 77 10 85 8 157 6 158 2 187 8 201 19 213 7 
20 0.1840842806027525 0.06357108885727253 1.020896053583348 0 0 0 0.28 2 20 4 8 11 9 13 11 17 2 27 2 28 7 44 8 77 11 85 9 91 0 92 10 93 6 109 5 110 3 118 4 124 9 146 6 157 7 164 5 165 2 176 6 187 9 194 0 197 5 201 20 204 0 213 8 223 3 234 5 235 3 
21 0.3704025260197721 0.06628647390889172 1.0165418989519581 0 0 0 0.32 44 9 92 11 165 3 201 21 234 6 
22 0.3946517859913043 0.07714075992270941 1.0190582699259536 0 0 0 0.3 2 21 11 10 44 10 50 9 61 2 77 12 82 0 91 1 148 5 197 6 201 22 235 4 
23 0.31932779155476215 -0.10609539693173127 1.0539984644840528 0 0 0 0.34 2 22 85 10 92 12 201 23 
24 0.3579805869791292 0.04210374329782213 1.0211046858815445 0 0 0 0.36 2 23 11 11 15 0 17 3 27 3 44 11 118 5 158 3 201 24 204 1 234 7 
25 0.2833318492282054 0.0657903140620395 1.0217928841576975 0 0 0 0.16 2 24 17 4 44 12 50 10 61 3 118 6 187 10 201 25 204 2 
26 0.07456876130385817 0.04059028609806449 1.0313889249132109 0 0 0 0.42 2 25 4 9 15 1 16 1 28 8 50 11 61 4 77 13 118 7 128 0 146 7 148 6 152 0 164 6 187 11 201 26 204 3 213 9 232 0 
27 0.07855429429355337 0.09096082988832925 1.0225165104521816 0 0 0 0.54 2 26 4 10 27 4 158 4 175 6 201 27 231 1 
28 0.2935028340268132 -0.09922081314517638 1.0550022701337929 0 0 0 1.01 2 27 92 13 152 1 201 28 
29 0.25707657977480036 0.08100245197293095 1.0185998691156957 0 0 0 0.42 2 28 44 13 201 29 
30 0.23765222990149776 0.07722512760566023 1.018251262385275 0 0 0 0.23 2 29 53 2 201 30 
31 0.23766211895688938 0.07715186250852475 1.018362573948376 0 0 0 0.28 2 30 50 12 53 3 124 10 201 31 
32 0.0896967251511376 -0.08668924303424318 1.054669621623613 0 0 0 0.24 4 11 11 12 16 2 28 9 109 6 112 4 146 8 201 32 
33 0.08949499737427664 -0.08655654752872108 1.0542271427964465 0 0 0 0.38 4 12 11 13 28 10 38 2 109 7 112 5 146 9 176 7 187 12 201 33 223 4 
34 0.11310030290506574 -0.016066729813421995 1.0417908507297775 0 0 0 0.18 4 13 13 12 44 14 92 14 112 6 124 11 146 10 175 7 176 8 187 13 201 34 213 10 223 5 231 2 234 8 
35 0.28943560880289027 0.044457603597170096 1.022481667475891 0 0 0 0.13 4 14 16 3 164 7 165 4 176 9 235 5 
36 0.05845592951438715 0.04691878208408487 1.0363567626301309 0 0 0 0.14 4 15 175 8 176 10 201 35 
37 0.062390755735034914 0.04710721367178195 1.0359494531048354 0 0 0 0.18 4 16 11 14 28 11 175 9 201 36 
38 0.2180468980291709 0.05023582664352434 1.022666237954643 0 0 0 0.27 4 17 50 13 98 5 176 11 187 14 201 37 204 4 213 11 232 1 
39 0.12818952897917774 0.05042139873635848 1.0313780293828088 0 0 0 0.24 4 18 38 3 201 38 231 3 
40 0.13228420708374855 0.050569409656433334 1.0310427892550653 0 0 0 0.25 4 19 77 14 146 11 148 7 201 39 
41 0.32700814683897894 0.05967352321905841 1.0156440957499784 0 0 0 0.17 4 20 148 8 201 40 
42 0.14935072562477208 0.057678046929638224 1.0207492401687217 0 0 0 0.21 4 21 11 15 13 13 112 7 176 12 201 41 213 12 234 9 
43 0.07916475803646013 0.062082560187393936 1.026940424131822 0 0 0 0.29 4 22 11 16 28 12 38 4 110 4 194 1 201 42 213 13 214 0 
44 0.06100277445477325 0.06228020370972599 1.031238019176421 0 0 0 0.18 4 23 16 4 146 12 157 8 214 1 
45 0.035641375381476235 0.06207611304737354 1.0287962198754714 0 0 0 0.24 4 24 11 17 16 5 28 13 38 5 50 14 77 15 85 11 92 15 146 13 148 9 157 9 164 8 175 10 201 43 213 14 214 2 231 4 
46 0.10719597054004086 0.06565373619253234 1.0245374486422396 0 0 0 0.08 4 25 38 6 85 12 
47 0.10721585140568331 0.0656581402488973 1.0252662425621313 0 0 0 0.12 4 26 38 7 146 14 201 44 214 3 
48 0.11052033337317944 0.06564179024336017 1.0246870343198067 0 0 0 0.13 4 27 11 18 16 6 28 14 85 13 91 2 92 16 109 8 146 15 148 10 164 9 176 13 187 15 194 2 201 45 213 15 214 4 223 6 234 10 
49 0.11470343616757278 0.06561951312749315 1.0243725749465986 0 0 0 0.17 4 28 13 14 38 8 77 16 85 14 91 3 109 9 110 5 146 16 176 14 187 16 197 7 201 46 213 16 214 5 223 7 
50 0.14598923886364654 0.06623269937458391 1.021916457676789 0 0 0 0.17 4 29 13 15 36 5 38 9 85 15 91 4 109 10 110 6 148 11 176 15 187 17 194 3 201 47 213 17 214 6 234 11 
51 0.037245654961665806 0.0647265607723646 1.0295605028205246 0 0 0 0.32 4 30 9 7 16 7 28 15 38 10 44 15 50 15 92 17 93 7 110 7 124 12 146 17 157 10 175 11 188 0 201 48 213 18 214 7 
52 0.36822752055730834 0.07210417483652155 1.016164323194947 0 0 0 0.39 85 16 91 5 92 18 170 1 201 49 
53 0.2540287164984705 0.0723981444532359 1.0196203439553404 0 0 0 0.19 4 31 11 19 28 16 98 6 124 13 148 12 157 11 165 5 175 12 187 18 201 50 213 19 
54 0.1547576586415 0.07084750021913395 1.0204859932540609 0 0 0 0.09 4 32 11 20 201 51 234 12 
55 0.10822827787201689 0.07098045184953271 1.0248756322191266 0 0 0 0.34 4 33 28 17 77 17 176 16 194 4 201 52 
56 0.07437888517202156 0.0785947851155757 1.0254344609155965 0 0 0 0.26 4 34 11 21 28 18 38 11 110 8 146 18 194 5 201 53 223 8 
57 0.0764101041826699 0.07899199289872418 1.0250568093118846 0 0 0 0.11 4 35 28 19 164 10 187 19 201 54 
58 0.07390518421616316 0.08339397168526454 1.0244991818882705 0 0 0 0.24 4 36 11 22 28 20 77 18 110 9 148 13 194 6 201 55 223 9 
59 0.10681327254298933 0.08595158182972179 1.021955707147901 0 0 0 0.24 4 37 28 21 77 19 110 10 146 19 194 7 201 56 
60 0.27534840942342553 0.09421768309731418 1.017938795809832 0 0 0 0.36 4 38 11 23 28 22 85 17 109 11 124 14 148 14 175 13 194 8 201 57 213 20 
61 0.1543657561282225 0.09102631861115708 1.0170752018321982 0 0 0 0.17 4 39 38 12 109 12 146 20 
62 0.03791296866283299 0.08916509767529301 1.0256381222987017 0 0 0 0.24 4 40 16 8 38 13 85 18 92 19 110 11 213 21 214 8 231 5 
63 0.07124684332239367 0.09022923980884597 1.0234737919944672 0 0 0 0.29 4 41 11 24 16 9 27 5 28 23 38 14 110 12 187 20 201 58 213 22 214 9 
64 0.0686845353405578 0.09118525404987644 1.0232500806046687 0 0 0 0.29 4 42 11 25 16 10 92 20 148 15 213 23 
65 0.139005882489835 0.09701505208260348 1.0187351443730863 0 0 0 0.41 4 43 28 24 187 21 197 8 201 59 213 24 
66 0.09099870438821481 0.1000583100156958 1.0252532374540668 0 0 0 0.3 4 44 28 25 109 13 110 13 201 60 214 10 
67 0.1498347096956891 0.104295891703125 1.0152825160289434 0 0 0 0.24 4 45 28 26 85 19 109 14 110 14 146 21 194 9 201 61 213 25 214 11 
68 0.1498340258226032 0.10429873687116485 1.0153226274406433 0 0 0 0.23 4 46 28 27 85 20 109 15 110 15 146 22 187 22 194 10 201 62 213 26 214 12 
69 0.08817844673387301 -0.1363823116983919 1.058399683658327 0 0 0 0.5 4 47 9 8 17 5 39 4 44 16 77 20 124 15 146 23 157 12 164 11 201 63 213 27 223 10 
70 0.11352210097421386 -0.12651162997702617 1.0562520466076322 0 0 0 0.26 4 48 28 28 39 5 98 7 146 24 157 13 176 17 187 23 201 64 
71 0.3364953395136876 -0.08293086701053612 1.0460112241971036 0 0 0 0.42 4 49 9 9 91 6 92 21 197 9 201 65 
72 0.22315570787992198 -0.08437229803420822 1.050353601179505 0 0 0 0.22 4 50 13 16 15 2 28 29 91 7 92 22 98 8 118 8 148 16 176 18 201 66 213 28 234 13 
73 0.2828476919911349 -0.08330149534220149 1.0477127447389432 0 0 0 0.24 4 51 13 17 28 30 197 10 201 67 234 14 
74 0.2828163437326682 -0.08330190498838604 1.0476775727644738 0 0 0 0.27 4 52 13 18 15 3 27 6 28 31 201 68 234 15 
75 0.12656998435427147 -0.08602904640770667 1.0521641609322676 0 0 0 0.31 4 53 9 10 13 19 28 32 50 16 77 21 85 21 91 8 92 23 93 8 98 9 109 16 124 16 146 25 157 14 175 14 187 24 201 69 213 29 223 11 234 16 
76 0.16847179777305454 -0.08528401689402115 1.0519970991351777 0 0 0 0.23 4 54 9 11 13 20 28 33 39 6 44 17 61 5 85 22 92 24 93 9 109 17 124 17 164 12 176 19 187 25 201 70 213 30 223 12 234 17 
77 0.18931053727315036 -0.08501229570899604 1.0522373630552055 0 0 0 0.4 4 55 13 21 27 7 92 25 118 9 172 0 201 71 223 13 
78 0.2177252366601983 -0.08443857637798839 1.050505167817858 0 0 0 0.42 4 56 9 12 11 26 13 22 44 18 85 23 91 9 109 18 128 1 164 13 165 6 175 15 201 72 213 31 223 14 235 6 
79 0.0823934705360489 -0.08610178928359404 1.054136314005378 0 0 0 0.33 4 57 9 13 11 27 13 23 15 4 16 11 28 34 36 6 38 15 39 7 44 19 50 17 61 6 77 22 92 26 109 19 110 16 112 8 118 10 146 26 152 2 158 5 175 16 176 20 201 73 213 32 223 15 
80 0.09176701336282014 -0.0842741644868575 1.054738099501549 0 0 0 0.36 4 58 11 28 28 35 77 23 85 24 92 27 109 20 110 17 112 9 118 11 128 2 148 17 157 15 176 21 201 74 213 33 
81 0.24046655480746298 -0.08120288811979373 1.0496771794702702 0 0 0 0.5 4 59 13 24 85 25 91 10 92 28 124 18 148 18 164 14 165 7 201 75 213 34 223 16 
82 0.14638892650225424 0.047782829790344455 1.0223837331061774 0 0 0 0.2 4 60 9 14 11 29 13 25 28 36 44 20 50 18 61 7 92 29 98 10 112 10 146 27 175 17 176 22 187 26 197 11 201 76 213 35 234 18 
83 0.07065148454488676 0.04765017254648348 1.0274893621165915 0 0 0 0.12 4 61 11 30 204 5 213 36 232 2 
84 0.10760665887454654 0.048603674370891234 1.027062940620904 0 0 0 0.29 4 62 9 15 44 21 128 3 152 3 176 23 201 77 232 3 
85 0.14454831239244886 0.04941334777415513 1.0238695262541415 0 0 0 0.26 4 63 11 31 13 26 15 5 28 37 44 22 53 4 92 30 98 11 112 11 118 12 146 28 176 24 187 27 201 78 204 6 234 19 
86 0.10259908064288778 0.05335137124690473 1.030028476109665 0 0 0 0.27 4 64 9 16 11 32 16 12 17 6 27 8 44 23 50 19 61 8 77 24 93 10 118 13 128 4 164 15 201 79 204 7 232 4 
87 0.20510623223674534 0.056428042427024115 1.026400926473301 0 0 0 0.26 4 65 9 17 28 38 44 24 91 11 112 12 146 29 157 16 164 16 165 8 175 18 187 28 201 80 213 37 235 7 
88 0.35756164459702006 0.06571720460379969 1.016702553423603 0 0 0 0.34 11 33 28 39 61 9 77 25 85 26 92 31 148 19 164 17 165 9 201 81 
89 0.29312328275298744 0.06528597424709096 1.018801043195459 0 0 0 0.15 28 40 110 18 148 20 164 18 187 29 201 82 
90 0.3189825474838561 0.0659575999880258 1.0210022900970406 0 0 0 0.23 4 66 15 6 77 26 164 19 165 10 176 25 201 83 204 8 213 38 235 8 
91 0.36951686764772096 0.06614950202462651 1.0154836408488699 0 0 0 0.15 27 9 50 20 170 2 201 84 
92 0.07377298059538373 0.062050070311257755 1.0265487282173265 0 0 0 0.25 4 67 9 18 11 34 15 7 16 13 17 7 28 41 38 16 44 25 53 5 77 27 85 27 118 14 146 30 148 21 176 26 187 30 197 12 201 85 213 39 214 13 231 6 232 5 
93 0.14762733235904152 0.06316717722149598 1.0216365122269566 0 0 0 0.29 4 68 11 35 17 8 27 10 28 42 53 6 77 28 109 21 118 15 128 5 146 31 164 20 176 27 187 31 194 11 197 13 201 86 204 9 213 40 232 6 
94 0.0686299336185054 0.06212296833570654 1.0276567258465443 0 0 0 0.35 4 69 11 36 28 43 44 26 112 13 124 19 146 32 157 17 175 19 187 32 201 87 213 41 231 7 
95 0.15113194317375758 0.06627222248846985 1.0214337184066433 0 0 0 0.32 4 70 28 44 38 17 77 29 91 12 109 22 118 16 148 22 176 28 187 33 194 12 197 14 201 88 204 10 213 42 234 20 
96 0.14570024822459604 0.07332824504169574 1.0213438210306618 0 0 0 0.25 4 71 11 37 77 30 92 32 109 23 110 19 201 89 213 43 223 17 
97 0.14553606865123678 0.07874753992868025 1.0202510505931133 0 0 0 0.28 4 72 11 38 28 45 38 18 77 31 91 13 109 24 110 20 194 13 201 90 214 14 223 18 234 21 
98 0.10462170533641063 0.07897104554693314 1.0233515907808215 0 0 0 0.2 4 73 11 39 28 46 201 91 223 19 
99 0.10749726169388915 0.08273588985821177 1.0226360229172002 0 0 0 0.38 4 74 11 40 28 47 36 7 77 32 85 28 92 33 110 21 176 29 187 34 201 92 213 44 214 15 223 20 234 22 
100 0.0738911902609212 0.08809288335294507 1.0239648484657238 0 0 0 0.18 4 75 11 41 16 14 17 9 28 48 53 7 77 33 110 22 118 17 146 33 148 23 214 16 223 21 232 7 
101 0.10680934467579614 0.08881885978560648 1.0219938224693632 0 0 0 0.33 4 76 11 42 17 10 38 19 53 8 77 34 92 34 110 23 118 18 164 21 204 11 223 22 
102 0.41834795647227196 0.03519426284218173 1.0371462979911688 0 0 0 0.17 9 19 11 43 17 11 53 9 92 35 172 1 201 93 204 12 
103 0.35852532694557043 0.041960400297560665 1.0217774999723273 0 0 0 0.14 15 8 53 10 152 4 201 94 204 13 
104 0.09853249509286538 0.06032458024542341 1.0286967896247023 0 0 0 0.29 4 77 17 12 27 11 118 19 176 30 201 95 
105 0.36231041609793646 0.06574366402926171 1.0158394324729814 0 0 0 0.22 11 44 15 9 17 13 27 12 28 49 53 11 77 35 91 14 92 36 118 20 128 6 148 24 165 11 197 15 201 96 204 14 232 8 234 23 235 9 
106 0.22152826264276748 0.06396207230081832 1.0201497249739384 0 0 0 0.24 4 78 11 45 17 14 27 13 28 50 77 36 92 37 146 34 165 12 187 35 201 97 204 15 213 45 223 23 232 9 234 24 235 10 
107 0.22164172067139024 0.0639827256144608 1.0203111413009436 0 0 0 0.22 4 79 11 46 27 14 28 51 53 12 77 37 85 29 91 15 92 38 109 25 110 24 118 21 146 35 148 25 164 22 165 13 176 31 187 36 194 14 201 98 223 24 232 10 234 25 235 11 
108 0.4023434821646154 0.0739651802682085 1.0204882726316598 0 0 0 0.35 11 47 44 27 50 21 53 13 61 10 77 38 118 22 158 6 170 3 175 20 201 99 
109 0.07209441628522728 0.07291450720734534 1.026193408723757 0 0 0 0.28 4 80 11 48 15 10 16 15 17 15 27 15 28 52 53 14 77 39 85 30 118 23 146 36 148 26 164 23 176 32 194 15 213 46 214 17 223 25 232 11 
110 0.28195129697023913 -0.08752818741874578 1.0492297493355327 0 0 0 0.43 4 81 11 49 15 11 61 11 98 12 146 37 148 27 201 100 
111 0.0910774010302449 0.051363375175511664 1.0330286170118648 0 0 0 0.21 4 82 15 12 16 16 17 16 50 22 61 12 77 40 85 31 109 26 110 25 112 14 118 24 128 7 146 38 152 5 158 7 176 33 194 16 204 16 213 47 232 12 
112 0.09117233168508962 0.05129900575421412 1.0328357890258977 0 0 0 0.09 4 83 16 17 50 23 175 21 176 34 194 17 201 101 204 17 
113 0.09644410515258567 0.050640686386034965 1.0302734463975234 0 0 0 0.32 4 84 11 50 15 13 16 18 28 53 50 24 61 13 98 13 110 26 112 15 118 25 128 8 146 39 152 6 158 8 175 22 176 35 187 37 201 102 204 18 234 26 
114 0.09643544141690766 0.05068740491810144 1.0302911071264413 0 0 0 0.37 4 85 11 51 13 27 15 14 16 19 17 17 28 54 38 20 50 25 61 14 110 27 112 16 118 26 128 9 146 40 158 9 172 2 175 23 176 36 187 38 201 103 204 19 
115 0.22177271120502043 0.07138363502415203 1.0204609390898558 0 0 0 0.31 4 86 11 52 15 15 28 55 53 15 77 41 118 27 187 39 194 18 201 104 204 20 213 48 234 27 
116 0.29168586252195305 0.0899092960975044 1.0155640261757648 0 0 0 0.35 4 87 11 53 27 16 53 16 77 42 85 32 172 3 197 16 201 105 213 49 234 28 
117 0.041849401027483274 -0.09221786190263914 1.0583472209261873 0 0 0 0.18 9 20 13 28 201 106 
118 0.09349874934369419 -0.08890510011806005 1.0545758448326479 0 0 0 0.34 9 21 13 29 44 28 50 26 92 39 98 14 124 20 146 41 175 24 176 37 187 40 201 107 223 26 234 29 
119 0.13129401522047698 -0.08603241434556269 1.0518851420500137 0 0 0 0.16 9 22 13 30 39 8 44 29 92 40 93 11 98 15 124 21 175 25 201 108 
120 0.11289352697553501 -0.0863635834509151 1.0529765562732978 0 0 0 0.26 9 23 13 31 28 56 39 9 92 41 93 12 109 27 110 28 187 41 201 109 
121 0.11009486265116175 -0.08611753647878514 1.0520144859863718 0 0 0 0.4 9 24 13 32 92 42 93 13 201 110 
122 0.07375782504915747 -0.08384543424021894 1.0540329775566069 0 0 0 0.17 9 25 13 33 201 111 
123 0.12767457568408214 -0.021989115043094535 1.0423705055650307 0 0 0 0.24 9 26 13 34 28 57 98 16 124 22 146 42 157 18 164 24 175 26 176 38 201 112 
124 0.17095526141140907 -0.01856383680289742 1.0413693623152271 0 0 0 0.55 9 27 201 113 223 27 
125 0.266938948360292 0.03697010712684158 1.0252344691727993 0 0 0 0.15 9 28 175 27 201 114 
126 0.04101436882762506 0.03609724347922705 1.0340824984860972 0 0 0 0.18 9 29 109 28 176 39 201 115 231 8 
127 0.25676973791489843 0.053657027555421434 1.0194950021175373 0 0 0 0.16 9 30 175 28 187 42 201 116 
128 0.3343219868997869 0.07144900328206781 1.0178549810257878 0 0 0 0.31 9 31 124 23 175 29 201 117 
129 0.2069779913594274 -0.15212975960649439 1.060488788433795 0 0 0 0.19 9 32 13 35 92 43 201 118 
130 0.4032715439431778 -0.10548116834872001 1.0477939516413357 0 0 0 0.37 9 33 92 44 170 4 201 119 
131 0.24058737250132112 -0.08133137039986492 1.0501318773210098 0 0 0 0.49 9 34 11 54 13 36 44 30 61 15 85 33 92 45 93 14 146 43 148 28 165 14 176 40 201 120 223 28 
132 0.0467857035252766 -0.09001110810174152 1.0578445723103183 0 0 0 0.33 9 35 13 37 16 20 50 27 53 17 92 46 93 15 124 24 201 121 231 9 
133 0.17876030924406544 -0.0775540604304129 1.051150771285214 0 0 0 0.23 9 36 28 58 36 8 124 25 187 43 197 17 201 122 213 50 235 12 
134 0.3895228774776019 0.046716130687774686 1.0279007233829744 0 0 0 0.12 9 37 36 9 201 123 
135 0.14462061554850633 0.04938094765549758 1.0240738553986914 0 0 0 0.32 9 38 112 17 118 28 124 26 128 10 146 44 201 124 232 13 
136 0.3644074824053452 0.09043344722602192 1.012872874270254 0 0 0 0.45 9 39 36 10 44 31 175 30 201 125 
137 0.37426208530120547 -0.14309669184062923 1.0834218505976885 0 0 0 0.35 9 40 36 11 44 32 61 16 92 47 118 29 124 27 201 126 
138 0.40294075062990603 -0.12190994698773264 1.052569567717585 0 0 0 0.26 9 41 92 48 201 127 
139 0.07988622398103128 -0.12494138926716145 1.0607657704367832 0 0 0 0.36 9 42 109 29 201 128 
140 0.1517132271104141 -0.08323646641447671 1.0511284913985877 0 0 0 0.2 9 43 13 38 61 17 92 49 124 28 146 45 201 129 
141 0.3595102908609132 0.05161006478849244 1.0196822224911055 0 0 0 0.29 9 44 17 18 44 33 50 28 77 43 197 18 201 130 232 14 
142 0.2487992033010049 -0.0878382652109004 1.0494110530747571 0 0 0 0.39 9 45 13 39 50 29 53 18 92 50 201 131 232 15 
143 0.22894559410793608 -0.08837053456883755 1.0517045203369395 0 0 0 0.26 9 46 13 40 27 17 53 19 77 44 91 16 92 51 118 30 124 29 197 19 201 132 213 51 
144 0.21549617869109403 -0.0881456274888372 1.0515783034111041 0 0 0 0.2 9 47 13 41 28 59 53 20 61 18 92 52 176 41 197 20 201 133 204 21 234 30 
145 0.22355037777547906 -0.08806002176504843 1.0513262532041816 0 0 0 0.2 9 48 13 42 27 18 61 19 91 17 92 53 109 30 152 7 164 25 176 42 197 21 201 134 204 22 234 31 
146 0.24046533127332465 0.06417162373457963 1.0226313893343657 0 0 0 0.23 9 49 53 21 201 135 204 23 232 16 235 13 
147 0.0585460211121892 -0.08408961101291282 1.0550892559174745 0 0 0 0.24 11 55 27 19 77 45 148 29 201 136 
148 0.05865641758473981 -0.08418384194070475 1.055418790871094 0 0 0 0.29 11 56 77 46 201 137 
149 0.08335885520131488 0.05120015473548885 1.0298087595869108 0 0 0 0.25 11 57 13 43 16 21 28 60 50 30 98 17 124 30 146 46 157 19 175 31 176 43 187 44 197 22 201 138 213 52 231 10 
150 0.06259149547882419 0.0554795103703642 1.0355387818060988 0 0 0 0.1 11 58 146 47 201 139 
151 0.06260963504644752 0.055485128124231245 1.0354747143587688 0 0 0 0.13 11 59 146 48 175 32 201 140 
152 0.0643613579461514 0.056446311880276545 1.0344801405992468 0 0 0 0.11 11 60 16 22 124 31 146 49 157 20 175 33 187 45 201 141 213 53 231 11 
153 0.07549636046804051 0.0567423205711124 1.0254885654306916 0 0 0 0.26 11 61 13 44 16 23 38 21 92 54 112 18 146 50 187 46 201 142 214 18 
154 0.06759438416468597 0.0653855516182823 1.0276203434749493 0 0 0 0.26 11 62 98 18 201 143 231 12 
155 0.03904543284296674 0.07011970909743694 1.0297100671538102 0 0 0 0.17 11 63 16 24 124 32 157 21 175 34 201 144 213 54 214 19 231 13 
156 0.07622125729616042 0.08385210872248396 1.0238000675740255 0 0 0 0.21 11 64 38 22 85 34 194 19 214 20 
157 0.2878901557078817 0.08692237292531703 1.015925553020902 0 0 0 0.41 11 65 148 30 201 145 223 29 
158 0.2954827189080089 0.09349012258612766 1.0141212620916171 0 0 0 0.43 11 66 28 61 77 47 201 146 223 30 
159 0.03971022235160608 0.09810207245400927 1.0242708321783953 0 0 0 0.21 11 67 16 25 28 62 38 23 93 16 146 51 175 35 201 147 213 55 214 21 
160 0.22060922278043518 0.09949833349426923 1.0155823940277096 0 0 0 0.2 11 68 28 63 187 47 201 148 213 56 
161 0.07090588650026015 0.1016373886402179 1.0216210257093397 0 0 0 0.03 11 69 201 149 213 57 
162 0.2777095295649524 0.10172219891292261 1.0173589774666978 0 0 0 0.24 11 70 91 18 109 31 175 36 201 150 
163 0.14969341519851664 0.10151860132296485 1.0156560479178307 0 0 0 0.27 11 71 28 64 77 48 109 32 110 29 187 48 194 20 201 151 213 58 214 22 223 31 
164 0.15170631669616072 0.10291180882500563 1.0151384998371462 0 0 0 0.21 11 72 91 19 110 30 187 49 194 21 201 152 213 59 214 23 234 32 
165 0.19070300973904245 0.10500617402460352 1.0148422121847067 0 0 0 0.31 11 73 91 20 201 153 
166 0.24593325881863373 -0.08376126330199132 1.0490762539675111 0 0 0 0.25 11 74 13 45 28 65 50 31 124 33 146 52 148 31 157 22 164 26 172 4 175 37 187 50 201 154 213 60 
167 0.21597159147323916 0.053004214457196754 1.0239507781153914 0 0 0 0.23 11 75 28 66 44 34 50 32 61 20 77 49 118 31 157 23 158 10 176 44 187 51 197 23 201 155 213 61 
168 0.0390948837082276 0.06214417122683301 1.0287712228722325 0 0 0 0.33 11 76 16 26 17 19 28 67 50 33 53 22 61 21 92 55 118 32 124 34 146 53 157 24 175 38 188 1 201 156 204 24 213 62 214 24 231 14 
169 0.3887715830303911 0.06220540144841978 1.021739254308919 0 0 0 0.21 11 77 28 68 50 34 201 157 
170 0.16729088248016108 0.06394529897855239 1.025031520608132 0 0 0 0.15 11 78 28 69 176 45 201 158 232 17 234 33 
171 0.1413473651858731 0.06614836757503337 1.0223249990254486 0 0 0 0.18 11 79 15 16 27 20 61 22 128 11 176 46 204 25 
172 0.10815156370311003 0.0767729034268758 1.0238456907573066 0 0 0 0.4 11 80 13 46 92 56 201 159 213 63 
173 0.27117384252287047 0.09561269336750859 1.0178007776535583 0 0 0 0.27 11 81 17 20 28 70 175 39 201 160 234 34 
174 0.14069064340511558 0.09857381446694892 1.016448186882053 0 0 0 0.27 11 82 28 71 36 12 110 31 146 54 172 5 187 52 197 24 201 161 213 64 232 18 234 35 
175 0.25203901291165076 -0.0809537103059096 1.0480677016439424 0 0 0 0.33 11 83 27 21 91 21 112 19 157 25 165 15 201 162 
176 0.08509020763345315 -0.012904600926798473 1.0458397043858907 0 0 0 0.38 11 84 13 47 50 35 118 33 124 35 146 55 157 26 201 163 213 65 231 15 
177 0.20148239583047767 0.04698757731355036 1.0281611548438487 0 0 0 0.11 11 85 112 20 146 56 201 164 213 66 
178 0.0851463439368668 0.04853391228303345 1.0339153851328238 0 0 0 0.27 11 86 15 17 50 36 146 57 152 8 158 11 175 40 201 165 
179 0.06826173773789908 0.055553100008754304 1.030520507875101 0 0 0 0.28 11 87 17 21 44 35 53 23 157 27 201 166 213 67 
180 0.21589261912065932 0.05741015761609696 1.0233241933052735 0 0 0 0.18 11 88 17 22 77 50 118 34 146 58 201 167 213 68 
181 0.13990143634907773 0.06459859020768409 1.026574005889794 0 0 0 0.4 11 89 27 22 201 168 213 69 
182 0.17745351081688837 0.06464335155116513 1.0241857508260934 0 0 0 0.35 11 90 176 47 201 169 
183 0.35351107412764565 0.06654518046738574 1.0191195029186182 0 0 0 0.23 11 91 28 72 53 24 91 22 118 35 165 16 175 41 201 170 204 26 235 14 
184 0.3881300908337132 0.06719354216265555 1.0196818800196452 0 0 0 0.34 11 92 15 18 17 23 27 23 44 36 50 37 82 1 165 17 170 5 197 25 201 171 204 27 234 36 235 15 
185 0.07379930308036836 0.09533377200457593 1.0223923735116434 0 0 0 0.19 11 93 38 24 53 25 148 32 
186 0.06346565418845214 0.0984916530402433 1.0264308352325615 0 0 0 0.32 11 94 15 19 17 24 44 37 53 26 118 36 124 36 146 59 
187 0.18531546548654415 0.07673525162602263 1.0206871905835404 0 0 0 0.31 11 95 13 48 109 33 201 172 234 37 
188 0.04701506124367331 -0.14886000917475353 1.0600218603617013 0 0 0 0.19 13 49 109 34 112 21 
189 0.14604589230768447 -0.15019073460768537 1.0614593628825593 0 0 0 0.29 13 50 39 10 201 173 
190 0.07921343768198115 -0.10554528439570854 1.0610105566941486 0 0 0 0.12 13 51 124 37 201 174 
191 0.038882870918179616 -0.09774538046542648 1.0584633792257137 0 0 0 0.34 13 52 39 11 124 38 146 60 201 175 
192 0.12156191240116115 -0.08879351377658679 1.0540771030969054 0 0 0 0.3 13 53 124 39 175 42 201 176 
193 0.16302516359422994 -0.08900361476859495 1.051021181209753 0 0 0 0.18 13 54 39 12 201 177 
194 0.14558220909373548 -0.08766366042672116 1.0511440191228842 0 0 0 0.2 13 55 39 13 175 43 201 178 
195 0.074433917882211 -0.08151286109306952 1.0523300612867839 0 0 0 0.26 13 56 124 40 201 179 
196 0.2503308592797741 0.03798344687588538 1.0324004383932748 0 0 0 0.14 13 57 112 22 146 61 157 28 175 44 201 180 
197 0.07320691285867857 0.04461983716419986 1.0273732269599374 0 0 0 0.25 13 58 28 73 98 19 112 23 146 62 175 45 201 181 213 70 
198 0.2510194044061523 0.03940759403992481 1.0303676238606934 0 0 0 0.11 13 59 112 24 201 182 
199 0.2163303631679848 0.04187818556636954 1.0323365997334935 0 0 0 0.14 13 60 187 53 201 183 
200 0.09438091317354144 0.04730427099990455 1.032387026722349 0 0 0 0.38 13 61 28 74 93 17 124 41 175 46 187 54 201 184 231 16 
201 0.24943228659259248 0.043312939234272735 1.0268630935275633 0 0 0 0.11 13 62 124 42 201 185 
202 0.09471451086875556 0.04917143382639127 1.0314445113612223 0 0 0 0.21 13 63 124 43 146 63 175 47 187 55 201 186 231 17 
203 0.074963439849491 0.05053006064594257 1.0259800917171775 0 0 0 0.29 13 64 16 27 28 75 112 25 201 187 
204 0.23516726431385035 0.047372626713668875 1.0256414012875854 0 0 0 0.13 13 65 124 44 201 188 
205 0.12301561007750877 0.0519352795457936 1.0241966176083517 0 0 0 0.69 13 66 91 23 124 45 201 189 
206 0.12312071349671096 0.051887601397843396 1.0242719417764012 0 0 0 0.61 13 67 91 24 124 46 176 48 201 190 231 18 
207 0.19021371381600702 0.05050091215307022 1.0222356892346514 0 0 0 0.42 13 68 112 26 201 191 
208 0.09520041536910608 0.05324508204522109 1.0313965277738506 0 0 0 0.22 13 69 28 76 98 20 124 47 175 48 187 56 201 192 
209 0.20605795392639192 0.050686844055788105 1.02695784933662 0 0 0 0.23 13 70 91 25 157 29 165 18 201 193 213 71 214 25 235 16 
210 0.206078517705278 0.050756924748311 1.0269790411678021 0 0 0 0.12 13 71 124 48 201 194 
211 0.16161773883601233 0.05330495870387868 1.0276361185198004 0 0 0 0.13 13 72 175 49 201 195 
212 0.1686050756129515 0.053439569925238954 1.027969641935441 0 0 0 0.14 13 73 175 50 201 196 
213 0.17218296495189553 0.053492041318754416 1.028229803260234 0 0 0 0.1 13 74 175 51 201 197 
214 0.17218296495189553 0.053492041318754416 1.028229803260234 0 0 0 0.1 13 75 175 52 201 198 
215 0.08061248092607332 0.05653182542106159 1.0274588299930658 0 0 0 0.21 13 76 175 53 176 49 187 57 201 199 
216 0.25828892672579995 0.05208656667262592 1.0193965778308902 0 0 0 0.06 124 49 175 54 201 200 
217 0.13966427184187624 0.05604497204693219 1.0296282405929866 0 0 0 0.17 13 77 124 50 201 201 
218 0.20061994244355294 0.055306547224407816 1.0279529127419094 0 0 0 0.26 13 78 91 26 112 27 201 202 213 72 
219 0.1377392340940249 0.057359494085059956 1.0285531724767467 0 0 0 0.16 13 79 124 51 146 64 201 203 
220 0.1515986074792152 0.05932560563147192 1.020063961246724 0 0 0 0.21 13 80 93 18 112 28 201 204 
221 0.20544845531282452 0.05929996150225416 1.0260549618916892 0 0 0 0.13 13 81 93 19 201 205 
222 0.22485467692019737 0.0604947600420339 1.0186839348269012 0 0 0 0.13 13 82 112 29 201 206 
223 0.19644893148238024 0.06196712324975881 1.022019640650202 0 0 0 0.3 13 83 112 30 176 50 201 207 
224 0.2242796468412825 0.06180646026795421 1.0195853539226343 0 0 0 0.15 28 77 187 58 201 208 213 73 
225 0.11258120368243672 0.06742084437280199 1.0237583232117629 0 0 0 0.16 13 84 28 78 38 25 109 35 146 65 201 209 213 74 214 26 
226 0.07551434782361738 0.06858532121528171 1.0262398809453075 0 0 0 0.08 13 85 28 79 93 20 98 21 187 59 201 210 231 19 
227 0.2604238352225593 0.06765912182977764 1.0198635826568296 0 0 0 0.27 28 80 85 35 124 52 175 55 187 60 201 211 223 32 
228 0.1476884954413036 0.07138238567653578 1.0210076504244683 0 0 0 0.05 13 86 124 53 201 212 
229 0.2592608026889229 0.06930154237054025 1.0198276591426207 0 0 0 0.19 28 81 175 56 187 61 201 213 
230 0.22505283376815646 0.0716995114836421 1.0195598057230646 0 0 0 0.41 13 87 109 36 201 214 
231 0.26100383528552334 0.07104076280531359 1.02041711611448 0 0 0 0.28 28 82 91 27 109 37 124 54 187 62 201 215 
232 0.039954080599580104 0.08778878069252591 1.0257599738078915 0 0 0 0.33 13 88 28 83 187 63 201 216 214 27 
233 0.2239774040731236 0.08663705985503278 1.0127717809054508 0 0 0 0.1 124 55 175 57 201 217 
234 0.10311975849762141 0.09013119375791812 1.0232925157499289 0 0 0 0.25 13 89 28 84 187 64 201 218 
235 0.10620283326917669 0.0953913268607998 1.0201757686958461 0 0 0 0.27 13 90 38 26 110 32 146 66 148 33 164 27 187 65 201 219 214 28 
236 0.23964479203145275 0.09474143177103832 1.0214532021957214 0 0 0 0.31 124 56 175 58 187 66 201 220 
237 0.2780730496537152 0.09533366016419807 1.018556069121868 0 0 0 0.11 164 28 175 59 201 221 213 75 
238 0.22608058414722054 0.10038710668205753 1.014473088665903 0 0 0 0.34 13 91 44 38 175 60 201 222 213 76 
239 0.2230514914944922 0.10079525818389566 1.0161642508815356 0 0 0 0.11 175 61 187 67 201 223 
240 0.22305149149449152 0.10079525818389565 1.0161642508815352 0 0 0 0.11 175 62 187 68 201 224 
241 0.2164989649170332 0.10600596330642424 1.0139232501461068 0 0 0 0.18 28 85 175 63 187 69 201 225 
242 0.08953773545860973 -0.09376827889045906 1.0559538872887726 0 0 0 0.21 13 92 124 57 201 226 
243 0.036228088301615786 -0.08421090291581507 1.0551232030341409 0 0 0 0.44 13 93 124 58 201 227 
244 0.13548954560664267 -0.08777981769052898 1.0515023278370728 0 0 0 0.23 13 94 98 22 201 228 
245 0.13128746216693882 -0.08603053275441515 1.0518123371336343 0 0 0 0.17 13 95 39 14 92 57 93 21 201 229 
246 0.14628308587698333 -0.08558183859709648 1.0507830982514554 0 0 0 0.18 13 96 28 86 39 15 92 58 98 23 124 59 157 30 158 12 175 64 176 51 187 70 197 26 201 230 234 38 
247 0.03739844323136559 0.0358309409890051 1.034084141364089 0 0 0 0.22 13 97 28 87 93 22 176 52 201 231 
248 0.2515799164152081 0.03465416690541867 1.0313557407009497 0 0 0 0.16 13 98 124 60 201 232 
249 0.14887573790498593 0.0403474957897568 1.0232617715903205 0 0 0 0.25 13 99 28 88 112 31 128 12 146 67 175 65 176 53 197 27 201 233 234 39 
250 0.16973619680276825 0.04178868219052033 1.033492552186931 0 0 0 0.3 13 100 201 234 234 40 
251 0.26732245493649254 0.0406542717415895 1.0253581226958266 0 0 0 0.17 13 101 112 32 201 235 
252 0.14451219738226798 0.04522065969369429 1.0245675258325306 0 0 0 0.05 13 102 28 89 98 24 201 236 
253 0.11074505298219116 0.049531672580988555 1.023640016100679 0 0 0 0.22 13 103 146 68 201 237 213 77 231 20 
254 0.08105742104419258 0.05182521688374381 1.0289181664966613 0 0 0 0.31 13 104 28 90 112 33 175 66 176 54 201 238 213 78 
255 0.11115866502671123 0.051398262041773626 1.0230106472155032 0 0 0 0.3 13 105 112 34 146 69 176 55 187 71 201 239 
256 0.1937383052250211 0.050419698427841386 1.0248510778952709 0 0 0 0.17 13 106 175 67 176 56 201 240 
257 0.20140797267487187 0.050638398809282496 1.0276481733946274 0 0 0 0.07 13 107 92 59 175 68 201 241 
258 0.13930340754736426 0.05396092607879747 1.028955424505003 0 0 0 0.11 13 108 124 61 201 242 
259 0.1395328078572043 0.05392066477366738 1.0294431669687745 0 0 0 0.15 13 109 124 62 146 70 175 69 176 57 201 243 
260 0.2544436716814969 0.05825448127934395 1.0194353294218383 0 0 0 0.1 28 91 157 31 175 70 201 244 
261 0.255299163088166 0.06250113720999745 1.0188465877889559 0 0 0 0.26 13 110 85 36 91 28 92 60 112 35 157 32 165 19 187 72 194 22 201 245 213 79 223 33 235 17 
262 0.24729901943633023 0.0679344369646685 1.0267206915364728 0 0 0 0.31 175 71 187 73 201 246 
263 0.2566671773737158 0.07101338580397949 1.0197877452704343 0 0 0 0.2 28 92 98 25 109 38 124 63 157 33 175 72 187 74 194 23 201 247 213 80 
264 0.03994556274505031 0.09054055975172193 1.0261191910212157 0 0 0 0.37 13 111 28 93 146 71 187 75 201 248 214 29 
265 0.227125095344061 0.08981762488128808 1.0169120367017694 0 0 0 0.32 124 64 175 73 187 76 201 249 
266 0.2293454427014608 0.09126914763545564 1.0171787931463843 0 0 0 0.23 28 94 124 65 175 74 187 77 201 250 
267 0.10436377730744566 0.09339059491058077 1.020933584351891 0 0 0 0.34 13 112 28 95 201 251 
268 0.08458696920229983 0.10342350741157268 1.0227389168834713 0 0 0 0.34 13 113 176 58 187 78 201 252 
269 0.04507053940671972 -0.09202865567773338 1.0559956205097343 0 0 0 0.21 13 114 92 61 201 253 
270 0.03843471650870196 -0.08981924678733118 1.0578661580449917 0 0 0 0.39 13 115 36 13 61 23 110 33 201 254 
271 0.057037397799301 -0.0894226845344457 1.0555929286121661 0 0 0 0.13 13 116 124 66 201 255 
272 0.07621478521603316 -0.08623815321838747 1.0539676589122917 0 0 0 0.48 13 117 187 79 201 256 213 81 
273 0.09680603986569679 -0.08417876459976806 1.0540672494381242 0 0 0 0.2 13 118 27 24 77 51 110 34 118 37 124 67 148 34 176 59 187 80 201 257 234 41 
274 0.1684758315903621 -0.08522846720784606 1.0518613579283886 0 0 0 0.19 13 119 28 96 92 62 93 23 109 39 201 258 223 34 
275 0.1604551488739325 -0.0825821888307797 1.051999970231283 0 0 0 0.14 13 120 92 63 201 259 
276 0.20567967515801938 -0.08448705848147554 1.050793905754061 0 0 0 0.27 13 121 118 38 172 6 176 60 201 260 
277 0.2231733158183865 -0.0843203043938643 1.0503023576964536 0 0 0 0.27 13 122 28 97 92 64 148 35 201 261 
278 0.24116260715353424 -0.08389656202251804 1.049575530410133 0 0 0 0.2 13 123 92 65 109 40 201 262 
279 0.24160505038757535 -0.08396568036847349 1.0500486407432272 0 0 0 0.67 13 124 28 98 85 37 92 66 109 41 148 36 201 263 223 35 
280 0.21375049128024365 -0.08151010074377121 1.0499906226550524 0 0 0 0.17 13 125 187 81 201 264 
281 0.28898947512421097 -0.08334899566580176 1.0478557884072632 0 0 0 0.11 13 126 28 99 201 265 
282 0.28898947512421097 -0.08334899566580176 1.0478557884072632 0 0 0 0.11 13 127 28 100 201 266 
283 0.3034423685436395 -0.0832920742250933 1.0482462801406762 0 0 0 0.11 13 128 92 67 201 267 
284 0.30947774424235636 -0.08303333685106014 1.0471429951821993 0 0 0 0.25 92 68 165 20 201 268 
285 0.3221364113004208 -0.0829822683931672 1.0463806241972913 0 0 0 0.29 201 269 232 19 234 42 
286 0.05449155780962723 -0.023413640876490536 1.0473403851317808 0 0 0 0.19 13 129 110 35 124 68 201 270 
287 0.2522711902641558 0.030509240376109806 1.0321764522076573 0 0 0 0.3 13 130 28 101 98 26 112 36 146 72 157 34 175 75 201 271 
288 0.15508026962819946 0.03561431119254307 1.027203553941079 0 0 0 0.27 13 131 28 102 53 27 176 61 201 272 204 28 
289 0.16749664491580854 0.04371880608136686 1.0337979954109053 0 0 0 0.18 13 132 17 25 28 103 172 7 176 62 201 273 234 43 
290 0.2566005209231336 0.04303743688942047 1.023013382311597 0 0 0 0.1 61 24 175 76 176 63 201 274 
291 0.16203409311603065 0.04641197347385857 1.0285290450525473 0 0 0 0.15 13 133 175 77 176 64 201 275 
292 0.16570772274579265 0.04641393440069645 1.0292837589180537 0 0 0 0.16 13 134 28 104 201 276 234 44 
293 0.14614327321043366 0.04780480516986327 1.0219518988562926 0 0 0 0.15 28 105 98 27 187 82 201 277 
294 0.2500241893726564 0.045459495522312404 1.0312624369062968 0 0 0 0.32 13 135 112 37 146 73 201 278 234 45 
295 0.24872724097438684 0.04549923894059366 1.0295013755467 0 0 0 0.11 13 136 112 38 201 279 
296 0.31383250880797364 0.04791984140609467 1.0281979277316828 0 0 0 0.39 13 137 112 39 201 280 
297 0.1387945541458802 0.05895715097071099 1.0255086397778748 0 0 0 0.25 13 138 50 38 61 25 146 74 176 65 201 281 
298 0.1936513928094551 0.05940806070532012 1.0228930183877283 0 0 0 0.29 13 139 112 40 146 75 176 66 201 282 
299 0.14109182044476803 0.07243967837011933 1.0213606680153184 0 0 0 0.36 13 140 201 283 204 29 223 36 
300 0.04784178343545801 -0.13673218127779027 1.0634653392714497 0 0 0 0.37 13 141 85 38 109 42 
301 0.07922724378090035 -0.09011559086513432 1.0576930565153828 0 0 0 0.57 13 142 53 28 146 76 201 284 
302 0.14924792116485308 -0.08943132079779956 1.051995523793273 0 0 0 0.29 13 143 197 28 201 285 
303 0.15850319983373395 -0.08946187429001055 1.0525707103983735 0 0 0 0.26 13 144 197 29 201 286 
304 0.1430311494409634 -0.08330993546272589 1.0514804713375798 0 0 0 0.41 13 145 28 106 39 16 92 69 124 69 158 13 187 83 197 30 201 287 234 46 
305 0.3682681574303467 -0.08602517135520202 1.0462721450005477 0 0 0 0.37 92 70 197 31 201 288 
306 0.18330487698617878 0.053627623226491124 1.0201253697051562 0 0 0 0.34 13 146 50 39 98 28 124 70 152 9 201 289 
307 0.20823579323093958 0.056344059626603236 1.0252147819908857 0 0 0 0.36 15 20 28 107 50 40 53 29 152 10 158 14 175 78 187 84 201 290 204 30 234 47 
308 0.25144964801342334 0.057506709312000116 1.0218162215492441 0 0 0 0.19 17 26 152 11 157 35 201 291 
309 0.22842430854211385 0.06435396021199526 1.0207010660921438 0 0 0 0.12 17 27 28 108 118 39 201 292 
310 0.33616411517700484 0.0930005463016044 1.0127233319641729 0 0 0 0.38 50 41 61 26 172 8 234 48 
311 0.09916377675201081 0.10339775045037881 1.022289169694308 0 0 0 0.41 13 147 28 109 92 71 110 36 201 293 234 49 
312 0.20730808096630818 -0.08858606924060236 1.0528708940300853 0 0 0 0.58 13 148 92 72 93 24 109 43 164 29 201 294 204 31 223 37 
313 0.2728440619027427 -0.0878010722276614 1.05038134985403 0 0 0 0.23 13 149 53 30 201 295 
314 0.2947238352988416 -0.08745767186644647 1.0493922748161264 0 0 0 0.44 27 25 61 27 92 73 124 71 152 12 201 296 
315 0.30626957033956603 -0.08751962568380237 1.0509054462494212 0 0 0 0.32 27 26 44 39 61 28 85 39 92 74 164 30 197 32 201 297 
316 0.3220087126547288 -0.08738588182461778 1.04883376924434 0 0 0 0.19 27 27 28 110 53 31 85 40 91 29 92 75 164 31 197 33 201 298 204 32 234 50 
317 0.32198243947523814 -0.08737609086722538 1.0486850606528575 0 0 0 0.2 27 28 28 111 53 32 77 52 85 41 91 30 92 76 187 85 197 34 201 299 234 51 
318 0.3286877812742264 -0.08715234072484036 1.0486839088821593 0 0 0 0.23 28 112 197 35 201 300 234 52 
319 0.17654289391561717 0.04301411734187624 1.0323398312712424 0 0 0 0.21 13 150 118 40 128 13 201 301 204 33 
320 0.1029396808924022 0.049073072420172545 1.0317888453451844 0 0 0 0.19 13 151 16 28 61 29 146 77 158 15 175 79 201 302 204 34 231 21 
321 0.2258657361876389 0.09436932531579317 1.0164296211838904 0 0 0 0.29 175 80 201 303 232 20 
322 0.22897327343710142 0.10196002677861264 1.0136447881395285 0 0 0 0.47 118 41 172 9 175 81 201 304 
323 0.05432797034153845 -0.13560910324545933 1.0643141852309803 0 0 0 0.41 13 152 110 37 172 10 201 305 
324 0.2524609261723921 0.044305243903287 1.0257408036728195 0 0 0 0.27 17 28 50 42 61 30 128 14 152 13 158 16 175 82 201 306 
325 0.13744743447868726 0.08460957661517991 1.0204187728248275 0 0 0 0.52 13 153 28 113 187 86 194 24 201 307 
326 0.22186681344557657 -0.09961937337619647 1.0568260361299064 0 0 0 0.35 13 154 92 77 201 308 
327 0.2752322309882642 0.07779244561837712 1.0198900119448628 0 0 0 0.15 17 29 50 43 61 31 128 15 201 309 
328 0.48763918211088203 -0.05933222503081658 0.9462851956781493 0 0 0 0.22 17 30 53 33 77 53 82 2 118 42 170 6 201 310 232 21 
329 0.48676910276297525 -0.05956933122918823 0.9574839313736762 0 0 0 0.08 53 34 201 311 232 22 
330 0.48674441691258324 -0.0594712021117123 0.9574371816464775 0 0 0 0.17 17 31 53 35 118 43 197 36 201 312 232 23 
331 0.19538926654468394 0.012622496442815018 1.0363609682665165 0 0 0 0.34 15 21 28 114 53 36 118 44 146 78 152 14 158 17 172 11 175 83 201 313 213 82 
332 0.2832267800726123 0.06573493768429332 1.02169688391131 0 0 0 0.17 15 22 118 45 176 67 197 37 201 314 204 35 232 24 
333 0.2514608325507412 0.06756922054789787 1.0204483288530628 0 0 0 0.21 15 23 92 78 128 16 176 68 201 315 223 38 234 53 235 18 
334 0.3179509625517842 0.05179671954317738 1.0255494453873875 0 0 0 0.4 15 24 175 84 201 316 213 83 234 54 
335 0.20726507263451216 0.05637982307765843 1.0233515708800158 0 0 0 0.29 15 25 50 44 124 72 152 15 158 18 175 85 201 317 204 36 
336 0.4915034698570302 -0.06352402622517134 0.9423975759771875 0 0 0 0.2 128 17 170 7 201 318 
337 0.19065514538716918 0.013706326365088152 1.034435675897094 0 0 0 0.3 15 26 53 37 61 32 172 12 201 319 
338 0.2627669861171475 0.03776958206112756 1.0256840398677183 0 0 0 0.64 15 27 175 86 201 320 
339 0.08071620953203873 -0.08369541046271042 1.053705755600568 0 0 0 0.32 38 27 98 29 124 73 146 79 175 87 201 321 213 84 
340 0.16603779703382812 -0.02384719875826305 1.0423157559711755 0 0 0 0.21 28 115 109 44 110 38 124 74 157 36 201 322 
341 0.3252527055911795 0.04463121557963262 1.0224591292673562 0 0 0 0.24 175 88 187 87 201 323 
342 0.09937106764515988 0.049123344140426385 1.0307002027359506 0 0 0 0.25 28 116 124 75 175 89 187 88 201 324 
343 0.06250655133748491 0.049737392178791875 1.0362880708966669 0 0 0 0.22 16 29 146 80 157 37 201 325 
344 0.06048255005548367 0.05091014614472456 1.0360870398825814 0 0 0 0.05 16 30 28 117 146 81 201 326 213 85 
345 0.21255635453845526 0.050483160623272925 1.0270353983728446 0 0 0 0.13 28 118 124 76 175 90 187 89 201 327 
346 0.06030639903215762 0.0564047524282186 1.0344840393144066 0 0 0 0.11 16 31 146 82 201 328 213 86 
347 0.2143233204454955 0.05643204239085683 1.0266380523676895 0 0 0 0.36 28 119 91 31 112 41 201 329 
348 0.183512182952241 0.05815933466687134 1.0194435353787117 0 0 0 0.16 28 120 146 83 175 91 201 330 
349 0.25692523267933204 0.059313241626329956 1.0189023312495733 0 0 0 0.06 28 121 157 38 187 90 201 331 
350 0.2503247016006521 0.06306552232071946 1.0236201182424645 0 0 0 0.35 112 42 124 77 146 84 176 69 201 332 
351 0.03431272599698293 0.06485230559372056 1.0301341861220918 0 0 0 0.03 16 32 146 85 187 91 201 333 
352 0.0532067078677866 0.06547259483639765 1.0333722587797227 0 0 0 0.22 16 33 146 86 187 92 201 334 214 30 
353 0.08089415980583019 0.06524314869747189 1.0276300395632332 0 0 0 0.15 16 34 85 42 146 87 176 70 201 335 
354 0.18229116142093582 0.06639340410666811 1.0212593355749984 0 0 0 0.29 28 122 85 43 91 32 109 45 146 88 165 21 176 71 194 25 201 336 213 87 235 19 
355 0.22436931190252318 0.06687985302476351 1.0199928127210078 0 0 0 0.42 146 89 164 32 165 22 201 337 235 20 
356 0.11636308553706075 0.06736177057767335 1.0237641339050194 0 0 0 0.14 28 123 91 33 146 90 187 93 201 338 
357 0.03830011932807215 0.08187542023857738 1.0268734402781203 0 0 0 0.21 16 35 28 124 187 94 201 339 
358 0.07105534996896724 0.09329587500999013 1.0230529158607966 0 0 0 0.21 28 125 38 28 201 340 
359 0.13944782029568661 0.09330052911551047 1.0193658693766159 0 0 0 0.19 28 126 146 91 187 95 201 341 234 55 
360 0.32236340436325867 0.10431938002105567 1.0118482987984232 0 0 0 0.18 201 342 213 88 235 21 
361 0.14732773679448646 0.10448531767729975 1.0153020106367334 0 0 0 0.3 28 127 109 46 110 39 201 343 214 31 
362 0.09392448284938547 -0.08919656813887432 1.055397614280483 0 0 0 0.3 98 30 175 92 201 344 
363 0.1389807872504848 -0.08310091510655669 1.051855480325356 0 0 0 0.31 77 54 92 79 110 40 176 72 197 38 201 345 
364 0.05016326147088906 -0.01134198042145104 1.0485033578506024 0 0 0 0.11 16 36 176 73 201 346 
365 0.1810198024759408 0.0486898650393782 1.0231551332324944 0 0 0 0.27 28 128 146 92 175 93 176 74 187 96 201 347 
366 0.20138314643918237 0.05060780897070153 1.0274939189849848 0 0 0 0.17 112 43 124 78 146 93 164 33 165 23 201 348 213 89 214 32 234 56 235 22 
367 0.05849291126662253 0.05554532509096519 1.035453571879066 0 0 0 0.11 16 37 50 45 146 94 201 349 
368 0.036358242860831315 0.05641631032045532 1.0275439968465028 0 0 0 0.27 16 38 28 129 39 17 85 44 98 31 109 47 110 41 112 44 124 79 146 95 157 39 175 94 201 350 213 90 
369 0.03903120197253842 0.062145844216573015 1.028662474768909 0 0 0 0.34 16 39 17 32 28 130 50 46 53 38 61 33 92 80 118 46 124 80 146 96 157 40 175 95 188 2 201 351 213 91 
370 0.11675364607675366 0.0627196149820496 1.0243526645799896 0 0 0 0.23 38 29 77 55 146 97 176 75 197 39 201 352 213 92 214 33 
371 0.29074507134791405 0.08804210981189105 1.0160840998022993 0 0 0 0.22 85 45 187 97 201 353 
372 0.29577534804776745 0.08856738814157962 1.0158497493970498 0 0 0 0.36 28 131 91 34 148 37 165 24 201 354 213 93 223 39 235 23 
373 0.3592788146466002 0.09314687327291413 1.0127290036411891 0 0 0 0.38 91 35 201 355 223 40 
374 0.14099367956637063 0.09389451729391252 1.0173595040744499 0 0 0 0.19 28 132 53 39 110 42 128 18 172 13 187 98 197 40 201 356 214 34 232 25 234 57 
375 0.10396535137011075 0.0952064791138034 1.0198423965578551 0 0 0 0.15 28 133 146 98 187 99 201 357 
376 0.10404809623365102 0.09523957007685506 1.020009992197195 0 0 0 0.14 146 99 175 96 201 358 
377 0.3458516735215441 0.09583065178374241 1.0173665378909391 0 0 0 0.69 148 38 201 359 223 41 
378 0.2051504422589038 -0.0770940077769312 1.049647073987019 0 0 0 0.19 50 47 61 34 112 45 146 100 157 41 172 14 201 360 204 37 234 58 
379 0.3971305849853381 0.0034290592275042445 1.0324233794509137 0 0 0 0.26 44 40 82 3 92 81 201 361 
380 0.07078582801493671 0.04789277166002172 1.0290220132221506 0 0 0 0.22 16 40 28 134 50 48 61 35 92 82 98 32 112 46 118 47 128 19 146 101 175 97 176 76 187 100 201 362 204 38 231 22 
381 0.25967452558256826 -0.08739885811502199 1.0487468149643426 0 0 0 0.44 50 49 91 36 124 81 158 19 201 363 204 39 
382 0.10593722390913482 0.04188331201691228 1.0295309820840826 0 0 0 0.21 16 41 118 48 146 102 176 77 201 364 204 40 
383 0.06920789855687795 0.04252245906541269 1.0323952403900283 0 0 0 0.33 16 42 50 50 61 36 98 33 128 20 146 103 152 16 175 98 201 365 
384 0.06061176288452713 0.058817676664350574 1.0335799409465942 0 0 0 0.26 16 43 118 49 146 104 201 366 204 41 
385 0.21322520847997672 0.0638324831143045 1.0212523697748164 0 0 0 0.26 146 105 201 367 204 42 213 94 
386 0.4907527255720114 -0.06536667055171162 0.9372442970486087 0 0 0 0.35 17 33 61 37 77 56 82 4 91 37 165 25 170 8 201 368 235 24 
387 0.49143406576713294 -0.05208217211454675 0.9306868086910677 0 0 0 0.24 17 34 82 5 201 369 
388 0.17677002037940176 0.059517651258437866 1.0233608080069538 0 0 0 0.18 17 35 146 106 175 99 176 78 201 370 
389 0.11035515922570648 0.05304765446528743 1.0246642435268256 0 0 0 0.36 17 36 28 135 50 51 92 83 112 47 124 82 146 107 152 17 157 42 176 79 201 371 204 43 213 95 231 23 232 26 
390 0.49044827451152334 -0.07173980269292923 0.9387353426880256 0 0 0 0.29 17 37 53 40 61 38 82 6 91 38 118 50 165 26 197 41 232 27 234 59 235 25 
391 0.2446762457042804 0.014928420320662193 1.0370430614935282 0 0 0 0.48 17 38 53 41 201 372 234 60 
392 0.18498889290778336 0.05596396802623343 1.0188049312023617 0 0 0 0.34 17 39 28 136 44 41 53 42 61 39 92 84 118 51 128 21 152 18 176 80 187 101 201 373 213 96 
393 0.3119711646343954 -0.08062618117896475 1.0472427847066865 0 0 0 0.29 27 29 85 46 91 39 92 85 148 39 165 27 197 42 201 374 204 44 235 26 
394 0.10350124553231607 -0.012644550910852481 1.043281373938331 0 0 0 0.27 27 30 61 40 124 83 158 20 175 100 176 81 201 375 231 24 
395 0.3218314441954261 0.06490125099608428 1.01725709556066 0 0 0 0.24 27 31 28 137 118 52 197 43 201 376 
396 0.10131173688553675 0.05374510713414243 1.0283265501933347 0 0 0 0.28 27 32 53 43 112 48 152 19 158 21 
397 0.0873417854638896 -0.1354470544950263 1.0590925818220103 0 0 0 0.2 28 138 124 84 201 377 
398 0.12871342389778478 -0.11376414856253991 1.0538254887574523 0 0 0 0.3 28 139 39 18 124 85 146 108 201 378 
399 0.043269363644569174 -0.09431028808321412 1.0574036518910441 0 0 0 0.57 28 140 109 48 201 379 
400 0.09066222301168746 -0.089266510257217 1.0557214367439436 0 0 0 0.26 28 141 92 86 124 86 146 109 187 102 201 380 234 61 
401 0.11588639788527384 -0.08148163513878563 1.0519714424804694 0 0 0 0.11 28 142 39 19 201 381 
402 0.035238645242974785 -0.006364521204726972 1.0444117816479863 0 0 0 0.15 28 143 187 103 201 382 
403 0.03735322686645671 -0.006618339243023066 1.0447846722652145 0 0 0 0.35 28 144 109 49 112 49 175 101 176 82 187 104 201 383 214 35 231 25 
404 0.04103365617670217 -0.006816171339852256 1.044709189143865 0 0 0 0.18 28 145 187 105 201 384 
405 0.06938479127709653 -0.0031153089418446125 1.0420559539966041 0 0 0 0.18 28 146 124 87 175 102 187 106 201 385 
406 0.11113670116317975 -0.005355278517149099 1.040477420723625 0 0 0 0.29 28 147 175 103 176 83 201 386 231 26 
407 0.6583387818233583 -0.07415248806128923 1.1825765670840234 0 0 0 0.38 82 7 201 387 234 62 
408 0.1789087667956526 0.03629053614340853 1.0338758452455927 0 0 0 0.22 28 148 187 107 201 388 
409 0.03876662003143538 0.047263688506221854 1.027640114700947 0 0 0 0.13 28 149 112 50 175 104 201 389 
410 0.052574779146876915 0.04608491644535404 1.036998976485468 0 0 0 0.09 28 150 175 105 187 108 201 390 
411 0.06440485190454791 0.04612262492144369 1.0358251152541327 0 0 0 0.1 28 151 98 34 146 110 175 106 187 109 201 391 
412 0.06433211362868466 0.04614864640773185 1.0356265398543185 0 0 0 0.12 28 152 112 51 146 111 175 107 187 110 201 392 
413 0.07333047508300236 0.04783317554525915 1.0272821506613625 0 0 0 0.19 28 153 187 111 201 393 
414 0.18052634468849288 0.04688857692677166 1.0218086714766559 0 0 0 0.06 28 154 112 52 201 394 
415 0.21755799192396086 0.04770121280828571 1.0215384239926981 0 0 0 0.19 28 155 175 108 201 395 
416 0.03864677999456223 0.054885905535235306 1.0281448068155545 0 0 0 0.23 28 156 39 20 124 88 175 109 201 396 
417 0.06708661097248857 0.0583343352552257 1.0250567941069209 0 0 0 0.21 28 157 187 112 201 397 
418 0.03396293071865331 0.05937994398711374 1.0265939755177136 0 0 0 0.16 28 158 112 53 187 113 201 398 
419 0.07265818889027827 0.05831398432072494 1.0253504369493243 0 0 0 0.11 28 159 112 54 201 399 
420 0.07482767243050734 0.05850958921191718 1.0244845320668396 0 0 0 0.19 28 160 187 114 201 400 
421 0.1448653954966342 0.05684897335002081 1.0225400975346972 0 0 0 0.27 28 161 124 89 187 115 201 401 
422 0.22135087626986444 0.05777802996892778 1.0191848478243382 0 0 0 0.3 28 162 146 112 201 402 
423 0.1756058681339297 0.06129387568668008 1.0201521293363613 0 0 0 0.23 28 163 187 116 201 403 
424 0.039304391525532625 0.06670115602214471 1.028766179021106 0 0 0 0.12 28 164 124 90 146 113 175 110 201 404 
425 0.06804081717697698 0.06689504038618395 1.0268251598512625 0 0 0 0.06 28 165 175 111 187 117 201 405 
426 0.0699422930934671 0.06692023907746383 1.0261578372323203 0 0 0 0.27 28 166 187 118 201 406 
427 0.06569375749378258 0.06743855183546212 1.0273167028500183 0 0 0 0.21 28 167 187 119 201 407 
428 0.10871569679171914 0.06739490110528158 1.0240895217202828 0 0 0 0.15 28 168 187 120 201 408 214 36 
429 0.06664161080757018 0.06865982946034098 1.0263604296649513 0 0 0 0.33 28 169 175 112 187 121 201 409 234 63 
430 0.07752374910109423 0.06852829656825361 1.0244253279046382 0 0 0 0.17 28 170 187 122 201 410 
431 0.14485633458558192 0.06811825986441851 1.0222692211433133 0 0 0 0.25 28 171 91 40 187 123 201 411 
432 0.11440439918472556 0.06915534013900736 1.0240860183126204 0 0 0 0.2 28 172 91 41 109 50 201 412 214 37 
433 0.143301785253426 0.06948153601312451 1.0217133129432276 0 0 0 0.23 28 173 109 51 187 124 201 413 
434 0.11223860054435095 0.07056681879669188 1.0235586526345444 0 0 0 0.08 28 174 187 125 201 414 
435 0.29062817549862113 0.06752291158218407 1.0195181599078897 0 0 0 0.05 28 175 91 42 110 43 201 415 
436 0.3245051116544436 0.06771171926670712 1.0180452357808687 0 0 0 0.17 28 176 91 43 201 416 
437 0.03882522646938006 0.07389875193085174 1.0286088401268587 0 0 0 0.08 28 177 124 91 175 113 187 126 201 417 
438 0.330049334420431 0.06792216290283468 1.0177184709838878 0 0 0 0.16 28 178 85 47 201 418 
439 0.11268896042557475 0.07328742620640478 1.0240362386857202 0 0 0 0.19 28 179 109 52 187 127 201 419 
440 0.06706856090703373 0.0750180433040874 1.026324279904753 0 0 0 0.16 28 180 187 128 201 420 
441 0.21886389747063997 0.07324403738580747 1.0210965772616647 0 0 0 0.29 28 181 187 129 201 421 
442 0.07148333401107175 0.07682508642021722 1.0259440286415487 0 0 0 0.15 28 182 187 130 201 422 
443 0.11249615228563371 0.0804546316216073 1.0226414012587572 0 0 0 0.11 28 183 201 423 213 97 214 38 
444 0.07145570535782492 0.08122697971468411 1.025417582381012 0 0 0 0.04 28 184 187 131 201 424 
445 0.0398835166983372 0.08558263147975571 1.0256964095175913 0 0 0 0.26 28 185 187 132 201 425 
446 0.06228872220417198 0.08740168255815599 1.028564573932285 0 0 0 0.16 28 186 187 133 201 426 213 98 
447 0.06615765015680215 0.08791990750344986 1.0262740805645238 0 0 0 0.08 28 187 187 134 201 427 
448 0.10137568885980318 0.08783479670073244 1.0266223707312199 0 0 0 0.27 28 188 187 135 201 428 
449 0.2244687630726142 0.08699761520685523 1.0179512190004927 0 0 0 0.08 28 189 187 136 201 429 
450 0.08298310238013643 0.08912784356582051 1.0238381371199594 0 0 0 0.21 28 190 187 137 201 430 
451 0.05301039329249803 0.09086686401488338 1.0292291935130775 0 0 0 0.07 28 191 187 138 201 431 
452 0.17688798758654087 0.08991803833787487 1.0233318568416967 0 0 0 0.05 28 192 187 139 201 432 
453 0.03810697052842566 0.09162213409478227 1.028324988508827 0 0 0 0.31 28 193 187 140 201 433 
454 0.06002628687448703 0.09199689524048425 1.0286703231362364 0 0 0 0.14 28 194 187 141 201 434 
455 0.14812270687817258 0.09166590090758213 1.0177743158310597 0 0 0 0.13 28 195 109 53 194 26 201 435 
456 0.03842485921726326 0.09319691463120519 1.0252407693675067 0 0 0 0.09 28 196 175 114 187 142 201 436 
457 0.039239492393595886 0.09366111343904647 1.0237377698420267 0 0 0 0.21 28 197 187 143 201 437 
458 0.039540095876246156 0.09512623339090871 1.0263016263645357 0 0 0 0.2 28 198 187 144 201 438 
459 0.148088614986024 0.09473548516547152 1.0173101767644606 0 0 0 0.13 28 199 187 145 201 439 214 39 
460 0.04442469508423503 0.09633290462719757 1.0248179935568236 0 0 0 0.14 28 200 187 146 201 440 
461 0.0710327611845499 0.09697376604029093 1.0223099198392067 0 0 0 0.2 28 201 187 147 201 441 
462 0.14764887043815886 0.09828316966802789 1.0163736417011844 0 0 0 0.07 28 202 187 148 201 442 
463 0.11357306367394852 0.09852745402920988 1.0193825374834191 0 0 0 0.12 28 203 187 149 201 443 
464 0.2961478939504309 0.09924330426416259 1.0149085869424253 0 0 0 0.23 28 204 175 115 201 444 
465 0.04133227269744238 0.09963806601608562 1.0239628240693666 0 0 0 0.08 28 205 187 150 201 445 
466 0.154173957084974 0.09957633845574111 1.015122694751455 0 0 0 0.27 28 206 201 446 214 40 
467 0.14591843061448112 0.10082553240688695 1.0158971265185612 0 0 0 0.24 28 207 109 54 187 151 201 447 
468 0.22454467766685168 0.10108496731294915 1.015401992083619 0 0 0 0.24 28 208 187 152 201 448 
469 0.14090385411496226 0.10186797822748148 1.016348831832333 0 0 0 0.03 28 209 187 153 201 449 
470 0.1538989200011344 0.10193292814599102 1.0144851945297197 0 0 0 0.21 28 210 124 92 175 116 187 154 201 450 
471 0.04749933271250566 0.10294007061284487 1.0246396266967217 0 0 0 0.34 28 211 175 117 201 451 
472 0.21515019380244477 -0.15446161116164123 1.0600751718280494 0 0 0 0.48 28 212 146 114 201 452 234 64 
473 0.146349283452622 -0.08565032288555222 1.0509543084475153 0 0 0 0.14 28 213 187 155 197 44 201 453 
474 0.28631071688841964 -0.08061277441067945 1.0474484002149318 0 0 0 0.23 28 214 91 44 201 454 
475 0.2858898694778587 -0.08049524644435806 1.0469717571518822 0 0 0 0.22 28 215 61 41 201 455 
476 0.32569373104865657 -0.08018512914055473 1.0456807104315649 0 0 0 0.37 28 216 118 53 201 456 232 28 
477 0.12114203983898979 -0.01643590529196421 1.0426589053907969 0 0 0 0.28 28 217 175 118 201 457 
478 0.19560476763179152 0.026780505738654124 1.0349566939760582 0 0 0 0.25 28 218 124 93 172 15 175 119 201 458 234 65 
479 0.07325623497070291 0.04207685483152044 1.029740973006845 0 0 0 0.1 28 219 98 35 112 55 146 115 175 120 187 156 201 459 234 66 
480 0.1418972921592369 0.03992916015714109 1.0269002098905908 0 0 0 0.16 28 220 124 94 201 460 
481 0.08165607900781086 0.044362335710426505 1.0308067317743548 0 0 0 0.27 28 221 112 56 146 116 187 157 201 461 
482 0.1031902119542275 0.04435369408701768 1.0290806860522257 0 0 0 0.25 28 222 175 121 187 158 201 462 
483 0.052538875336127666 0.050949985346032504 1.0365958167188487 0 0 0 0.15 28 223 175 122 187 159 201 463 
484 0.1723889122697557 0.04661577962749788 1.0289116515595826 0 0 0 0.19 28 224 175 123 201 464 234 67 
485 0.05341056001103427 0.0513129611325097 1.0293065993751445 0 0 0 0.96 28 225 201 465 214 41 
486 0.05844074828977517 0.05305122310793943 1.0359241117835112 0 0 0 0.2 28 226 50 52 146 117 201 466 
487 0.03914603782274979 0.05654062735904919 1.027602805244286 0 0 0 0.21 28 227 109 55 175 124 187 160 201 467 
488 0.1824208163598569 0.05730639598152506 1.0220741094555443 0 0 0 0.06 28 228 91 45 112 57 146 118 201 468 
489 0.04083183571703395 0.06515305578714499 1.0294676380765417 0 0 0 0.35 28 229 38 30 146 119 175 125 187 161 188 3 201 469 214 42 
490 0.17215063742963396 0.06400244438316739 1.0245666530510154 0 0 0 0.17 28 230 201 470 234 68 
491 0.13710633201005307 0.06674691323900249 1.0258139066737801 0 0 0 0.22 28 231 187 162 201 471 
492 0.18582747077903958 0.0663498021291519 1.0206180784358316 0 0 0 0.18 28 232 91 46 109 56 201 472 
493 0.16967878204246598 0.06699462377388556 1.025238173377409 0 0 0 0.07 28 233 109 57 201 473 234 69 
494 0.11077301179287821 0.06901753526421167 1.02357933701169 0 0 0 0.31 28 234 146 120 187 163 201 474 
495 0.21762070656642296 0.06671892340851422 1.0204929848179436 0 0 0 0.37 28 235 176 84 197 45 201 475 213 99 223 42 234 70 235 27 
496 0.11774927848618849 0.06951621024632011 1.0234779939701586 0 0 0 0.11 28 236 201 476 234 71 
497 0.14660117027487357 0.06968101141610314 1.0216733862252962 0 0 0 0.17 28 237 91 47 109 58 187 164 201 477 214 43 
498 0.3550726455835192 0.06814858953440096 1.0164413096244507 0 0 0 0.1 28 238 170 9 201 478 
499 0.3513944593247575 0.06858297828504423 1.0214495281111384 0 0 0 0.18 28 239 91 48 201 479 
500 0.038645309427183965 0.07805642631603833 1.027830278093536 0 0 0 0.21 28 240 124 95 175 126 187 165 201 480 
501 0.14862217943883 0.07813164229163667 1.0203090300570747 0 0 0 0.15 28 241 38 31 85 48 109 59 110 44 194 27 201 481 
502 0.10390353014570966 0.08652289210265106 1.0213126573208573 0 0 0 0.05 28 242 187 166 201 482 
503 0.09876924589883453 0.08780243493846819 1.025448853669575 0 0 0 0.11 28 243 175 127 201 483 
504 0.06603746387386057 0.09351186326531082 1.0250481190544716 0 0 0 0.18 28 244 187 167 201 484 
505 0.07064431226176034 0.0991736845376788 1.0219623106952707 0 0 0 0.26 28 245 38 32 201 485 214 44 
506 0.03641379669960274 0.09963737730247152 1.0246659837712142 0 0 0 0.13 28 246 146 121 187 168 201 486 
507 0.038088368721449335 0.10135946897285435 1.023968488704907 0 0 0 0.13 28 247 187 169 201 487 214 45 
508 0.10376407519871984 0.10295299799798574 1.0184091991460742 0 0 0 0.11 28 248 175 128 187 170 201 488 
509 0.0695108338379831 0.1036960364857966 1.022411875035905 0 0 0 0.11 28 249 187 171 201 489 
510 0.10679141103503913 0.10359218082026327 1.019829695921678 0 0 0 0.06 28 250 187 172 201 490 
511 0.1259743073541732 0.04543804242761846 1.030931299028554 0 0 0 0.25 28 251 112 58 157 43 175 129 201 491 234 72 
512 0.13420144609740606 0.04560561578762301 1.030790942215889 0 0 0 0.29 28 252 112 59 157 44 175 130 201 492 
513 0.21388951711654175 0.044615015066901596 1.0320807024472514 0 0 0 0.35 28 253 112 60 146 122 175 131 201 493 
514 0.06320987481283646 0.058687236504345826 1.0272830122488055 0 0 0 0.22 28 254 124 96 157 45 175 132 187 173 201 494 
515 0.0940775002546176 0.06086788494650169 1.0289396552220695 0 0 0 0.26 28 255 38 33 92 87 201 495 213 100 214 46 231 27 234 73 
516 0.10519035792767896 0.062583665786166 1.024783635873504 0 0 0 0.47 28 256 197 46 201 496 
517 0.13544727845206947 0.06320318887107919 1.0262043435889006 0 0 0 0.13 28 257 176 85 201 497 
518 0.1326261961861045 0.06644749557612312 1.0266289718600428 0 0 0 0.27 28 258 187 174 201 498 234 74 
519 0.17487824452749232 0.0666691169768176 1.0259559932976043 0 0 0 0.3 28 259 146 123 201 499 234 75 
520 0.38604086177650426 0.07235871446648197 1.0198492771310959 0 0 0 0.46 28 260 53 44 234 76 
521 0.03779230068282638 0.08924773784170596 1.025718436554413 0 0 0 0.12 28 261 110 45 201 500 231 28 
522 0.0788672579201587 0.09048349554413943 1.023530841456647 0 0 0 0.41 28 262 38 34 110 46 201 501 214 47 
523 0.1020497605601357 0.09209891934303113 1.0212112666696662 0 0 0 0.27 28 263 164 34 187 175 201 502 
524 0.07641890399285625 0.09278690878070554 1.022760727927373 0 0 0 0.34 28 264 38 35 77 57 110 47 146 124 148 40 201 503 213 101 214 48 223 43 
525 0.2442572806248802 0.09241696292266108 1.0217465900985705 0 0 0 0.24 28 265 148 41 194 28 201 504 213 102 234 77 
526 0.3533455778118283 0.0961867937336536 1.013350769627637 0 0 0 0.13 28 266 165 28 201 505 235 28 
527 0.29107609897880576 0.09797482532903516 1.0137469938998707 0 0 0 0.22 28 267 118 54 234 78 
528 0.2910760989788037 0.09797482532903436 1.0137469938998678 0 0 0 0.22 28 268 118 55 234 79 
529 0.2488207935671465 0.10364789125724545 1.0137203033170967 0 0 0 0.29 28 269 201 506 234 80 
530 0.0814293325917642 -0.009164490214611052 1.0443100979163602 0 0 0 0.2 28 270 187 176 201 507 
531 0.15755553117440851 -0.015528744723942767 1.041945176848922 0 0 0 0.54 28 271 36 14 53 45 124 97 146 125 157 46 187 177 197 47 201 508 
532 0.18752375905985727 0.032314638544611946 1.0311764598316089 0 0 0 0.28 28 272 201 509 204 45 
533 0.14764054727355058 0.04526427694929405 1.0221538592028534 0 0 0 0.32 28 273 50 53 98 36 112 61 146 126 152 20 176 86 201 510 204 46 
534 0.1477191664041804 0.04528846537706541 1.0221841353980532 0 0 0 0.24 28 274 98 37 146 127 176 87 187 178 201 511 234 81 
535 0.19209348652306965 0.06365022428171643 1.0213528798963498 0 0 0 0.32 28 275 176 88 187 179 201 512 232 29 234 82 
536 0.21579896252358632 0.06406337937034254 1.0222009856891279 0 0 0 0.17 28 276 201 513 213 103 234 83 
537 0.20288293201558796 0.09130635671797553 1.021638711520281 0 0 0 0.07 28 277 201 514 234 84 
538 0.15353908012307552 -0.17935345480939516 1.0692081281155748 0 0 0 0.45 28 278 124 98 234 85 
539 0.22649675080146695 0.05453467054764808 1.0245685502160171 0 0 0 0.57 28 279 77 58 175 133 201 515 234 86 
540 0.10347638218421523 0.07137399276741664 1.0226312457367341 0 0 0 0.26 28 280 201 516 234 87 
541 0.2263679415416347 0.09052854054819647 1.0172888599006646 0 0 0 0.72 28 281 175 134 201 517 
542 0.35680663087934583 0.09862635508535243 1.0116540913093532 0 0 0 0.05 28 282 50 54 61 42 
543 0.1341390368379059 0.10265892992965743 1.0204950152835708 0 0 0 0.11 28 283 92 88 172 16 201 518 
544 0.08424703958481075 0.08408809289693946 1.0237027585098526 0 0 0 0.64 28 284 187 180 201 519 
545 0.3611394087416552 0.08050815629256244 1.0162043377943524 0 0 0 0.32 28 285 50 55 118 56 
546 0.22028139051146806 0.07828746256968738 1.0193834390307428 0 0 0 0.74 28 286 98 38 118 57 124 99 187 181 201 520 232 30 234 88 
547 0.22130416035860895 0.07840470965575343 1.0205225040931571 0 0 0 0.48 50 56 53 46 61 43 98 39 118 58 231 29 232 31 
548 0.1025687131941855 -0.016965535956939677 1.0455000446112492 0 0 0 0.21 36 15 109 60 112 62 157 47 175 135 201 521 231 30 
549 0.12891179783769474 -0.11719654403322981 1.053449996247648 0 0 0 0.28 36 16 124 100 187 182 201 522 
550 0.12891179783771722 -0.11719654403324412 1.0534499962476904 0 0 0 0.28 36 17 124 101 187 183 201 523 
551 0.13499944125464994 -0.11249454093968304 1.0520863625923398 0 0 0 0.17 36 18 124 102 201 524 
552 0.135165900706252 -0.11259202473518692 1.0523565186153951 0 0 0 0.22 36 19 124 103 157 48 201 525 
553 0.12985502882045835 -0.10366547915415328 1.0564122028903953 0 0 0 0.13 36 20 77 59 201 526 232 32 
554 0.03522650228468614 -0.1008086572027502 1.0607239039129543 0 0 0 0.25 36 21 124 104 201 527 
555 0.08882379761516082 -0.09530696394345577 1.060102760829422 0 0 0 0.41 36 22 92 89 124 105 201 528 
556 0.17375508442467355 -0.07774162000607528 1.0514632652495226 0 0 0 0.57 36 23 91 49 109 61 118 59 148 42 201 529 223 44 
557 0.17883456056813157 0.0704633620924556 1.0204768463407718 0 0 0 0.21 36 24 128 22 146 128 165 29 201 530 213 104 235 29 
558 0.1019406150138284 -0.13681744376467445 1.0547743644030756 0 0 0 0.2 36 25 77 60 85 49 176 89 201 531 
559 0.13330983972885366 -0.10739904800444078 1.0560690880826187 0 0 0 0.29 36 26 39 21 110 48 146 129 176 90 201 532 
560 0.1237516682109513 -0.012318575908626147 1.0448164734635113 0 0 0 0.46 36 27 172 17 175 136 201 533 204 47 
561 0.2214326888830669 0.0418822969937803 1.0238428290357757 0 0 0 0.19 146 130 175 137 187 184 201 534 234 89 235 30 
562 0.1281810137964928 0.050430382586627645 1.0313533594544209 0 0 0 0.3 38 36 201 535 231 31 
563 0.2790109979964398 0.06514698323305716 1.0227111870207148 0 0 0 0.56 91 50 109 62 110 49 201 536 213 105 235 31 
564 0.07299659461579 0.06512044653227689 1.0274170178906183 0 0 0 0.18 38 37 110 50 201 537 214 49 
565 0.1281134560523636 -0.10925216401229644 1.0572015629975342 0 0 0 0.38 44 42 77 61 85 50 93 25 124 106 146 131 164 35 176 91 201 538 204 48 
566 0.07395987737013998 0.10002732647707838 1.0225570254482907 0 0 0 0.27 38 38 201 539 223 45 
567 0.08889442931555394 -0.13838322939702005 1.0565658127849642 0 0 0 0.47 39 22 187 185 201 540 
568 0.08889442931555394 -0.13838322939702005 1.0565658127849642 0 0 0 0.47 39 23 187 186 201 541 
569 0.18913241463542757 -0.12470216050600129 1.0565396425285576 0 0 0 0.28 39 24 112 63 201 542 
570 0.1446590546839737 -0.10879427578466269 1.0488103178473305 0 0 0 0.32 39 25 109 63 201 543 
571 0.14480284783624986 -0.10691376321880768 1.0487495873989336 0 0 0 0.29 39 26 112 64 201 544 
572 0.08106873785673156 -0.10139678537235955 1.056965404960423 0 0 0 0.32 39 27 124 107 201 545 
573 0.1696821368945843 -0.08115224518861998 1.0510509436736486 0 0 0 0.14 39 28 112 65 201 546 
574 0.2013042491412879 -0.07853416243694435 1.0509168876996084 0 0 0 0.17 39 29 112 66 201 547 
575 0.12872345591877307 -0.019490941376488286 1.0424766787769046 0 0 0 0.33 39 30 175 138 201 548 231 32 
576 0.11209015842630818 -0.01735870419218207 1.0416222858996382 0 0 0 0.25 39 31 112 67 201 549 
577 0.10430188320562031 -0.01650161326648212 1.0445420640375473 0 0 0 0.18 39 32 112 68 201 550 
578 0.10457480472567939 -0.016682293833508645 1.0452095326426467 0 0 0 0.24 39 33 201 551 214 50 
579 0.08430830367170454 -0.015078027432288007 1.0451354561687476 0 0 0 0.11 39 34 112 69 201 552 
580 0.0684230040591787 -0.0136042215364081 1.0455676607802147 0 0 0 0.07 39 35 112 70 201 553 
581 0.10410992618099138 -0.014973006015048699 1.0444234031678736 0 0 0 0.11 39 36 112 71 201 554 
582 0.10541076524038466 0.002843880144634663 1.0408964006551653 0 0 0 0.27 39 37 124 108 201 555 
583 0.21238331338494698 -0.13527036316170005 1.0567734229681451 0 0 0 0.4 39 38 112 72 201 556 
584 0.12924305668639793 -0.11613586366661606 1.0546335294274685 0 0 0 0.58 39 39 124 109 187 187 201 557 
585 0.13346757895764572 -0.11117859286811492 1.0508430755943616 0 0 0 0.29 39 40 124 110 201 558 
586 0.03698137992794895 -0.10142976721718128 1.0588875881596587 0 0 0 0.13 39 41 201 559 231 33 
587 0.04454187303228349 -0.10009273656237457 1.0602223029419127 0 0 0 0.32 39 42 124 111 201 560 
588 0.08108826662185731 -0.0818632084481391 1.0540952585387051 0 0 0 0.08 39 43 109 64 112 73 201 561 231 34 
589 0.2501000404404683 -0.0029520815152977403 1.0410566468612226 0 0 0 0.3 146 132 175 139 201 562 
590 0.10096214506724295 0.05190734032296552 1.0307095966356152 0 0 0 0.09 112 74 175 140 201 563 
591 0.10096066712397164 0.05188922039195933 1.030693295450468 0 0 0 0.13 112 75 124 112 175 141 201 564 
592 0.04224322620320669 0.05943433604890231 1.0270949569901853 0 0 0 0.1 112 76 187 188 201 565 
593 0.07494911450795869 -0.09655307952417677 1.0568594587928077 0 0 0 0.23 39 44 110 51 201 566 
594 0.11163309654180567 -0.08336098431355278 1.0524298644666816 0 0 0 0.24 39 45 146 133 148 43 201 567 
595 0.11982768981600955 -0.08292870939128136 1.0514754830654625 0 0 0 0.21 39 46 93 26 146 134 201 568 
596 0.04193174620460327 0.05070547592411374 1.0294312507057368 0 0 0 0.43 39 47 112 77 124 113 175 142 201 569 
597 0.14355942460043272 -0.014567505374066304 1.0402793328231723 0 0 0 0.21 39 48 124 114 146 135 201 570 
598 0.06474124521585894 -0.011126959503426128 1.0475060440627337 0 0 0 0.17 39 49 124 115 201 571 231 35 
599 0.07896769297776911 0.048361491457197654 1.0294222076743822 0 0 0 0.33 61 44 146 136 175 143 176 92 201 572 204 49 
600 0.04990866547499458 0.055480751119195475 1.0342665044900674 0 0 0 0.37 39 50 175 144 187 189 201 573 
601 0.20752292168657688 -0.1294922967942212 1.0582190351328975 0 0 0 0.34 53 47 124 116 201 574 
602 0.14489705853465273 -0.11092460481127168 1.0490273267069135 0 0 0 0.21 39 51 124 117 201 575 
603 0.395061688865269 -0.07869465585564843 1.0460797555839347 0 0 0 0.3 44 43 170 10 201 576 
604 0.09697245765211436 -0.1336277790753529 1.0585793340871974 0 0 0 0.17 44 44 146 137 201 577 
605 0.32379577694787504 0.05069985960139577 1.0197884297476527 0 0 0 0.23 44 45 50 57 175 145 201 578 
606 0.10535251721535113 0.05138817995571781 1.028775555354944 0 0 0 0.18 44 46 61 45 201 579 
607 0.3276097748298871 0.04664606214787433 1.021152927463628 0 0 0 0.4 44 47 50 58 61 46 92 90 175 146 201 580 204 50 
608 0.10322770026745177 0.042684048317462385 1.0356762662785857 0 0 0 0.15 50 59 61 47 124 118 146 138 176 93 201 581 
609 0.062456247070976204 0.053053058441750935 1.035635635892471 0 0 0 0.18 50 60 146 139 201 582 213 106 
610 0.4097450338829554 0.009480914506298049 1.0375407283949978 0 0 0 0.16 50 61 82 8 170 11 201 583 204 51 234 90 
611 0.1789575188767779 0.05004187624534694 1.0245301752939977 0 0 0 0.25 50 62 61 48 146 140 152 21 176 94 197 48 201 584 204 52 
612 0.39904426610150057 0.06836207670853828 1.0217152885320768 0 0 0 0.22 50 63 82 9 234 91 
613 0.2540474559112974 0.03676123598172524 1.0268838063541124 0 0 0 0.21 50 64 61 49 201 585 
614 0.06952812768299092 0.05114987139199926 1.0345782730054875 0 0 0 0.26 50 65 61 50 201 586 
615 0.3523315464380155 0.029047506584117113 1.030151267140417 0 0 0 0.23 50 66 128 23 201 587 234 92 
616 0.2004712321776901 0.04227392971981264 1.0316038595950503 0 0 0 0.52 50 67 124 119 175 147 201 588 
617 0.26014871982956544 0.05807216710891128 1.0202865723829275 0 0 0 0.36 50 68 61 51 124 120 152 22 157 49 201 589 
618 0.49481249914550846 -0.04855141589957943 0.9223515126123655 0 0 0 0.24 53 48 77 62 118 60 165 30 170 12 197 49 201 590 235 32 
619 0.4819295966228462 -0.02676416122958437 0.954562843620036 0 0 0 0.21 53 49 77 63 91 51 118 61 165 31 197 50 201 591 232 33 234 93 235 33 
620 0.19619288545568817 -0.010911592880696404 1.0403952955820377 0 0 0 0.28 53 50 124 121 201 592 
621 0.2495734591863518 0.028035587589764942 1.0346915373589356 0 0 0 0.15 53 51 61 52 158 22 201 593 
622 0.3869971758034337 0.08919572443168101 1.0186275205571858 0 0 0 0.17 53 52 165 32 234 94 
623 0.2210694196322966 0.04348371276886624 1.0221986039103126 0 0 0 0.44 53 53 92 91 124 122 158 23 175 148 201 594 232 34 
624 0.19272981628568606 -0.11676676890942922 1.0603070483800037 0 0 0 0.67 53 54 92 92 158 24 201 595 223 46 
625 0.2073225376399448 -0.11820175903779942 1.0571771752356642 0 0 0 0.16 53 55 109 65 128 24 197 51 201 596 
626 0.2662949669032008 -0.09656543990593941 1.048034027830875 0 0 0 0.63 53 56 152 23 201 597 
627 0.20393986132103073 -0.026626196749116118 1.0426301773260978 0 0 0 0.16 61 53 146 141 175 149 201 598 
628 0.10362716034899211 0.038958976246786584 1.0367201044601124 0 0 0 0.16 61 54 124 123 176 95 201 599 204 53 
629 0.10049444633495248 0.04082787219772487 1.0346380364759937 0 0 0 0.15 61 55 201 600 213 107 
630 0.2074553820164616 0.04175464917978678 1.0345932852329873 0 0 0 0.14 61 56 157 50 201 601 
631 0.21609955389597302 0.04409132744099242 1.025082532769681 0 0 0 0.22 61 57 146 142 152 24 157 51 201 602 204 54 
632 0.4874539617603295 -0.08348320631047393 0.9436079207042684 0 0 0 0.41 61 58 128 25 201 603 235 34 
633 0.4848389227153551 -0.05639797461551544 0.9577302962695081 0 0 0 0.26 77 64 165 33 201 604 234 95 235 35 
634 0.4895531760877676 -0.0010979870570873855 0.9159454044724722 0 0 0 0.4 77 65 91 52 165 34 201 605 235 36 
635 0.12935875397630053 0.06349086151159578 1.0257725404267548 0 0 0 0.37 77 66 201 606 234 96 
636 0.48998984854562666 -0.08616055460503926 0.9415954209125673 0 0 0 0.26 118 62 232 35 234 97 
637 0.4818536118987219 0.050428025879107594 0.9448707304606591 0 0 0 0.6 77 67 197 52 201 607 
638 0.4925212029517562 -0.09375798854185935 0.942292400866414 0 0 0 0.29 77 68 118 63 165 35 201 608 232 36 235 37 
639 0.39127397942055786 -0.11991525897879506 1.0530626224750652 0 0 0 0.28 82 10 124 124 201 609 
640 0.48886270115113056 0.02495639576708528 1.0729565843862898 0 0 0 0.24 82 11 92 93 201 610 
641 0.5069052809571915 0.04319632810842825 1.0783543983903425 0 0 0 0.36 82 12 172 18 201 611 
642 0.48335571385554627 -0.07305174373074869 0.9456080142771558 0 0 0 0.21 82 13 170 13 234 98 
643 0.41267753458542855 0.03709835760018529 1.0349811165038412 0 0 0 0.48 82 14 152 25 170 14 201 612 
644 0.6633509758879588 -0.08413684176605297 1.186447581714379 0 0 0 0.13 82 15 170 15 201 613 
645 0.4106029001241871 0.02081917920783102 1.035827073039023 0 0 0 0.47 128 26 170 16 201 614 
646 0.08655229266364618 -0.08416098264377433 1.0538546341590267 0 0 0 0.71 85 51 201 615 223 47 
647 0.17928722238892386 0.06626562861020906 1.021533095828578 0 0 0 0.15 85 52 91 53 98 40 146 143 201 616 213 108 214 51 
648 0.1858267735679602 0.06634327331783162 1.0207867244559727 0 0 0 0.1 91 54 109 66 165 36 201 617 235 38 
649 0.36560666819677556 0.06851958453313281 1.0161886419219701 0 0 0 0.22 91 55 148 44 164 36 165 37 176 96 201 618 235 39 
650 0.26350840738602577 0.0947339367513231 1.0152370678686442 0 0 0 0.16 91 56 175 150 201 619 
651 0.3577837184569774 -0.0793892950821492 1.0433320247811222 0 0 0 0.26 91 57 92 94 201 620 
652 0.2976980222236521 0.06487024051229391 1.0187399764561904 0 0 0 0.12 91 58 201 621 234 99 
653 0.2520336462756972 -0.08087032650011002 1.0481287923810063 0 0 0 0.3 91 59 118 64 157 52 172 19 187 190 201 622 
654 0.49470237991317295 -0.0922732191201138 0.9383225329162322 0 0 0 0.19 91 60 165 38 197 53 234 100 
655 0.11048311962309545 -0.0863751851888183 1.0527150093331195 0 0 0 0.15 92 95 109 67 201 623 
656 0.07492745220754131 -0.003661654700025086 1.0417218421157028 0 0 0 0.35 92 96 124 125 201 624 231 36 
657 0.14767224723519892 -0.0026250240193786815 1.0380954337476076 0 0 0 0.24 92 97 187 191 201 625 
658 0.13959928517021433 -0.08572633255100662 1.0516667927957144 0 0 0 0.42 92 98 146 144 148 45 187 192 197 54 201 626 
659 0.2674086160549224 0.04074279979491079 1.0251409325098944 0 0 0 0.21 92 99 124 126 175 151 201 627 
660 0.16798513189208839 -0.08766458237182456 1.0484738268942644 0 0 0 0.68 92 100 124 127 201 628 
661 0.2471265666092452 -0.07907475952192271 1.0467611588126655 0 0 0 0.17 92 101 187 193 201 629 
662 0.08653049765142302 -0.0868060484412869 1.0554813156676262 0 0 0 0.35 93 27 124 128 201 630 
663 0.16733428719841112 -0.018335397783339355 1.041122020011077 0 0 0 0.14 93 28 112 78 175 152 201 631 
664 0.2640176865300659 0.0415377150107154 1.0237574583938323 0 0 0 0.15 112 79 175 153 201 632 
665 0.28848149402004764 0.09152697414938885 1.0247754529945405 0 0 0 0.28 124 129 175 154 201 633 
666 0.06895191666092303 -0.04587536479089427 1.0515235760541493 0 0 0 0.31 98 41 124 130 201 634 231 37 
667 0.13125681317646462 -0.015855422364958762 1.0396115205715322 0 0 0 0.28 98 42 124 131 146 145 201 635 
668 0.06740112464800148 0.02760219333930852 1.0382596065409833 0 0 0 0.23 98 43 112 80 201 636 
669 0.36692816268961226 0.07647041767552336 1.0160323818103218 0 0 0 0.26 170 17 201 637 234 101 
670 0.07369344001763775 -0.005916748050677413 1.0429288150694491 0 0 0 0.08 109 68 187 194 201 638 
671 0.110234958027704 0.043512876159555985 1.026598714108633 0 0 0 0.14 109 69 176 97 201 639 231 38 
672 0.1481349232021167 0.0593879855239523 1.0206413600802244 0 0 0 0.12 109 70 112 81 187 195 201 640 
673 0.11352308201903535 0.05738513765410788 1.024068669934332 0 0 0 0.31 109 71 124 132 175 155 201 641 
674 0.1127892502781773 0.05899839278724378 1.0235105688992447 0 0 0 0.11 109 72 112 82 187 196 201 642 
675 0.14799698752015517 0.07135163452054946 1.021449174450867 0 0 0 0.15 109 73 187 197 201 643 
676 0.13497184833204967 -0.02216569408700611 1.0424983483721995 0 0 0 0.18 109 74 124 133 201 644 214 52 
677 0.14788102053361593 0.09918826254686361 1.0163890963764413 0 0 0 0.26 109 75 110 52 148 46 187 198 194 29 201 645 213 109 214 53 223 48 234 102 
678 0.15082303804664574 0.07537017134933095 1.0205881611406542 0 0 0 0.23 110 53 194 30 201 646 
679 0.07347300087045407 -0.08968612380616137 1.0555796944685254 0 0 0 0.25 110 54 201 647 231 39 
680 0.08082225428459484 -0.12981315971335702 1.0635257047081672 0 0 0 0.48 110 55 201 648 204 55 
681 0.18840721919192988 0.04724816653247554 1.0213791137050723 0 0 0 0.06 112 83 175 156 201 649 
682 0.33765620624858184 -0.09783741473348445 1.0449090630180744 0 0 0 0.24 112 84 175 157 201 650 
683 0.20217713447325744 -0.01657970868785284 1.0421639012056982 0 0 0 0.19 112 85 175 158 201 651 
684 0.03904319648342093 -0.007214344656643335 1.0440454664952763 0 0 0 0.47 112 86 187 199 201 652 
685 0.20336920988586984 0.000939441916308946 1.0386889945324025 0 0 0 0.14 112 87 175 159 201 653 
686 0.033318992702332156 0.03783170346829455 1.0329010993720704 0 0 0 0.4 112 88 175 160 187 200 201 654 
687 0.07846720552796087 0.03839290955133467 1.0310792772082176 0 0 0 0.15 175 161 187 201 201 655 
688 0.032879643592323045 0.03896378356601866 1.0334645485332603 0 0 0 0.18 112 89 187 202 201 656 
689 0.10693071243084223 0.03960206849485346 1.0289424865105061 0 0 0 0.23 175 162 187 203 201 657 
690 0.14614932877134415 0.03935457859921893 1.0263160016613857 0 0 0 0.08 112 90 175 163 201 658 
691 0.1405266530370572 0.04126201950045225 1.0274764149561484 0 0 0 0.19 112 91 175 164 201 659 
692 0.23284673065660721 0.04715828666056204 1.027074937283612 0 0 0 0.24 112 92 124 134 201 660 
693 0.06026413348448549 0.04814349224264746 1.03606670327672 0 0 0 0.11 112 93 187 204 201 661 
694 0.07214965678368822 0.05018354889593203 1.0264729935749652 0 0 0 0.18 112 94 175 165 201 662 
695 0.17622861227710326 0.05351718530692135 1.0293647412211657 0 0 0 0.14 112 95 175 166 201 663 
696 0.0694089719457273 0.058249518537912534 1.0252754976021563 0 0 0 0.13 112 96 187 205 201 664 
697 0.21355223378829044 0.05894177117187638 1.0191060707593151 0 0 0 0.4 112 97 175 167 201 665 
698 0.17904460197755656 -0.0950318674154226 1.0517433192534587 0 0 0 0.12 112 98 165 39 201 666 235 40 
699 0.09695596449191113 -0.08868253999752593 1.0558762227744547 0 0 0 0.43 112 99 201 667 231 40 
700 0.10245686924050945 -0.016953734790269705 1.045303099243567 0 0 0 0.21 112 100 175 168 201 668 231 41 
701 0.06969879003335747 -0.012263756221841332 1.0443162464908244 0 0 0 0.21 112 101 187 206 201 669 
702 0.1823957336344611 -0.00844738075389177 1.0397314039792167 0 0 0 0.44 112 102 124 135 201 670 
703 0.14174734448844173 0.0321257453353773 1.0296350928459017 0 0 0 0.12 175 169 187 207 201 671 
704 0.14103531798198116 0.040489805007561996 1.0318257277546925 0 0 0 0.27 112 103 175 170 201 672 
705 0.3033029415432296 0.04071694779133442 1.0261878440273702 0 0 0 0.16 112 104 175 171 201 673 
706 0.28408882983152123 0.041775302370310095 1.0222109326886453 0 0 0 0.2 112 105 175 172 201 674 
707 0.22152213206261753 0.047882551959210186 1.02001707580142 0 0 0 0.26 112 106 175 173 176 98 201 675 
708 0.22631166687111878 0.050432255124719175 1.021524468839759 0 0 0 0.38 112 107 175 174 201 676 
709 0.1863765834315388 0.05836733135797136 1.019610624445393 0 0 0 0.19 112 108 146 146 201 677 
710 0.2187902837885358 0.06172773918684869 1.0196031996932304 0 0 0 0.13 112 109 201 678 213 110 
711 0.14306542671436015 -0.021224011412134883 1.0431673417480998 0 0 0 0.44 112 110 146 147 201 679 
712 0.18036898605187648 -0.01103691712462482 1.0401986045900062 0 0 0 0.1 112 111 157 53 201 680 
713 0.1957156436605019 0.007524980120198948 1.0379616141709602 0 0 0 0.27 112 112 118 65 157 54 201 681 234 103 
714 0.14702427590773876 0.04076078404545436 1.0251892873597268 0 0 0 0.09 112 113 175 175 201 682 
715 0.21430294314775347 0.040888685004161276 1.0323211771677863 0 0 0 0.25 112 114 146 148 201 683 
716 0.25662248168774543 0.043101540198093334 1.022974198685685 0 0 0 0.17 112 115 146 149 175 176 176 99 201 684 
717 0.26751660892370116 0.05122884492283265 1.022004385502648 0 0 0 0.47 112 116 175 177 201 685 204 56 
718 0.23372812175848517 0.04363079154624481 1.026277532480398 0 0 0 0.27 112 117 124 136 175 178 201 686 234 104 
719 0.14165730705422142 0.05236106808020771 1.0250789586465503 0 0 0 0.19 112 118 152 26 176 100 201 687 231 42 
720 0.1699674990055496 -0.004283956445693629 1.0409981500561178 0 0 0 0.49 112 119 197 55 201 688 234 105 
721 0.1409484410868324 -0.015888065665735595 1.040979786397444 0 0 0 0.32 118 66 146 150 176 101 201 689 204 57 223 49 231 43 
722 0.10122609271317012 0.0025482895396493886 1.0423415576025228 0 0 0 0.12 118 67 201 690 232 37 
723 0.13136980818247462 0.042818896018516 1.0372097310911885 0 0 0 0.3 118 68 157 55 175 179 201 691 
724 0.06733582257861462 0.045470451899555384 1.0289012562727704 0 0 0 0.24 118 69 152 27 197 56 201 692 
725 0.15722211621620102 0.06348202335704721 1.0223046468740415 0 0 0 0.39 118 70 152 28 176 102 201 693 232 38 234 106 
726 0.4924374990032907 -0.09369729714913654 0.942259587297429 0 0 0 0.25 118 71 165 40 201 694 232 39 235 41 
727 0.0473835743552277 -0.09477028617826214 1.0593172163731872 0 0 0 0.36 124 137 176 103 201 695 
728 0.14096101787603535 0.034546044297197855 1.0295250769130941 0 0 0 0.24 124 138 175 180 201 696 
729 0.29315462984627016 0.04289218730810928 1.016109995708313 0 0 0 0.19 124 139 175 181 201 697 
730 0.19752724642197309 0.05023873144456281 1.0262607287126044 0 0 0 0.19 124 140 157 56 176 104 201 698 
731 0.089324215127528 0.050498406029453005 1.0325830220883352 0 0 0 0.11 124 141 201 699 231 44 
732 0.08138933917171468 0.05409275947870071 1.0297902600018378 0 0 0 0.16 124 142 175 182 201 700 
733 0.2160220093242324 0.05626248369526601 1.0228575826713515 0 0 0 0.16 124 143 187 208 201 701 
734 0.10995899349812474 0.05710498898299036 1.0259241692603682 0 0 0 0.23 124 144 175 183 201 702 
735 0.2102502321966767 0.059232143934708124 1.0257239076714 0 0 0 0.29 124 145 157 57 175 184 201 703 
736 0.17991906793146387 0.06788562158512457 1.0203130234441042 0 0 0 0.09 124 146 175 185 187 209 201 704 
737 0.0433162596311822 0.06684544195837837 1.0286205828466835 0 0 0 0.13 124 147 175 186 201 705 
738 0.23375358774592606 0.09266693681637633 1.0207593768531478 0 0 0 0.16 124 148 175 187 201 706 
739 0.13939092958087823 0.056043882687095564 1.0291498036302478 0 0 0 0.18 124 149 175 188 201 707 
740 0.10875241859016689 -0.08116223534104171 1.051629880550932 0 0 0 0.29 124 150 201 708 204 58 
741 0.2740147598285657 0.04787510933208509 1.0269506237334372 0 0 0 0.16 124 151 157 58 175 189 201 709 
742 0.27482906354479436 0.0653188248646398 1.0221149713099253 0 0 0 0.28 124 152 201 710 234 107 
743 0.15539491780757322 -0.11300984431130719 1.0546190254389078 0 0 0 0.66 124 153 175 190 201 711 
744 0.19223708139820758 0.02791147200244853 1.035032466817931 0 0 0 0.21 124 154 175 191 201 712 
745 0.22933978167413574 0.09363347442591331 1.0140636268707937 0 0 0 0.39 124 155 175 192 201 713 
746 0.21192303456822373 0.04249840196814075 1.03161909103258 0 0 0 0.23 124 156 146 151 157 59 172 20 201 714 232 40 
747 0.24822663284588012 0.0853358863963344 1.0231011782995867 0 0 0 0.32 124 157 201 715 234 108 
748 0.12323869113120917 -0.014790011967983652 1.0424819238521645 0 0 0 0.06 146 152 187 210 201 716 
749 0.11136446176156536 0.045008143889078644 1.025633910364734 0 0 0 0.31 146 153 201 717 231 45 
750 0.15220396103164907 0.04635160130452876 1.0244042585799524 0 0 0 0.36 146 154 176 105 201 718 213 111 
751 0.1395764196681558 0.050624125093547453 1.0299015887074374 0 0 0 0.1 146 155 176 106 201 719 
752 0.05646457567267711 0.05106239871245919 1.0363482925821186 0 0 0 0.07 146 156 201 720 213 112 
753 0.1783592788532754 0.05838977094350587 1.0214245391352819 0 0 0 0.15 146 157 157 60 201 721 
754 0.09986126583769794 0.06107503443352793 1.0279300289260704 0 0 0 0.21 146 158 201 722 234 109 
755 0.16243655245674132 0.08824362070660562 1.0197209569377286 0 0 0 0.16 146 159 201 723 213 113 
756 0.047580685213212855 0.08882271672876862 1.0307701311091142 0 0 0 0.12 146 160 175 193 201 724 
757 0.06625218756619608 0.046615244644612246 1.0351268248839702 0 0 0 0.27 146 161 175 194 201 725 
758 0.05451899461093579 0.046859077462925496 1.0368534520778796 0 0 0 0.19 146 162 175 195 176 107 201 726 
759 0.054518994610935456 0.04685907746292541 1.0368534520778794 0 0 0 0.19 146 163 175 196 176 108 201 727 
760 0.06621659827251902 -0.07512600796683813 1.055322605289038 0 0 0 0.21 146 164 176 109 201 728 231 46 
761 0.043093388911432176 0.05159143901276525 1.0273028128194284 0 0 0 0.28 152 29 201 729 204 59 
762 0.14270885198310557 0.04268062821252476 1.0280621926690081 0 0 0 0.33 152 30 158 25 175 197 201 730 
763 0.12264684220989015 -0.019164285257015676 1.0434541694325692 0 0 0 0.47 157 61 175 198 201 731 
764 0.06958777644797166 0.03683744869453432 1.032284160951424 0 0 0 0.19 157 62 201 732 213 114 231 47 
765 0.08023568681571425 -0.011912452499492047 1.0418776079673877 0 0 0 0.31 158 26 201 733 204 60 231 48 
766 0.22646873819815894 0.0361662632778161 1.02585899339586 0 0 0 0.14 158 27 175 199 201 734 
767 0.49254425813073266 0.0032758790204788437 1.0780710025614866 0 0 0 0.4 170 18 201 735 234 110 
768 0.47497696665355404 0.007358410621885952 1.0684128139057534 0 0 0 0.31 170 19 201 736 234 111 
769 0.1500034520412538 0.055700973901782164 1.0215126622979427 0 0 0 0.18 158 28 187 211 201 737 
770 0.10054507384331485 0.09082176035904337 1.023128074122288 0 0 0 0.47 164 37 172 21 204 61 213 115 
771 0.1830245726578463 -0.11587587198625143 1.060318320428615 0 0 0 0.08 165 41 201 738 235 42 
772 0.48908136967984145 -0.017756535448761778 0.927184741474569 0 0 0 0.16 165 42 201 739 235 43 
773 0.40432177837165206 0.07077727789995572 1.020810047634747 0 0 0 0.29 170 20 175 200 201 740 
774 0.4614144632854183 0.01617408966003196 1.0603268285576444 0 0 0 0.33 170 21 201 741 234 112 
775 0.5018039230874174 0.027872404442350705 1.073929714706645 0 0 0 0.31 170 22 201 742 234 113 
776 0.15500071354986023 -0.19736054043743775 1.0740070243865791 0 0 0 0.48 172 22 197 57 201 743 
777 0.1196740197050433 -0.01218647156358435 1.0418587903687517 0 0 0 0.37 175 201 201 744 223 50 
778 0.13250937780954236 -0.01428818088301785 1.041305304810544 0 0 0 0.43 175 202 187 212 201 745 
779 0.06758842095389736 0.031761532735367304 1.0384849969956382 0 0 0 0.23 175 203 187 213 201 746 
780 0.11008684418731145 0.03841124565662904 1.0284731498613362 0 0 0 0.26 175 204 187 214 201 747 
781 0.14680550256752453 0.050373056949189234 1.020385380015993 0 0 0 0.21 175 205 187 215 201 748 
782 0.14680550256752453 0.050373056949189234 1.020385380015993 0 0 0 0.21 175 206 187 216 201 749 
783 0.048992819496275014 0.0907543208837932 1.029674013787091 0 0 0 0.11 175 207 187 217 201 750 
784 0.1689346570366872 0.05335477061576007 1.0286185755234019 0 0 0 0.15 175 208 187 218 201 751 
785 0.21518809404975744 0.052898982288216254 1.0281344556035381 0 0 0 0.24 175 209 187 219 201 752 
786 0.2243277292682634 0.09905679645684992 1.0161630556042427 0 0 0 0.32 175 210 187 220 201 753 
787 0.05057064247202006 0.04585486812754418 1.037279042601274 0 0 0 0.12 175 211 187 221 201 754 
788 0.0525163317209022 0.050953877714936806 1.036506944496859 0 0 0 0.17 175 212 176 110 187 222 201 755 
789 0.10040407333867717 0.043014852524277364 1.0295619862926106 0 0 0 0.33 175 213 201 756 231 49 
790 0.23179932761360822 0.08541145021945788 1.0182870121804832 0 0 0 0.31 175 214 201 757 234 114 
791 0.12829220663614554 0.048196870694031405 1.031657593057844 0 0 0 0.34 176 111 201 758 223 51 
792 0.11697115269010737 0.05658354907545805 1.0227445990100794 0 0 0 0.35 176 112 201 759 234 115 
793 0.10312045972713414 0.03403176744487054 1.0341267752894858 0 0 0 0.25 176 113 201 760 204 62 
794 0.05686919457600243 0.005180159389244662 1.045298704726109 0 0 0 0.27 176 114 201 761 204 63 
795 0.2106853198047789 0.06726061269162373 1.0256784666733014 0 0 0 0.36 187 223 201 762 213 116 
796 0.10420260743530181 0.000551313018420265 1.0424186832888078 0 0 0 0.1 197 58 201 763 204 64 
797 0.3131222436542511 0.0657601265828269 1.0216141317297214 0 0 0 0.37 201 764 213 117 223 52 235 44 
798 0.3534331334844152 0.05185268270517821 1.024765903044359 0 0 0 0.3 201 765 204 65 232 41 
799 0.06322409057943575 0.010942643373862422 1.0491979663610027 0 0 0 0.22 201 766 204 66 231 50 
