# Image list with two lines of data per image:
#   IMAGE_ID, QW, QX, QY, QZ, TX, TY, TZ, CAMERA_ID, NAME
#   POINTS2D[] as (X, Y, POINT3D_ID)
# Number of images: 236, mean observations per image: 1.716
232 0.9315557679366425 0.09424175959119709 -0.342198587242761 0.07888262534902207 0.5697091298348528 0.0856485841752958 0.8710290280670633 232 image_000232.jpg
 608.529 227.532 0 517.223 254.488 2 369.301 251.636 4 734.825 264.322 16 469.543 232.946 27 481.890 248.920 28 688.603 416.156 37 722.770 266.630 45 653.923 256.996 46 649.277 256.898 47 644.168 256.860 48 634.193 256.767 50 409.158 242.712 57 726.678 321.482 58 695.069 410.569 64 638.858 409.292 65 690.501 413.816 66 523.079 222.962 74 764.522 306.247 76 775.000 330.440 103 759.452 266.080 105 456.634 394.049 108 679.330 261.228 110 718.563 292.435 112 691.104 291.404 114 591.372 276.135 115
42 0.9995796684238233 0.005893913665183132 0.02773526899732208 -0.006041527940603401 -0.04536210475495529 0.0100085875543164 0.018533548811209707 42 image_000042.jpg
 597.876 284.975 0 616.460 319.986 1 499.005 342.404 2 500.883 345.455 3 375.361 372.625 4 887.876 378.429 5 691.509 475.826 6 710.594 479.039 7 696.997 516.008 8 597.817 517.837 9 595.109 518.466 10 716.653 519.277 11 637.764 526.577 12 595.579 532.968 13 596.223 562.631 14 744.353 276.339 15 772.454 288.975 16 755.714 289.273 17 521.090 293.559 18 524.277 294.500 19 739.693 299.613 20 662.468 309.963 21 917.096 311.828 22 646.462 313.457 23 635.872 315.888 24 713.081 328.232 25 559.035 328.450 26 454.446 330.113 27 465.639 344.760 28 935.411 375.311 29 845.581 456.198 30 718.113 475.088 31 645.637 483.282 32 879.342 507.994 33 679.177 517.382 34 679.177 517.382 35 678.799 524.232 36 711.808 527.080 37 860.919 551.531 38 598.602 553.299 39 598.808 559.838 40 560.779 561.735 41 790.589 277.715 42 785.460 282.533 43 734.862 289.327 44 751.378 296.963 45 655.237 307.349 46 649.720 308.735 47 642.550 310.467 48 635.243 311.861 49 629.700 313.408 50 622.098 315.189 51 447.497 315.964 52 613.100 317.075 53 594.851 320.939 54 565.141 341.088 55 424.491 351.339 56 402.549 355.272 57 765.609 375.086 58 894.340 394.143 59 851.138 462.976 60 807.101 465.673 61 635.437 482.793 62 637.372 498.914 63 720.726 517.317 64 638.635 521.375 65 713.858 523.357 66 815.895 527.092 67 858.721 538.477 68 832.125 545.817 69 794.022 272.415 70 775.636 280.643 71 689.689 299.587 72 679.831 301.955 73 506.100 305.318 74 461.239 320.169 75 828.465 339.947 76 608.309 387.604 77 863.945 391.083 79 863.945 391.083 80 614.665 450.557 81 859.408 501.330 82 864.562 503.430 83 466.525 511.713 84 690.840 521.740 86 823.108 534.558 87 648.904 536.668 88 648.904 536.668 89 817.739 537.110 90 710.492 539.114 91 691.757 540.494 92 854.602 540.884 93 847.325 548.827 94 880.532 552.033 95 588.331 295.227 96 852.435 368.563 97 851.527 390.855 98 684.560 523.213 99 829.447 540.430 100 577.389 333.301 101 858.664 360.127 102 849.645 375.476 103 888.182 398.470 104 811.612 282.690 105 656.184 325.154 106 434.639 518.692 108 861.228 544.178 109 688.134 303.174 110 688.134 303.174 111 750.630 335.318 112 750.630 335.318 113 709.694 342.371 114 578.249 349.108 115 840.074 532.400 116 840.074 532.400 117
222 0.8679188190354522 0.14587798315404946 -0.4679485265413474 0.0803786537429095 0.2185175514371327 -0.021558300157958635 1.0086189059989599 222 image_000222.jpg
 243.641 132.880 0 257.836 164.543 1 150.135 153.604 2 346.966 176.422 20 293.402 167.361 21 112.960 145.907 28 317.588 315.691 37 283.532 163.708 47 239.104 159.968 54 215.373 169.497 55 33.913 134.789 57 356.027 228.956 58 269.790 293.195 63 319.576 313.301 66 382.668 330.868 69 391.996 215.966 76 405.124 249.013 79 420.668 317.927 85 276.727 317.725 89 316.606 322.657 91 305.388 322.516 92 389.961 333.159 94 234.999 137.899 96 400.859 248.333 98 404.413 230.785 102 401.026 239.158 103 289.058 177.128 106 400.702 329.974 107 395.219 330.531 109 312.541 169.096 110 224.986 178.439 115 385.866 323.597 116
235 0.8716625872317411 0.027824106688102895 -0.4717308131281018 0.1300005869661247 0.19861550937715639 0.0910780168708653 0.4233995514624611 235 image_000235.jpg
 64.223 319.874 1 318.471 445.600 5 136.387 506.247 6 156.972 512.200 7 135.419 547.383 8 14.463 538.972 9 158.344 551.890 11 66.539 553.180 12 219.273 320.628 15 242.718 341.243 16 227.424 336.430 17 342.653 393.945 22 91.774 322.982 24 178.833 361.533 25 345.677 448.900 29 282.238 507.159 30 166.252 509.365 31 81.511 507.582 32 298.620 553.225 33 117.051 546.919 34 117.051 546.919 35 115.414 553.870 36 152.459 559.850 37 283.231 588.639 38 260.233 335.939 42 255.629 338.957 43 206.337 329.731 44 222.916 342.867 45 117.302 320.503 46 108.589 319.994 47 99.831 319.259 48 83.917 317.506 50 73.241 316.535 51 33.658 311.866 54 320.213 460.106 59 286.528 513.991 60 252.972 511.458 61 69.647 523.902 63 163.001 550.454 64 68.128 547.491 65 155.566 555.703 66 251.203 565.934 67 282.243 577.628 68 246.909 334.213 71 145.027 323.860 73 350.735 462.145 78 302.378 453.436 79 302.378 453.436 80 287.569 547.026 82 290.694 549.201 83 325.862 562.227 85 129.272 551.932 86 256.859 573.221 87 128.930 571.347 92 278.531 578.733 93 294.822 589.645 95 297.156 432.247 97 295.069 451.829 98 122.393 553.818 99 295.770 437.975 103 315.587 461.924 104 277.433 346.403 105 117.200 340.187 106 292.968 581.635 107 283.992 581.919 109 155.678 329.094 110 214.542 379.487 112 214.542 379.487 113 269.256 571.530 116 269.256 571.530 117
227 0.9042709084923676 0.10250078549562301 -0.4073175007016237 0.0766823308204597 0.5413719950981086 0.02786922630106091 0.9119250805601691 227 image_000227.jpg
 419.406 201.195 2 437.904 162.965 18 553.950 208.416 21 542.599 208.232 23 474.506 202.489 26 601.524 206.972 44 548.934 205.252 46 539.695 205.308 48 524.138 204.793 51 517.757 204.329 53 503.340 203.903 54 480.497 214.012 55 572.911 206.204 72 565.696 206.319 73 423.987 170.209 74 650.493 253.092 76 498.073 181.903 96 645.715 214.905 105 362.915 337.330 108
217 0.9423258301377455 0.17223325555336674 -0.2828020257507264 0.0487927727104339 0.4516102430750173 0.035768371973945945 0.9355176301357211 217 image_000217.jpg
 462.524 110.310 2 464.937 112.599 3 487.890 80.317 19 422.180 92.572 27 432.277 106.182 28 415.193 80.140 52 516.721 120.067 55 393.848 104.323 56 372.071 101.968 57 665.348 107.776 70 596.235 110.464 73 428.428 85.883 75 677.956 151.114 76 545.202 156.716 77 721.722 184.240 78 690.258 181.695 79 690.258 181.695 80 439.378 226.283 84 569.579 249.459 88 674.231 261.164 94 687.223 169.144 97 685.508 181.080 98 525.694 115.924 101 686.209 172.825 103 673.578 116.170 105 680.170 258.196 109 602.544 112.928 110 602.544 112.928 111 525.229 127.073 115 671.075 252.796 116
220 0.9768951549074797 0.14312839081264453 -0.15627364137992011 0.02772494292385757 0.20902266480780837 0.1055717113943204 0.9358840343247733 220 image_000220.jpg
 419.078 208.055 3 275.151 212.524 4 437.765 164.375 18 444.361 167.479 19 745.666 229.253 22 554.187 202.169 23 545.267 202.701 24 475.681 202.185 26 380.400 202.097 28 667.507 193.939 42 664.011 196.997 43 556.251 198.873 47 550.448 199.057 48 543.783 199.203 49 539.153 199.739 50 532.579 199.943 51 360.100 171.773 52 482.328 214.318 55 335.398 201.399 56 599.312 366.715 66 678.053 384.621 69 669.981 190.272 70 590.761 197.190 72 581.667 197.547 73 375.674 177.942 75 688.644 244.316 76 518.373 257.876 77 522.554 308.403 81 388.738 348.146 84 581.934 364.731 86 549.791 374.191 88 549.791 374.191 89 668.849 379.279 90 686.948 387.236 94 502.007 177.004 96 577.396 366.222 99 676.140 380.962 100 492.735 208.685 101 706.505 261.231 102 681.115 200.452 105 703.558 383.005 107 695.238 383.645 109
224 0.9965351846946174 0.012270848216977529 0.07505048027781575 -0.033682136076508225 0.4280145688558597 0.08798875911923103 0.30039004342890835 224 image_000224.jpg
 871.112 482.368 4
223 0.9810431830593427 0.08287908371021711 -0.1668416919463514 0.05337776528772835 0.3329038674467929 0.018262892774357532 0.0829901703962365 223 image_000223.jpg
 1031.315 226.285 5 834.231 297.272 6 855.543 301.685 7 838.168 335.845 8 731.110 332.098 9 728.364 333.278 10 860.168 339.723 11 775.971 343.053 12 728.756 347.617 13 729.892 376.892 14 905.780 110.667 15 916.140 125.038 17 896.920 132.573 20 778.307 132.740 24 865.569 156.648 25 1067.474 228.269 29 990.003 291.639 30 864.261 298.622 31 784.711 301.189 32 1015.029 338.279 33 820.746 336.046 34 820.746 336.046 35 820.100 342.902 36 998.760 374.559 38 732.130 367.309 39 732.411 373.978 40 689.121 374.996 41 911.072 131.965 45 785.493 127.837 48 777.065 128.258 49 770.403 129.009 50 751.300 130.187 53 916.628 208.922 58 1034.270 240.863 59 996.248 297.930 60 955.658 296.846 61 774.768 300.492 62 775.713 316.364 63 865.072 338.272 64 959.407 351.106 67 996.963 363.367 68 973.831 368.901 69 936.388 120.026 71 828.531 125.312 73 1075.617 242.011 78 1010.362 235.128 80 748.022 267.082 81 1000.244 331.952 82 1004.045 334.012 83 1051.114 347.346 85 832.256 340.428 86 966.291 358.594 87 787.574 353.166 89 960.552 360.103 90 853.683 358.074 91 993.304 365.040 93 1013.885 375.692 95 1002.719 213.322 97 826.064 342.490 99 971.668 364.146 100 1008.560 206.736 102 1028.797 244.043 104 1010.490 367.741 107 838.534 128.244 110 838.534 128.244 111 904.678 169.325 112 904.678 169.325 113 859.838 169.577 114 980.934 357.499 116 980.934 357.499 117
234 0.7823426902189365 0.05099867216501126 -0.6094788056791537 0.11779083713966475 0.6038252546422506 0.03909710747010137 0.543890353819295 234 image_000234.jpg

214 0.9687453854358655 0.10114233450077018 -0.2213803346180762 0.04788891661784626 0.42268542825348593 0.01712839157380501 0.08622694458853415 214 image_000214.jpg

231 0.926792992264815 0.06337702462467941 -0.360514277968823 0.08406872481944375 0.6775811275407744 0.02167747321793457 0.1684681165111212 231 image_000231.jpg

