# Image list with two lines of data per image:
#   IMAGE_ID, QW, QX, QY, QZ, TX, TY, TZ, CAMERA_ID, NAME
#   POINTS2D[] as (X, Y, POINT3D_ID)
# Number of images: 236, mean observations per image: 17.453
128 0.9601242903099835 -0.1803989742393588 -0.2129995931808819 0.01577124421596028 0.2595899804970622 -0.0786510230970946 -0.18753084656836916 128 image_000128.jpg
 497.422 460.928 0 620.565 506.612 2 614.475 506.696 3 514.280 506.085 6 489.356 453.069 10 533.059 497.439 26 449.817 490.841 31 470.027 478.929 45 691.073 510.547 62 689.464 476.715 117 689.464 476.715 118 674.078 495.546 119 682.926 585.517 120 481.313 488.345 145 687.448 507.998 159 310.896 706.984 254 527.266 469.973 306 637.508 568.741 401 591.641 502.266 404 578.967 446.836 417 686.304 510.544 418 480.250 453.264 419 348.707 474.886 420 307.440 665.884 421 648.107 497.457 422 682.926 585.517 423
162 0.9938810200757588 -0.06399510614873308 -0.0899738075047547 0.00313936243344627 -0.1431070999136216 -0.03115227369765773 -0.16141599306124907 162 image_000162.jpg
 378.269 222.768 0 399.630 242.438 1 368.896 215.909 10 535.302 262.402 13 449.936 260.592 14 419.815 261.096 15 409.008 219.518 23 411.531 255.845 26 107.997 292.625 27 98.771 411.966 29 333.753 251.795 31 438.840 242.874 39 111.691 298.775 42 353.489 239.359 45 506.662 252.816 52 530.435 262.724 55 581.271 262.427 58 396.996 266.982 61 608.186 264.837 63 347.102 225.925 77 516.377 256.296 78 581.246 259.461 82 600.119 259.033 84 189.614 334.479 87 322.186 261.410 96 565.583 280.576 127 565.583 280.576 128 429.930 261.142 153 435.246 261.296 154 387.668 434.270 197 557.940 286.984 225 566.482 347.473 245 323.609 189.570 264 558.317 214.170 265 520.351 272.592 274 405.796 230.473 305 176.957 439.017 322 524.262 234.808 331 507.472 255.737 334 606.382 272.785 340 326.448 265.202 380 505.455 320.921 401 497.447 320.849 407 604.376 442.509 412 558.011 265.355 418 381.560 223.914 425 342.702 245.375 428 452.144 232.290 431 598.531 413.947 432 451.000 223.606 434 641.363 447.648 444 531.575 266.909 455 567.128 265.222 465 293.948 263.244 473 132.159 269.604 483 557.182 388.143 516 611.497 403.945 530 631.066 437.236 546 368.607 230.485 576 170.630 281.019 588 121.839 338.725 600 625.872 433.393 621 604.376 442.509 631 604.941 447.472 633 557.227 220.254 640 554.691 271.401 645 125.827 402.210 660 100.508 424.831 662 615.949 444.555 668 627.066 447.551 669 454.698 183.246 671 631.895 425.599 691 532.012 431.611 760 329.568 219.291 770 598.531 413.947 780
164 0.9957642069153461 -0.06993847445395542 -0.05941554691587272 0.0056622288345581666 -0.11656394706926565 -0.030203179610687407 -0.2907842441764903 164 image_000164.jpg
 472.896 204.978 0 497.997 229.844 1 615.109 253.560 2 500.960 252.988 5 489.227 256.686 6 113.898 381.528 7 484.596 456.644 8 460.171 196.524 10 547.866 207.852 11 561.438 251.230 14 361.586 266.280 18 213.629 263.918 19 186.007 265.091 20 509.283 200.892 23 499.253 202.537 24 588.947 215.478 25 512.265 245.871 26 146.956 294.038 27 417.367 241.824 31 258.339 269.692 32 291.465 331.803 34 258.025 452.044 35 299.100 467.862 36 121.425 476.787 38 546.481 229.975 39 150.545 301.411 42 300.644 342.731 43 441.522 226.318 45 395.175 258.643 54 765.438 251.554 60 556.716 506.996 69 699.463 176.600 73 635.015 183.234 74 635.015 183.234 75 644.225 245.035 78 684.637 248.546 80 717.871 248.263 81 741.264 247.735 83 213.629 263.918 85 242.173 344.137 87 402.932 253.768 96 123.189 267.877 98 730.753 402.159 100 481.425 152.143 101 692.095 186.708 102 451.545 243.492 103 562.007 480.519 106 211.180 473.780 111 686.604 345.534 120 421.637 276.002 125 458.973 276.116 126 435.172 460.692 132 526.240 211.438 137 734.747 252.261 160 753.130 251.810 161 742.519 260.779 164 653.182 332.904 174 361.345 425.574 187 522.054 490.298 200 192.974 264.805 216 408.855 269.192 221 99.736 294.964 222 91.073 360.312 243 271.378 469.883 254 398.115 486.061 257 406.119 155.600 263 696.819 191.932 265 527.074 206.522 266 503.640 207.772 267 680.784 332.506 281 687.217 399.681 288 25.953 187.054 301 506.474 214.334 305 270.965 415.109 320 653.698 219.415 331 677.814 217.923 332 740.102 226.806 333 147.257 283.631 336 136.424 286.640 337 394.725 417.135 342 498.452 461.023 345 176.200 348.759 367 407.814 257.841 380 233.770 267.139 396 740.772 324.908 402 621.324 325.470 407 143.076 358.319 410 758.891 478.370 412 628.161 247.306 416 649.964 241.630 422 686.604 345.534 423 503.528 245.231 426 428.972 233.079 428 750.811 442.071 432 705.599 175.864 433 688.354 248.724 435 745.764 255.133 436 665.089 283.787 449 558.784 188.080 457 504.345 200.027 459 411.328 210.512 463 507.399 252.849 470 261.455 261.613 476 159.370 266.401 484 303.548 284.215 485 434.745 333.851 496 164.750 322.944 499 696.859 410.241 516 703.577 417.660 521 703.577 417.660 522 401.145 431.489 534 270.178 433.643 537 595.630 449.841 539 400.803 449.394 543 793.428 471.946 546 232.208 475.301 557 232.208 475.301 558 208.458 191.767 577 205.831 196.607 580 205.831 196.607 581 719.042 419.868 607 731.119 441.588 611 731.180 447.643 612 123.198 439.341 618 786.146 466.630 621 269.433 450.520 622 758.891 478.370 631 468.642 476.667 634 406.119 155.600 638 496.215 245.418 646 166.339 425.606 660 136.443 453.558 662 774.015 482.198 668 308.327 229.234 675 98.262 244.898 679 121.023 357.373 684 121.023 357.373 685 714.395 425.684 688 118.241 444.100 694 201.487 252.365 724 177.845 269.626 727 337.682 223.985 753 687.385 441.365 755 149.121 444.745 759 128.488 460.207 761 474.345 481.878 762 514.334 484.854 763 729.100 295.441 765 708.516 303.316 776 709.318 383.620 779
136 0.9925698819315467 -0.09656072372270394 -0.07361141634166662 0.007900483156330495 -0.209690973769718 0.01542447080408453 0.16739535462552257 136 image_000136.jpg
 240.544 295.471 0 273.664 327.899 1 315.601 358.489 4 276.467 359.058 5 225.709 284.698 10 353.192 357.344 14 306.280 358.456 15 291.660 349.567 26 168.864 341.532 31 193.004 337.062 40 199.620 322.636 45 563.543 361.574 58 535.146 366.436 62 605.577 366.278 63 450.292 270.533 75 447.730 441.500 86 149.820 357.741 96 524.975 453.045 99 563.116 554.205 100 211.491 346.276 103 528.317 585.697 105 175.729 366.951 114 539.995 313.233 118 173.609 387.584 125 537.955 390.328 127 427.970 388.777 130 361.462 294.142 136 310.232 305.443 137 244.932 358.189 152 322.095 358.254 153 330.262 358.723 154 315.847 363.689 156 512.856 361.384 158 596.962 361.862 161 549.041 366.345 162 371.257 282.637 207 370.141 320.495 209 344.729 357.617 214 576.621 360.174 218 525.655 423.580 228 598.089 463.402 240 147.204 564.959 248 516.043 553.488 249 528.913 282.382 265 312.669 298.162 266 464.837 377.915 274 87.984 552.719 284 116.555 647.370 295 116.555 647.370 296 284.151 307.937 305 269.501 370.035 312 205.920 281.179 327 79.996 302.259 328 473.327 316.848 331 445.238 350.012 334 536.638 368.576 335 604.130 378.860 340 151.260 311.507 348 155.446 363.744 380 483.485 391.429 397 139.758 377.880 405 428.468 455.608 407 526.837 366.262 418 590.965 457.640 424 539.600 263.211 433 356.254 296.852 434 515.731 356.684 435 587.806 366.392 436 605.577 366.278 437 139.545 372.003 438 543.920 498.333 439 243.450 371.383 440 521.656 554.070 441 399.343 570.022 442 299.245 571.203 443 653.862 661.390 444 395.325 462.419 445 570.525 554.131 446 562.325 571.170 447 69.433 290.246 448 485.830 401.212 449 116.700 455.338 450 394.789 469.059 451 102.327 470.494 452 154.809 570.661 453 505.390 572.815 454 485.548 369.235 455 484.376 432.345 456
200 0.9819251005406153 -0.12912994047980808 -0.1382354859308111 0.006285897065775882 0.06915749658801132 -0.17633554791716155 -0.679491454197887 200 image_000200.jpg
 478.289 97.612 0 671.721 161.190 2 527.763 93.580 23 402.452 142.637 31 579.372 130.480 39 429.111 137.272 40 436.059 123.768 45 832.954 159.358 83 381.946 156.880 96 448.997 145.350 103 792.096 190.688 128 604.287 97.166 136 552.012 107.635 137 363.046 149.503 150 317.625 390.163 187 81.805 177.555 215 81.805 177.555 216 45.409 133.931 268 379.783 122.306 270 524.180 110.920 305 841.168 254.211 402 716.267 148.347 422 373.620 151.727 427 419.055 131.641 428 602.575 114.434 431 871.232 406.009 432 590.136 98.677 458 394.400 103.253 463 100.602 195.400 488 118.617 467.330 557 590.853 126.525 575 486.427 466.490 762
232 0.9787508494596193 -0.06238229893900695 -0.1953274132129847 0.0015570347626738881 0.14830263360343177 -0.01005038821019841 0.0088971890226291 232 image_000232.jpg
 451.021 217.108 0 470.626 236.325 1 375.918 405.365 9 443.490 210.581 10 364.080 259.517 18 481.890 248.920 26 178.259 275.392 27 409.158 242.712 31 317.710 414.560 36 181.249 280.956 42 427.693 231.861 45 628.128 199.467 48 592.894 244.486 50 586.027 382.770 65 517.879 440.757 69 116.960 126.428 70 124.024 127.526 71 120.261 130.085 72 614.939 204.583 73 569.610 206.915 74 569.610 206.915 75 423.499 219.131 77 591.772 255.551 79 644.168 256.860 83 649.277 256.898 84 638.355 382.473 88 119.719 135.060 93 146.394 205.516 94 153.527 252.873 97 637.854 366.065 100 456.679 176.976 101 176.074 327.084 104 120.325 124.142 107 120.325 124.142 108 590.681 240.098 109 495.867 420.115 110 242.432 419.536 111 414.929 257.486 114 607.767 233.758 115 620.027 231.970 117 620.027 231.970 118 604.567 248.764 119 456.634 394.049 121 485.555 395.567 122 185.785 396.621 123 635.576 264.655 124 413.323 269.647 125 442.246 271.196 126 621.130 275.587 127 621.130 275.587 128 188.877 308.121 131 427.391 408.055 132 620.383 265.520 163 604.876 213.238 206 463.741 302.045 231 265.411 404.302 251 633.808 420.113 258 613.846 287.282 277 628.062 309.958 279 608.463 364.888 288 384.138 419.318 295 490.690 390.895 321 642.509 242.016 333 401.764 254.920 380 474.367 248.785 426 417.529 236.870 428 520.125 228.857 431 593.099 262.358 455 591.506 297.820 456 476.706 214.673 459 624.041 309.993 489 394.710 316.337 498 602.173 382.341 531 539.493 400.237 538 545.103 400.762 539 156.756 408.543 553 579.103 424.818 556 625.896 204.765 566 614.028 224.677 570 469.543 232.946 578 643.928 308.357 587 658.217 365.917 602 666.408 412.717 623 549.126 424.387 636 319.025 229.054 675 608.942 393.337 755 547.944 393.039 756 606.998 263.034 772 606.998 263.034 773 621.264 295.630 775 621.264 295.630 776
142 0.9780235831203963 0.07649833897350271 0.19355994058902973 -0.012346469686601351 -0.4771771328478469 0.08853078444192913 0.043362215302971435 142 image_000142.jpg
 455.432 212.569 0 472.809 229.017 1 550.360 236.864 2 545.061 237.737 3 494.404 243.072 4 474.712 246.248 5 467.856 249.708 6 274.663 353.621 7 470.953 391.482 8 405.854 394.076 9 445.770 208.143 10 504.335 207.155 11 584.402 228.602 12 589.896 230.692 13 513.311 239.852 14 489.227 243.836 15 350.953 263.017 16 318.972 269.282 17 392.877 265.173 18 315.498 272.843 19 302.486 275.331 20 489.703 203.228 21 482.611 204.203 22 477.890 205.798 23 471.982 208.245 24 533.430 208.575 25 482.400 239.611 26 285.503 296.565 27 407.607 303.851 28 287.949 387.152 29 420.012 402.280 30 423.364 244.246 31 338.265 274.151 32 288.237 310.288 33 359.775 314.086 34 347.276 393.596 35 368.615 403.110 36 368.422 407.805 37 284.940 410.604 38 503.922 224.291 39 434.072 239.541 40 483.031 248.739 41 286.916 300.448 42 364.198 321.064 43 355.174 322.278 44 436.837 231.281 45 378.343 236.726 46 283.198 330.661 47 626.070 155.666 48 606.640 167.279 49 583.936 215.911 50 557.596 224.615 51 561.942 225.024 52 192.525 291.383 53 410.452 258.183 54 583.724 231.525 55 593.392 230.467 56 597.753 229.253 57 631.489 224.879 58 647.350 222.537 59 662.192 220.350 60 471.252 251.512 61 614.772 230.077 62 658.020 223.799 63 621.937 233.604 64 576.676 365.039 65 628.167 380.434 66 566.881 398.289 67 599.259 415.246 68 514.434 423.438 69 159.663 203.896 70 165.101 203.974 71 162.640 206.530 72 612.274 164.583 73 563.642 178.333 74 563.642 178.333 75 449.483 202.851 76 430.768 219.520 77 569.894 227.214 78 587.718 227.820 79 600.837 225.920 80 624.789 222.510 81 632.215 221.417 82 643.581 219.700 83 649.788 218.456 84 315.498 272.843 85 565.505 282.307 86 335.531 324.117 87 630.291 361.367 88 274.861 392.903 89 405.854 394.076 90 428.343 395.600 91 464.521 399.824 92 162.351 210.629 93 267.217 243.723 94 409.375 231.104 95 415.142 254.269 96 272.407 280.672 97 272.407 280.672 98 610.273 284.259 99 630.875 343.764 100 460.207 170.594 101 607.305 172.674 102 443.582 243.130 103 287.266 337.891 104 611.548 362.458 105 518.095 405.044 106 162.133 201.867 107 162.133 201.867 108 585.068 211.115 109 496.726 404.377 110 325.545 407.110 111 414.064 177.330 112 414.064 177.330 113 426.908 257.730 114 604.052 199.951 115 541.995 242.051 116 615.944 196.019 117 615.944 196.019 118 601.357 216.724 119 601.433 302.617 120 463.821 381.567 121 487.386 381.603 122 294.832 390.267 123 632.046 229.615 124 427.514 268.410 125 450.135 266.320 126 617.067 245.294 127 617.067 245.294 128 616.330 330.309 129 553.870 252.244 130 293.241 321.998 131 440.231 395.336 132 92.339 212.849 133 526.062 185.187 134 454.889 202.755 135 516.049 201.450 136 490.489 212.017 137 345.999 238.088 138 482.244 217.137 139 259.548 259.038 140 391.059 244.258 141 395.692 243.902 142 577.878 213.863 143 664.093 199.907 144 444.333 238.587 145 579.256 216.514 146 648.781 205.436 147 660.862 203.697 148 554.700 223.282 149 406.784 250.675 150 651.997 214.620 151 459.029 248.251 152 498.028 242.482 153 501.684 242.049 154 302.486 275.331 155 495.559 245.510 156 503.874 244.281 157 601.923 229.098 158 611.087 228.031 159 637.192 224.108 160 652.143 221.990 161 623.368 228.613 162 616.001 234.143 163 643.441 230.633 164 250.662 299.102 165 204.341 316.960 166 397.177 295.152 167 196.913 329.289 168 204.976 334.246 169 207.848 340.035 170 658.092 273.860 171 621.743 279.991 172 424.140 313.902 173 577.461 294.933 174 539.875 304.237 175 470.051 316.223 176 208.059 380.882 177 617.589 332.464 178 461.855 355.714 179 223.101 389.071 180 513.394 353.887 181 467.033 359.481 182 351.811 371.229 183 223.356 392.992 184 517.624 361.860 185 540.574 358.293 186 399.010 373.777 187 223.732 398.667 188 545.590 359.889 189 576.676 365.039 190 468.107 377.721 191 606.922 363.492 192 571.422 367.302 193 464.492 379.086 194 468.123 383.048 195 472.819 395.986 196 470.739 398.185 197 504.955 400.238 198 574.489 401.949 199 492.381 413.031 200 541.348 412.125 201 510.742 415.541 202 164.506 222.902 203 561.715 181.741 204 515.253 192.079 205 601.785 176.944 206 520.472 193.437 207 379.448 230.548 208 521.981 216.077 209 171.761 286.370 210 398.290 246.064 211 592.572 215.015 212 260.576 279.929 213 509.012 240.542 214 306.264 274.419 215 306.264 274.419 216 636.773 220.452 217 640.062 222.868 218 566.015 239.915 219 387.010 269.625 220 418.768 264.665 221 262.774 299.576 222 262.895 302.172 223 140.048 331.571 224 610.692 252.378 225 203.615 328.287 226 203.615 328.287 227 610.717 266.410 228 201.124 333.885 229 213.238 333.185 230 470.055 293.819 231 220.118 333.657 232 192.270 345.192 233 383.820 316.191 234 674.796 277.524 235 387.892 318.210 236 452.963 310.757 237 457.246 310.259 238 480.680 307.795 239 652.957 285.763 240 537.165 304.484 241 625.072 293.556 242 263.438 340.838 243 205.404 355.532 244 617.662 311.313 245 207.388 385.400 246 216.385 389.364 247 420.791 363.960 248 604.390 344.917 249 526.405 357.612 250 338.958 394.673 251 336.709 401.709 252 209.838 421.143 253 354.522 404.259 254 488.008 395.266 255 480.278 402.957 256 420.167 412.501 257 624.957 400.786 258 486.014 415.889 259 26.356 149.198 260 26.356 149.198 261 96.603 215.758 262 414.222 181.182 263 413.682 189.090 264 610.986 177.555 265 491.261 207.855 266 474.988 211.586 267 290.569 253.033 268 413.402 232.997 269 413.402 232.997 270 270.678 283.691 271 263.169 286.194 272 198.614 305.112 273 574.202 242.739 274 307.859 286.967 275 253.540 301.507 276 609.735 258.966 277 387.800 308.577 278 624.753 282.857 279 411.090 314.882 280 597.067 292.908 281 609.444 311.376 282 609.606 328.783 283 396.513 358.662 284 439.448 356.257 285 466.578 354.125 286 396.915 365.969 287 599.973 344.204 288 257.764 384.240 289 143.339 421.902 290 616.411 366.545 291 356.967 391.455 292 363.329 394.291 293 433.826 388.362 294 410.986 405.123 295 410.986 405.123 296 471.680 404.480 297 591.279 399.940 298 492.098 408.587 299 621.974 408.318 300 188.196 253.303 301 641.495 165.253 302 673.545 176.430 303 451.783 219.333 304 477.367 216.294 305 477.367 216.294 306 176.289 283.279 307 406.413 240.194 308 399.142 242.043 309 596.508 208.866 310 302.204 261.310 311 471.764 253.103 312 135.840 331.005 313 276.640 302.470 314 186.459 327.942 315 470.578 309.863 316 269.317 346.546 317 605.076 318.805 318 420.735 357.524 319 352.008 369.636 320 491.275 377.272 321 333.322 406.023 322 448.696 404.555 323 505.163 404.444 324 507.409 164.227 325 464.521 179.725 326 439.469 207.045 327 384.034 228.850 328 295.373 248.515 329 397.792 235.802 330 579.985 204.099 331 595.291 201.473 332 643.930 201.422 333 563.299 227.514 334 615.579 231.790 335 284.971 288.717 336 279.997 291.008 337 279.997 291.008 338 579.330 244.374 339 655.824 232.275 340 202.570 346.837 341 415.238 367.812 342 437.633 365.944 343 221.612 418.469 344 478.675 393.934 345 508.680 411.058 346 594.981 189.515 347 414.493 228.063 348 316.012 248.838 349 630.741 196.449 350 168.510 283.128 351 308.874 253.487 352 177.176 303.778 353 177.176 303.778 354 192.136 305.140 355 128.774 331.841 356 208.865 325.493 357 137.709 345.099 358 209.704 333.191 359 194.990 346.183 360 131.433 367.085 361 116.748 377.541 362 25.929 158.393 363 25.929 158.393 364 203.849 312.597 365 124.816 359.776 366 302.710 329.368 367 302.710 329.368 368 331.041 387.174 369 371.314 385.313 370 417.044 383.300 371 417.044 383.300 372 440.840 382.385 373 440.840 382.385 374 372.566 415.679 375 28.406 176.550 376 28.406 176.550 377 39.908 186.382 378 267.328 258.556 379 419.707 256.189 380 633.457 259.938 381 348.887 315.273 382 138.375 358.815 383 429.077 315.199 384 340.968 349.750 385 321.948 387.286 386 321.948 387.286 387 340.573 386.508 388 429.148 383.018 389 429.148 383.018 390 452.252 381.388 391 452.252 381.388 392 475.293 379.557 393 44.175 205.822 394 472.007 243.303 395 325.016 273.711 396 585.425 249.183 397 361.150 384.779 398 535.122 232.833 399 617.549 156.808 400 561.955 290.946 401 641.428 282.589 402 611.324 366.984 403 527.252 236.669 404 410.873 265.931 405 422.365 302.506 406 555.447 291.732 407 565.471 304.463 408 527.873 233.215 409 287.266 337.891 410 608.754 358.035 411 649.187 399.662 412 538.682 226.812 413 630.875 343.764 414 375.151 273.390 415 558.795 230.779 416 517.433 187.038 417 609.333 230.928 418 440.077 208.872 419 366.184 241.974 420 352.046 379.089 421 575.640 223.325 422 601.433 302.617 423 648.778 282.786 424 458.800 213.078 425 476.416 240.337 426 410.996 251.328 427 428.719 238.609 428 650.527 222.678 429 449.930 210.817 430 515.556 211.704 431 645.921 372.543 432 617.667 163.015 433 513.770 203.555 434 603.849 225.541 435 646.268 225.513 436 658.020 223.799 437 410.475 262.386 438 620.770 310.670 439 458.612 255.370 440 608.993 343.889 441 540.574 358.293 442 491.395 361.898 443 684.186 403.770 444 537.923 297.762 445 635.907 343.077 446 630.703 353.330 447 378.986 223.432 448 587.765 255.366 449 405.979 307.953 450 537.676 301.250 451 400.563 316.608 452 425.147 365.882 453 596.951 356.346 454 585.350 236.119 455 586.659 273.882 456 510.003 191.140 457 509.367 203.080 458 475.176 205.908 459 418.880 206.467 460 333.910 208.543 461 641.039 211.746 462 418.733 221.931 463 179.267 225.796 464 619.137 229.486 465 638.778 235.384 466 347.726 240.242 467 533.416 241.377 468 264.097 244.760 469 479.174 245.570 470 514.547 246.487 471 293.985 256.195 472 395.459 258.045 473 321.206 261.244 474 387.456 266.531 475 339.581 268.315 476 393.985 268.683 477 360.652 268.912 478 255.212 271.384 479 311.449 273.509 480 658.092 273.860 481 168.925 276.433 482 296.520 276.380 483 290.166 277.501 484 363.380 280.965 485 266.687 281.418 486 261.379 283.194 487 313.288 282.827 488 620.489 283.052 489 263.627 290.051 490 582.539 292.565 491 245.335 293.447 492 562.801 299.900 493 525.003 301.189 494 367.042 308.570 495 436.437 309.482 496 401.593 311.373 497 414.142 313.822 498 295.958 314.525 499 245.881 317.711 500 250.105 317.428 501 249.101 321.601 502 207.860 322.374 503 306.542 327.506 504 617.589 332.464 505 201.124 333.885 506 273.448 337.269 507 307.181 340.177 508 286.333 340.765 509 262.695 344.103 510 251.244 344.916 511 171.132 345.655 512 289.978 347.223 513 250.134 347.919 514 623.225 349.622 515 607.727 350.898 516 592.063 351.639 517 625.005 352.938 518 625.005 352.938 519 263.993 353.318 520 612.227 356.259 521 612.227 356.259 522 486.200 356.528 523 604.634 357.288 524 206.041 358.528 525 373.598 359.171 526 198.935 360.713 527 655.674 360.953 528 348.440 362.535 529 657.406 362.862 530 592.818 363.541 531 627.635 363.939 532 256.460 366.069 533 419.693 377.141 534 207.024 378.199 535 546.011 378.720 536 352.466 381.995 537 533.413 384.589 538 537.977 384.285 539 194.594 386.894 540 255.140 386.803 541 265.969 386.936 542 420.027 389.284 543 464.517 393.503 544 353.211 394.089 545 676.418 393.804 546 198.502 394.488 547 635.021 394.465 548 168.445 394.961 549 630.797 396.001 550 678.520 396.751 551 678.520 396.751 552 282.324 399.291 553 332.447 402.112 554 278.444 404.919 555 569.041 406.913 556 335.940 408.127 557 335.940 408.127 558 504.514 409.088 559 252.860 411.228 560 356.523 412.587 561 423.186 418.079 562 212.438 419.773 563 420.563 421.660 564 168.449 424.872 565 624.176 162.089 566 627.885 164.434 567 617.186 184.924 568 622.579 185.032 569 610.976 188.430 570 520.533 189.612 571 462.340 198.992 572 545.466 213.892 573 668.409 215.520 574 510.137 220.672 575 446.052 222.090 576 308.416 223.986 577 472.007 225.150 578 482.502 225.934 579 307.782 228.160 580 307.782 228.160 581 313.318 235.874 582 368.858 262.439 583 233.045 268.668 584 263.622 271.879 585 656.822 277.030 586 641.083 279.017 587 320.296 282.580 588 483.571 303.620 589 195.219 304.226 590 189.946 314.676 591 196.098 314.828 592 324.193 316.628 593 253.415 319.085 594 376.365 320.039 595 196.606 322.409 596 212.439 323.050 597 241.469 324.864 598 190.926 328.126 599 296.431 331.477 600 207.706 333.720 601 655.040 341.273 602 269.317 346.546 603 215.737 353.055 604 205.404 355.532 605 453.061 356.830 606 622.656 357.552 607 251.246 362.838 608 630.679 366.201 609 199.288 368.242 610 631.113 372.876 611 630.848 377.498 612 200.074 380.745 613 194.461 380.802 614 179.622 381.371 615 200.622 386.678 616 284.193 388.138 617 284.193 388.138 618 280.481 388.434 619 210.918 389.540 620 670.864 390.467 621 353.103 392.231 622 661.224 392.271 623 653.940 393.291 624 201.308 396.982 625 683.224 396.964 626 195.684 397.412 627 217.055 398.546 628 660.936 398.433 629 665.206 398.592 630 649.187 399.662 631 560.938 401.634 632 650.186 404.439 633 460.647 404.739 634 320.194 407.595 635 541.795 407.698 636 460.207 170.594 637 414.222 181.182 638 608.814 185.292 639 608.814 185.292 640 409.132 224.418 641 538.682 226.812 642 500.210 229.731 643 303.592 234.952 644 606.109 237.625 645 471.312 241.059 646 452.418 260.242 647 175.105 267.049 648 238.719 271.320 649 258.426 274.111 650 242.693 274.388 651 256.912 294.828 652 238.008 298.500 653 241.601 300.203 654 210.927 316.147 655 613.551 335.214 656 491.379 352.915 657 211.141 352.846 658 297.827 372.620 659 302.487 378.861 660 269.529 393.408 661 289.202 396.288 662 670.097 396.644 663 171.460 398.174 664 191.218 398.672 665 191.218 398.672 666 578.241 401.735 667 659.801 402.231 668 670.748 403.867 669 426.258 405.164 670 517.159 163.387 671 629.722 168.830 672 459.572 179.273 673 173.488 242.814 674 362.408 242.610 675 267.499 247.300 676 331.364 249.331 677 540.044 250.529 678 259.879 266.679 679 17.955 289.141 680 262.113 293.066 681 267.530 300.609 682 267.530 300.609 683 277.316 337.713 684 277.316 337.713 685 668.902 340.683 686 21.962 359.657 687 619.112 361.251 688 474.563 369.153 689 267.585 381.269 690 676.958 382.431 691 517.583 383.331 692 364.109 389.296 693 281.316 391.423 694 666.411 392.615 695 47.000 397.620 696 452.476 399.753 697 397.792 235.802 698 176.129 251.651 699 447.050 262.480 700 168.510 283.128 701 273.059 290.755 702 273.059 290.755 703 642.146 292.636 704 282.084 320.374 705 211.609 359.047 706 252.561 363.676 707 384.626 365.901 708 451.740 370.330 709 303.837 371.378 710 204.427 372.477 711 204.427 372.477 712 405.175 372.154 713 285.195 379.485 714 312.869 222.810 715 447.138 224.360 716 388.783 237.802 717 388.783 237.802 718 590.220 242.925 719 324.672 250.982 720 260.245 251.890 721 300.526 254.428 722 309.011 265.710 723 309.011 265.710 724 167.625 269.144 725 167.625 269.144 726 297.565 278.448 727 193.099 318.098 728 256.946 317.294 729 339.533 324.860 730 193.524 325.994 731 193.524 325.994 732 303.744 343.052 733 303.744 343.052 734 210.237 343.720 735 194.990 346.183 736 350.131 346.939 737 350.131 346.939 738 211.903 369.657 739 182.433 379.908 740 182.433 379.908 741 393.684 384.194 742 213.155 390.464 743 168.457 399.729 744 198.473 399.218 745 199.306 410.160 746 305.358 410.407 747 169.579 412.119 748 617.734 170.882 749 505.336 181.073 750 472.235 186.571 751 173.263 225.932 752 378.343 236.726 753 256.987 348.899 754 599.842 374.213 755 540.892 376.586 756 340.573 386.508 757 175.674 389.969 758 294.832 390.267 759 585.092 391.918 760 286.222 400.568 761 463.800 408.281 762 487.768 409.802 763 479.102 195.931 764 633.457 259.938 765 569.624 376.217 766 405.665 383.012 767 361.150 384.779 768 314.433 399.547 769 418.978 215.595 770 632.046 229.615 771 600.320 233.841 772 600.320 233.841 773 35.225 263.471 774 617.954 266.795 775 617.954 266.795 776 250.215 268.447 777 634.006 281.665 778 616.330 330.309 779 645.921 372.543 780 163.799 224.165 781 569.553 392.364 782 564.965 191.718 783 398.642 207.882 784
146 0.9754053853269675 -0.12548097428002386 -0.18116699354979496 0.004169521668892344 0.17978708566630622 -0.11943329464801082 -0.45587842941353546 146 image_000146.jpg
 485.007 225.361 0 661.237 289.104 2 472.000 213.691 10 340.880 295.696 18 530.777 222.506 23 536.949 276.129 26 415.733 266.859 31 439.678 262.047 40 255.725 393.119 43 609.465 600.457 69 438.112 227.523 77 719.237 286.082 79 804.934 287.961 83 811.717 495.031 88 425.279 290.142 114 648.519 295.504 116 500.269 520.288 121 818.512 293.137 161 523.788 229.889 267 759.200 205.346 433 523.785 221.105 459 343.619 301.644 477 391.701 386.860 498 812.691 514.316 611 493.609 564.052 634 515.975 275.056 646 501.835 571.496 762 553.812 572.819 763 711.654 516.760 766
148 0.9972445573814692 -0.06543365225779176 0.034604607791925854 0.0049243963920701074 -0.3071586488026628 -0.011736003059337393 0.06952484552419146 148 image_000148.jpg
 488.283 208.749 0 513.627 233.708 1 629.443 256.127 2 622.437 256.486 3 545.554 256.469 4 515.913 257.792 5 148.974 394.194 7 498.679 467.477 8 389.102 467.341 9 563.713 209.649 11 677.999 250.050 12 684.216 253.981 13 574.792 254.852 14 538.881 256.667 15 307.959 264.113 16 241.026 273.914 19 215.649 275.282 20 531.274 202.231 22 524.266 203.377 23 514.687 205.536 24 604.980 216.553 25 179.531 305.493 27 414.278 480.002 30 433.984 247.907 31 283.040 278.768 32 315.540 341.440 34 283.049 463.394 35 321.057 479.302 36 320.562 487.309 37 157.433 489.039 38 561.001 231.966 39 452.160 242.392 40 182.649 312.569 42 456.671 231.850 45 358.283 230.861 46 168.488 360.151 47 736.341 163.959 48 678.753 233.492 50 647.009 242.078 52 54.200 272.949 53 412.372 265.512 54 696.647 253.478 57 743.907 252.026 58 721.342 256.466 62 778.741 254.443 63 567.504 518.039 69 33.520 132.967 71 717.941 172.751 73 651.416 181.446 74 651.416 181.446 75 479.739 194.664 76 449.663 214.174 77 658.754 246.019 78 682.216 249.798 79 734.691 248.167 81 744.330 247.831 82 759.523 246.927 83 768.401 246.644 84 268.909 354.595 87 742.930 434.342 88 152.797 221.775 94 419.928 260.914 96 156.837 278.913 97 713.235 327.582 99 743.359 409.645 100 710.037 182.500 102 467.586 248.898 103 176.234 370.373 104 678.513 227.416 109 424.372 152.730 112 424.372 152.730 113 705.608 216.282 115 724.134 212.023 118 488.535 452.428 121 526.089 454.884 122 182.664 455.545 123 744.382 257.718 124 722.781 389.139 129 581.143 203.749 136 541.611 213.935 137 301.075 226.933 138 136.958 244.239 140 386.827 243.050 142 669.630 229.575 143 672.998 233.485 146 215.649 275.282 155 547.923 259.854 156 715.602 253.170 159 751.957 252.124 160 771.212 251.405 161 722.176 261.895 163 109.504 305.343 165 62.695 342.660 169 65.261 352.795 170 779.800 319.188 171 611.772 346.653 175 57.945 419.657 177 570.261 414.906 181 294.747 429.544 183 575.994 425.829 185 612.081 423.156 186 379.856 436.365 187 75.873 451.933 188 618.892 425.882 189 665.222 435.260 190 495.718 446.065 191 708.995 435.534 192 501.264 475.440 196 498.103 478.134 197 553.567 482.780 198 533.444 500.362 200 645.325 186.134 204 580.920 191.637 205 702.730 186.511 206 361.206 221.373 208 395.036 246.096 211 568.865 255.178 214 750.841 247.125 217 651.759 262.229 219 370.277 278.663 220 135.516 307.146 222 135.703 311.707 223 57.523 341.853 229 483.136 346.577 238 772.468 334.080 240 607.781 347.226 241 734.867 341.498 242 129.338 372.323 243 723.459 364.828 245 56.243 426.877 246 419.497 421.859 248 705.445 409.391 249 589.132 420.783 250 266.712 466.001 251 52.263 487.057 253 515.217 485.551 256 735.040 489.353 258 424.303 158.519 263 423.398 169.869 264 715.109 188.987 265 542.917 208.487 266 518.684 210.238 267 195.995 239.543 268 153.739 283.689 271 138.526 285.927 272 59.534 295.122 273 664.275 267.452 274 733.829 327.305 279 711.597 388.048 283 699.115 408.144 288 721.550 440.823 291 299.007 462.060 292 312.279 466.792 293 397.982 485.701 295 397.982 485.701 296 498.685 486.748 297 532.651 494.594 299 755.597 179.111 302 521.609 217.147 306 160.647 314.152 314 139.859 382.973 317 294.964 426.350 320 533.215 447.910 321 460.810 486.012 323 554.289 489.072 324 570.291 153.866 325 670.520 218.310 331 694.324 216.699 332 648.062 246.058 334 722.425 258.230 335 180.042 294.537 336 169.856 297.062 337 169.856 297.062 338 670.719 270.264 339 56.810 362.267 341 69.147 484.410 344 511.539 471.123 345 560.526 498.063 346 693.871 201.978 347 741.760 215.436 350 50.679 293.272 355 69.608 343.156 359 65.006 309.288 365 207.263 359.900 367 207.263 359.900 368 252.432 453.207 369 327.913 452.416 370 410.738 451.313 371 410.738 451.313 372 450.462 451.624 373 425.483 264.346 380 235.114 453.119 386 235.114 453.119 387 270.390 452.777 388 430.895 451.093 390 506.899 450.550 393 511.784 252.482 395 259.907 276.645 396 309.930 450.562 398 724.387 163.922 400 756.739 328.769 402 595.563 252.289 404 635.010 331.224 407 176.234 370.373 410 770.053 489.173 412 612.739 240.911 413 743.359 409.645 414 583.384 184.876 417 336.842 234.912 420 293.526 441.878 421 664.777 242.987 422 766.735 329.215 424 480.304 205.366 430 578.485 217.766 431 577.644 206.153 434 705.086 249.306 435 764.711 254.962 436 412.445 271.586 438 490.710 268.239 440 612.081 423.156 442 609.061 338.079 445 742.911 422.764 447 696.165 425.229 454 680.245 260.042 455 757.138 236.286 462 428.750 215.043 463 726.389 256.338 465 754.097 266.325 466 303.850 230.584 467 147.710 223.265 469 523.999 257.706 470 576.904 264.103 471 382.575 278.468 477 323.503 274.083 478 232.770 274.196 480 779.800 319.188 481 191.139 277.075 484 138.334 292.549 490 449.842 342.674 496 390.252 342.126 497 196.194 335.440 499 57.523 341.853 506 14.132 351.440 512 179.558 386.360 513 733.148 417.724 515 709.869 418.134 516 687.303 418.121 517 735.412 421.762 518 735.412 421.762 519 716.434 425.992 521 716.434 425.992 522 527.716 416.144 523 706.101 427.044 524 49.057 383.848 527 688.885 434.952 531 738.649 437.662 532 294.200 445.263 537 606.168 462.034 539 38.109 425.464 540 124.194 447.940 542 415.344 460.198 543 806.655 482.471 546 41.731 439.088 547 749.427 480.274 548 741.939 483.091 550 809.602 486.065 551 809.602 486.065 552 253.303 476.581 554 146.798 478.577 555 258.785 486.781 558 56.708 484.572 563 738.000 174.735 567 586.934 188.999 571 501.667 191.195 572 624.032 225.799 573 513.133 228.860 578 528.733 231.671 579 141.744 264.025 585 777.946 323.307 586 756.784 323.933 587 525.933 339.354 589 54.765 293.146 590 45.828 307.760 591 53.784 309.912 592 44.463 330.224 599 194.213 361.050 600 731.847 428.450 607 47.970 396.067 610 743.384 450.389 611 743.187 456.773 612 46.489 417.101 613 18.426 413.196 615 46.045 426.940 616 158.935 451.785 618 293.565 462.131 622 45.243 443.501 625 37.264 442.673 627 66.710 450.281 628 786.347 487.785 629 792.248 487.817 630 770.053 489.173 631 413.769 217.786 641 612.739 240.911 642 555.660 239.077 643 708.690 264.870 645 478.789 274.652 647 129.771 267.457 650 123.756 299.252 652 67.332 374.455 658 170.364 465.522 662 30.945 444.051 665 30.945 444.051 666 665.776 488.023 667 784.913 492.698 668 799.434 495.673 669 423.372 485.766 670 582.764 154.447 671 740.195 180.886 672 36.974 193.029 674 152.429 227.028 676 134.392 255.984 679 134.723 297.311 681 144.283 310.426 682 144.283 310.426 683 155.752 370.028 684 155.752 370.028 685 795.246 408.994 686 506.253 434.196 689 127.611 439.160 690 314.727 457.647 693 154.313 457.048 694 792.719 479.105 695 389.403 232.088 698 39.734 207.658 699 66.159 385.303 706 353.912 423.478 708 202.644 426.792 710 54.082 405.670 711 54.082 405.670 712 391.381 433.549 713 474.346 223.103 716 376.085 232.466 717 376.085 232.466 718 229.406 261.714 724 207.866 279.387 727 118.992 335.921 729 277.224 356.543 730 67.877 360.249 735 46.381 358.953 736 368.667 452.172 742 40.942 446.122 745 39.448 465.353 746 724.415 181.354 749 561.794 174.977 750 509.837 177.456 751 358.283 230.861 753 699.054 450.152 755 270.390 452.777 757 677.003 475.344 760 163.140 473.248 761 526.367 495.593 763 520.832 190.409 764 309.930 450.562 768 701.123 259.446 772 701.123 259.446 773 722.781 389.139 779 651.339 200.024 783
213 0.9832716450898423 -0.06325864989783284 -0.17077930829093227 -0.0031046521827228306 0.14039277389251673 0.02217529602177317 0.12253671694502408 213 image_000213.jpg
 459.488 159.667 0 491.056 190.381 1 631.487 222.392 2 481.421 222.864 6 483.662 464.167 8 446.425 149.539 10 567.772 218.426 14 319.599 231.239 18 504.965 155.434 23 509.610 210.731 26 391.655 202.774 31 27.590 289.485 33 248.610 482.172 36 414.398 197.818 40 27.699 270.533 42 421.199 184.681 45 748.420 125.057 48 686.901 222.885 55 758.561 223.548 58 764.586 453.110 66 720.986 508.386 68 571.970 521.893 69 726.189 133.716 73 775.753 218.581 83 784.677 218.745 84 159.925 326.659 87 373.995 217.202 96 727.514 305.919 99 767.525 397.922 100 686.851 192.928 109 714.967 181.312 115 735.350 178.527 118 518.626 449.168 122 765.116 230.538 124 737.295 249.480 127 424.660 470.657 132 788.648 213.597 151 768.263 223.873 160 788.712 223.878 161 735.246 233.202 163 677.365 316.931 174 517.460 508.375 259 726.028 268.251 277 718.636 395.545 288 526.339 441.096 321 380.429 222.369 380 651.169 308.389 401 734.216 133.204 433 780.748 227.492 436 690.432 228.954 455 504.522 218.864 470 474.408 467.460 544 836.526 476.718 546 754.052 418.361 607 768.407 442.855 611 576.686 452.248 692 698.119 240.959 719 719.372 442.860 755 472.915 495.342 762 521.018 497.025 763 715.115 228.923 773
118 0.9774356266762538 -0.09879022023627917 -0.1867032273606587 0.0014110850663469484 0.17605202622752666 -0.01985451027212958 -0.06054656259754447 118 image_000118.jpg
 480.240 320.264 0 503.804 358.862 5 495.253 361.240 6 497.224 520.428 8 471.936 313.293 10 539.517 324.054 11 628.196 358.789 12 550.884 358.747 14 522.125 358.696 15 389.167 366.247 18 515.101 317.262 22 572.648 331.461 25 513.244 353.440 26 435.854 348.036 31 341.056 532.938 36 173.314 543.987 38 451.070 344.614 40 195.602 392.599 42 667.206 299.112 48 646.517 306.490 49 630.924 346.733 50 601.466 351.084 51 605.537 351.907 52 142.174 353.602 53 418.400 361.022 54 627.851 361.863 55 637.359 362.039 56 641.446 361.941 57 674.652 362.376 58 689.685 362.741 59 702.609 362.783 60 500.493 363.717 61 659.343 364.865 62 699.623 365.132 63 666.430 369.023 64 627.409 494.666 65 681.091 512.233 66 618.561 529.943 67 653.294 549.059 68 555.757 558.288 69 130.550 228.738 70 138.053 229.160 71 134.334 232.250 72 653.016 304.554 73 605.396 307.599 74 605.396 307.599 75 476.070 308.870 76 450.817 322.677 77 614.322 355.347 78 630.227 358.744 79 644.185 358.976 80 668.611 359.386 81 674.738 359.359 82 685.487 359.415 83 691.427 359.643 84 253.646 361.572 85 609.609 408.684 86 282.570 429.523 87 683.244 493.654 88 161.096 517.378 89 402.504 522.302 90 438.462 524.641 91 490.724 530.503 92 133.679 237.387 93 159.816 313.923 94 417.312 330.736 95 424.383 357.499 96 166.771 363.275 97 166.771 363.275 98 655.482 415.931 99 682.569 476.159 100 485.199 277.823 101 647.252 311.030 102 464.797 350.363 103 189.920 441.349 104 663.112 492.960 105 559.399 537.075 106 134.455 225.942 107 134.455 225.942 108 628.768 342.481 109 531.619 536.364 110 260.139 539.686 111 423.201 273.867 112 423.201 273.867 113 442.388 363.189 114 646.158 336.101 115 585.007 365.751 116 659.182 332.857 117 659.182 332.857 118 643.583 351.163 119 647.975 432.848 120 489.196 509.138 121 520.148 510.215 122 200.437 514.976 123 676.882 367.095 124 440.718 375.647 125 471.515 377.206 126 661.184 379.417 127 661.184 379.417 128 665.022 462.367 129 597.998 376.534 130 203.401 421.076 131 457.949 524.303 132
185 0.9905847899658009 -0.12701387682736706 0.050163342480269026 -0.009637945337530898 -0.2083037265293968 -0.06368372116000183 -0.20053709703945843 185 image_000185.jpg
 646.522 321.223 0 671.013 341.694 1 635.100 314.394 10 695.825 360.291 15 685.864 355.313 26 598.384 358.039 31 462.107 391.805 32 614.778 353.238 40 620.713 341.365 45 828.293 332.847 50 580.583 373.604 54 845.508 350.474 57 829.200 515.427 65 796.472 289.546 74 808.273 345.495 78 830.041 347.984 79 848.122 346.509 80 586.603 369.112 96 865.493 415.601 99 652.519 273.995 101 878.528 513.048 105 826.625 328.042 109 606.091 373.694 114 848.402 336.595 119 732.483 312.192 136 696.114 323.109 137 549.127 355.867 141 851.135 350.263 158 897.673 346.463 160 869.862 356.525 163 739.982 329.844 209 803.220 360.085 219 864.296 394.583 228 950.749 411.014 235 878.392 449.370 245 593.687 511.409 248 585.796 282.373 263 857.341 292.650 265 675.158 321.159 267 584.784 343.110 270 411.471 407.765 275 886.344 414.648 279 553.659 504.011 284 935.963 297.130 303 643.311 327.791 304 677.933 326.816 306 624.926 313.474 327 817.027 320.895 331 586.383 337.205 348 884.893 314.900 350 586.589 538.724 371 586.589 538.724 372 591.165 372.275 380 908.660 415.242 402 791.425 422.283 407 936.278 563.431 412 813.533 342.105 422 676.175 355.989 426 640.306 318.313 430 732.162 324.746 431 852.558 346.365 435 568.644 437.365 450 559.728 448.609 452 592.664 311.331 460 618.273 439.223 496 851.040 499.503 517 877.066 505.089 522 901.227 515.771 532 591.820 529.487 534 772.062 328.337 573 635.491 330.601 576 670.601 337.396 578 893.406 507.219 607 906.775 527.508 611 907.187 533.475 612 652.519 273.995 637 585.796 282.373 638 652.460 282.833 673 503.805 353.313 675 958.225 553.564 695 567.513 523.270 713 635.792 334.318 716 544.695 348.442 717 544.695 348.442 718 548.204 540.736 742 528.891 345.964 753 681.239 302.978 764 592.685 322.822 770 852.409 355.299 772
221 0.9918622053517786 -0.05273698132461053 -0.11579320746458063 -0.0044830222550647555 0.06594685332274634 -0.01286354740040473 -0.1015606026739702 221 image_000221.jpg
 530.687 189.780 0 546.780 375.466 8 522.542 183.463 10 586.843 192.293 11 599.054 225.002 14 620.206 198.599 25 562.434 220.406 26 274.644 273.319 33 369.236 374.812 35 404.094 387.209 36 403.112 392.346 37 586.975 208.887 39 504.045 213.324 40 274.544 261.365 42 506.890 205.872 45 262.098 296.530 47 712.709 165.842 48 692.792 173.435 49 744.084 228.564 63 194.753 113.762 70 201.836 114.184 71 198.396 117.114 72 719.131 223.517 82 729.931 223.188 83 736.633 223.233 84 324.639 232.568 85 351.505 293.698 87 492.243 379.102 91 472.343 200.997 95 249.396 235.753 97 693.554 178.247 102 198.301 111.164 108 579.132 390.331 110 477.637 148.548 112 495.556 231.185 114 687.909 215.879 119 280.590 370.631 123 721.747 230.886 124 494.058 242.765 125 522.548 242.922 126 706.011 242.560 127 706.011 242.560 128 281.810 286.480 131 572.003 194.864 137 598.100 401.488 202 656.680 231.429 219 381.279 388.482 254 570.162 379.935 255 476.517 159.635 264 698.872 254.354 277 526.996 195.516 304 682.466 208.348 310 483.477 228.339 380 737.966 227.306 429 599.108 198.370 431 673.544 283.152 491 456.208 285.280 497 749.164 351.452 528 710.518 171.067 566 712.414 173.655 567 709.879 190.736 569 752.875 223.016 574 696.151 234.973 645 270.926 378.166 662 103.151 171.161 680 264.284 383.430 761 691.269 230.357 772 691.269 230.357 773
126 0.9981553810046995 -0.04876430466516509 0.021526644905901896 0.029059956233463264 -0.30164513969478135 -0.021896391366727323 0.049540036597562453 126 image_000126.jpg
 491.463 222.205 0 508.925 241.044 1 586.416 261.720 3 532.205 258.888 4 490.028 408.993 8 482.979 215.582 10 632.338 262.168 13 552.624 258.708 14 526.314 258.826 15 315.114 256.530 17 411.787 265.286 18 529.200 219.276 21 575.730 232.295 25 518.408 253.488 26 264.762 280.807 27 424.779 307.715 28 428.965 414.635 30 451.141 248.213 31 361.753 311.764 34 361.788 411.301 36 360.254 416.993 37 464.825 244.979 40 518.715 262.995 41 266.585 285.688 42 468.506 237.534 45 672.481 199.546 48 628.763 247.328 50 640.158 262.004 57 689.272 263.416 59 699.236 266.249 63 664.675 270.107 64 610.396 391.411 65 598.133 425.549 67 630.992 445.645 68 537.566 447.036 69 658.322 205.219 73 629.904 259.109 79 666.817 259.810 81 685.315 259.850 83 690.879 260.118 84 328.542 319.288 87 410.867 404.695 90 247.757 218.780 94 440.616 256.984 96 249.386 260.870 98 649.627 316.363 99 652.503 211.892 102 628.665 242.770 109 518.896 425.375 110 454.348 262.448 114 648.126 235.749 115 583.015 265.287 116 644.996 250.538 119 483.265 397.607 121 510.479 400.278 122 479.461 274.827 126 658.335 280.000 127 658.335 280.000 128 93.219 141.166 133 570.867 208.488 134 493.689 212.103 135 558.398 222.040 136 529.977 227.667 137 355.471 228.249 138 521.099 231.374 139 235.716 234.787 140 412.112 242.505 141 417.355 242.851 142 622.009 243.967 143 705.653 245.404 144 476.430 245.960 145 623.932 247.184 146 692.300 248.022 147 703.593 248.210 148 597.237 249.612 149 431.234 251.742 150 693.545 256.847 151 492.081 258.437 152 535.428 258.913 153 540.193 259.060 154 292.266 260.292 155 533.228 261.436 156 542.294 261.668 157 644.518 262.583 158 653.518 262.849 159 679.765 263.378 160 692.779 263.741 161 665.275 265.512 162 658.205 269.615 163 685.114 270.427 164 213.518 278.095 165 181.987 284.275 166 412.446 296.589 167 171.916 296.972 168 178.899 304.958 169 180.990 311.525 170 696.454 313.062 171 661.214 314.041 172 443.687 320.251 173 615.859 322.279 174 576.010 326.142 175 496.392 330.182 176 174.443 359.299 177 653.357 364.591 178 484.578 369.455 179 186.778 371.939 180 542.643 373.662 181 489.376 374.201 182 344.177 374.332 183 186.208 376.860 184 546.823 381.755 185 573.168 381.437 186 405.534 382.062 187 185.843 383.196 188 577.526 383.435 189 610.396 391.411 190 488.781 393.052 191 641.748 393.217 192 604.854 393.392 193 484.717 394.358 194 488.275 399.402 195 491.151 414.065 196 489.115 416.426 197 529.126 421.947 198 605.746 429.694 199 513.783 433.535 200 568.606 436.746 201 534.715 437.634 202 160.957 170.429 203 606.895 211.800 204 559.143 212.960 205 647.203 214.326 206 564.240 215.226 207 399.350 226.392 208 563.643 237.039 209 155.780 242.023 210 423.069 245.488 211 636.370 247.796 212 232.443 257.938 213 547.489 258.822 214 297.870 259.823 215 297.870 259.823 216 679.286 259.843 217 682.896 262.668 218 607.893 267.182 219 404.196 268.262 220 443.749 268.366 221 231.845 280.036 222 231.858 283.354 223 117.600 285.169 224 651.333 286.074 225 179.178 297.265 226 179.178 297.265 227 650.501 299.208 228 175.716 302.994 229 187.215 305.016 230 498.972 306.570 231 193.917 307.020 232 164.992 313.708 233 393.618 317.384 234 712.376 318.601 235 398.118 320.540 236 477.788 321.513 237 483.020 321.234 238 509.631 322.027 239 691.098 323.792 240 572.697 326.357 241 663.307 327.531 242 224.639 327.903 243 176.164 328.449 244 654.955 343.409 245 172.420 364.147 246 180.075 370.599 247 434.570 373.151 248 640.320 374.813 249 556.457 378.895 250 322.877 399.716 251 317.794 406.753 252 168.103 407.400 253 343.043 411.131 254 510.146 414.762 255 500.571 422.450 256 427.555 427.002 257 658.323 432.983 258 505.754 436.517 259 42.915 55.898 260 42.915 55.898 261 96.226 146.305 262 447.468 183.342 263 446.442 190.925 264 656.008 216.379 265 530.959 223.909 266 513.741 224.531 267 278.673 233.473 268 441.091 235.488 269 441.091 235.488 270 246.308 264.597 271 235.177 265.481 272 178.501 269.284 273 616.098 271.354 274 298.406 273.926 275 216.458 280.967 276 650.283 292.410 277 399.223 310.223 278 663.544 316.953 279 428.177 320.096 280 636.047 323.131 281 647.491 342.842 282 645.926 359.915 283 404.277 365.104 284 457.278 367.473 285 489.393 368.781 286 403.834 372.818 287 635.621 373.750 288 207.267 377.438 289 101.826 392.380 290 650.728 397.685 291 346.667 397.971 292 355.201 401.591 293 446.970 401.381 294 416.767 418.272 295 416.767 418.272 296 489.502 422.646 297 623.430 429.064 298 513.347 429.555 299 654.338 440.897 300 177.388 209.744 301 684.870 211.562 302 714.810 226.244 303 486.650 228.077 304 515.883 229.446 305 515.883 229.446 306 160.602 240.053 307 431.304 240.851 308 422.172 241.691 309 640.992 242.820 310 294.247 244.509 311 506.558 265.255 312 112.999 283.488 313 250.865 285.780 314 162.285 293.065 315 498.617 322.734 316 233.442 335.763 317 641.930 348.651 318 434.878 366.743 319 344.594 372.352 320 515.523 395.660 321 314.085 411.501 322 462.611 420.715 323 529.106 426.347 324 553.473 185.402 325 503.628 192.080 326 474.482 213.853 327 405.021 225.501 328 284.327 230.054 329 419.219 235.280 330 623.325 235.981 331 639.402 235.799 332 686.878 243.056 333 605.024 255.180 334 658.631 267.289 335 265.212 272.384 336 257.747 273.889 337 257.747 273.889 338 621.297 273.628 339 696.895 274.050 340 174.747 317.939 341 427.697 376.467 342 454.465 377.763 343 179.912 406.365 344 498.754 412.505 345 532.812 432.932 346 639.408 224.885 347 442.812 230.721 348 313.986 234.773 349 674.159 236.268 350 153.477 236.639 351 304.262 237.620 352 158.049 262.544 353 158.049 262.544 354 172.087 267.814 355 105.531 282.420 356 185.540 295.447 357 112.079 300.631 358 184.100 304.623 359 167.399 314.854 360 101.384 324.018 361 84.467 331.863 362 39.788 65.602 363 39.788 65.602 364 182.067 279.859 365 96.052 314.552 366 283.158 320.248 367 283.158 320.248 368 312.906 390.076 369 367.401 392.282 370 427.449 394.211 371 427.449 394.211 372 456.025 395.576 373 456.025 395.576 374 364.707 426.027 375 38.070 84.532 376 38.070 84.532 377 48.907 98.331 378 246.491 234.621 379 445.339 259.389 380 673.312 295.650 381 348.238 311.243 382 109.551 316.495 383 449.484 322.645 384 332.075 348.061 385 300.347 389.171 386 300.347 389.171 387 326.155 390.104 388 442.266 394.893 389 442.266 394.893 390 469.751 396.076 391 469.751 396.076 392 496.735 397.372 393 49.452 120.457 394 505.342 255.088 395 324.019 262.909 396 626.588 279.937 397 354.955 390.862 398 576.146 255.269 399
223 0.9949637959876202 -0.09809062962161595 0.00962687678769769 -0.01823692873429377 -0.29314153837816065 -0.08586484290364477 -0.4373185163041714 223 image_000223.jpg
 522.507 109.215 0 238.481 299.900 7 539.865 341.892 8 310.016 191.193 19 289.915 195.202 20 561.157 142.124 26 254.100 345.693 29 461.953 357.340 30 474.228 147.844 31 373.661 241.087 34 380.104 362.057 36 378.362 368.864 37 490.629 141.735 40 264.025 229.702 42 380.497 250.414 43 494.775 131.827 45 254.363 269.498 47 455.529 164.973 54 606.157 387.026 69 335.751 256.527 87 774.768 300.492 88 233.929 353.895 89 461.888 159.842 96 480.218 163.797 114 529.967 328.438 121 565.854 327.677 122 265.095 349.936 123 479.956 176.881 125 513.653 174.103 126 540.389 240.124 176 698.346 304.042 190 542.559 349.022 196 539.514 352.154 197 573.085 371.406 200 646.860 369.248 201 600.489 375.197 202 417.411 245.017 236 514.852 232.668 237 466.033 303.207 248 623.686 294.216 250 328.504 361.939 252 563.056 376.289 259 372.454 350.433 293 721.211 353.078 298 572.705 365.274 299 571.828 321.793 321 324.396 367.413 322 261.840 214.634 336 254.722 218.383 338 491.813 306.028 343 314.060 161.428 349 302.607 169.851 352 458.307 331.405 371 458.307 331.405 372 495.318 329.269 373 495.318 329.269 374 385.227 379.925 375 477.518 330.683 389 477.518 330.683 390 512.590 328.972 391 512.590 328.972 392 547.697 326.589 393 637.113 132.880 399 641.114 215.962 445 281.359 197.164 483 306.057 204.216 488 676.845 219.124 493 492.114 229.777 496 438.213 234.314 497 458.072 237.064 498 205.579 254.918 501 221.059 288.103 510 263.286 291.270 513 392.743 300.315 526 770.347 303.865 532 208.233 321.536 533 462.988 322.057 534 642.188 332.156 539 531.186 344.226 544 783.102 344.534 548 776.764 347.462 550 327.493 371.251 557 327.493 371.251 558 465.657 381.176 562 461.400 386.187 564 319.901 247.049 593 210.153 257.782 594 275.012 268.361 600 514.387 294.058 606 200.113 316.792 608 775.713 316.364 611 775.845 322.140 612 248.232 347.563 617 248.232 347.563 618 242.338 347.637 619 827.072 350.444 630 523.814 361.035 634 194.834 233.710 654 272.369 324.323 659 254.734 358.648 662 470.945 362.545 670 223.191 339.017 690 242.901 352.088 694 253.753 255.428 705 202.833 318.051 707 301.091 183.127 723 301.091 183.127 724 285.615 283.252 733 285.615 283.252 734 357.044 283.715 737 357.044 283.715 738 211.518 296.364 754 265.095 349.936 759 249.920 364.926 761 529.240 365.684 762 441.470 331.539 767 295.386 359.942 769
196 0.9928187002379741 -0.0726826759562758 0.09299256697181298 -0.01950987409559151 -0.45219577759310214 -0.01989565324289233 -0.13014384852333494 196 image_000196.jpg
 496.320 198.395 1 592.315 210.134 3 489.140 224.198 6 207.409 365.880 7 491.237 412.536 8 460.802 171.089 10 538.460 172.132 11 649.002 203.367 13 551.221 212.260 14 275.593 255.891 19 256.684 259.029 20 508.754 211.946 26 230.006 287.680 27 223.838 413.945 29 418.136 428.323 30 428.609 217.686 31 343.185 431.935 36 342.215 439.148 37 537.732 192.873 39 443.915 210.844 40 232.074 293.659 42 342.558 319.469 43 447.181 201.401 45 410.989 234.993 54 682.619 202.473 62 735.934 195.751 63 624.921 197.590 78 694.766 193.585 81 717.794 190.476 83 725.409 189.415 84 300.149 324.614 87 411.296 200.552 95 417.377 229.791 96 212.597 266.927 97 212.597 266.927 98 678.471 269.837 99 708.379 345.615 100 457.555 215.490 103 228.278 344.580 104 557.013 431.233 106 642.129 178.558 109 667.052 166.283 115 663.586 187.491 119 667.733 291.808 120 481.255 399.282 121 514.587 398.628 122 234.708 416.785 123 685.776 222.230 127 554.151 165.253 136 519.896 178.022 137 196.403 238.322 140 743.515 166.546 144 739.417 170.849 148 710.803 195.853 160 728.801 193.480 161 691.869 201.123 162 683.924 207.528 163 718.056 203.524 164 178.416 292.220 165 106.984 298.251 166 390.594 283.830 167 109.330 331.579 170 739.468 257.247 171 636.079 283.124 174 102.561 390.101 177 690.119 331.529 178 125.247 404.890 180 550.891 359.775 181 124.891 410.950 184 389.317 390.547 187 486.919 400.839 195 490.754 422.244 197 539.057 423.988 198 635.126 424.768 199 521.269 441.073 200 195.639 266.173 213 422.415 243.500 221 196.192 292.395 222 677.169 230.363 225 104.714 314.654 226 104.714 314.654 227 99.818 321.368 229 118.406 323.042 230 128.744 324.979 232 371.046 312.195 234 376.431 315.156 236 582.599 295.046 241 698.408 281.570 242 689.664 304.366 245 114.755 403.740 247 673.400 346.979 249 568.438 365.242 250 299.742 423.000 251 295.442 432.000 252 99.399 449.725 253 417.855 443.539 257 511.664 446.188 259 520.600 172.763 266 499.850 176.388 267 241.493 230.104 268 415.905 202.081 269 415.905 202.081 270 198.708 274.473 272 376.371 301.902 278 697.361 267.825 279 447.393 363.067 285 386.473 379.128 287 667.018 345.885 288 521.036 434.946 299 92.310 208.095 301 502.664 183.129 305 502.664 183.129 306 200.645 356.992 317 420.984 366.488 319 519.495 392.902 321 542.751 120.109 325 485.689 138.612 326 452.590 170.245 327 375.982 198.133 328 249.917 223.557 329 635.605 171.062 331 656.436 167.759 332 615.569 198.072 334 230.070 278.413 336 222.990 281.084 337 222.990 281.084 338 636.854 219.196 339 100.050 339.778 341 545.249 437.775 346 57.327 242.933 351 268.879 232.987 352 67.751 273.678 353 112.981 311.384 357 112.990 322.706 359 88.792 335.644 360 347.835 450.510 375 208.723 235.597 379 423.229 232.164 380 434.357 309.315 384 275.014 413.407 386 275.014 413.407 387 302.754 411.156 388 333.204 407.098 398 615.410 277.225 401 568.704 208.477 404 568.537 204.532 409 228.278 344.580 410 708.379 345.615 414 453.139 172.239 419 631.123 193.589 422 667.733 291.808 423 412.257 226.796 427 465.910 175.409 430 681.486 122.973 433 551.294 167.662 434 735.934 195.751 437 679.415 346.170 441 587.807 365.509 442 520.170 371.143 443 583.334 286.138 445 708.626 357.535 447 368.915 191.259 448 402.128 300.715 450 544.954 167.465 458 424.433 169.483 460 713.219 208.832 466 204.549 219.756 469 246.823 234.367 472 378.003 246.287 475 340.747 249.495 478 189.263 254.526 479 59.843 234.430 482 248.073 260.749 483 204.541 268.264 486 196.883 269.996 487 198.929 280.138 490 171.040 285.070 492 617.147 288.963 493 444.512 302.342 496 395.146 305.162 497 169.846 317.990 500 175.750 317.186 501 173.195 323.608 502 111.929 306.778 503 257.895 330.192 504 690.119 331.529 505 99.818 321.368 506 257.675 347.958 508 173.821 355.559 511 171.443 359.540 514 699.334 353.849 515 678.547 355.380 516 657.382 356.322 517 701.973 357.534 518 701.973 357.534 519 684.614 362.017 521 513.444 363.888 523 674.536 363.356 524 103.261 357.365 525 316.161 376.266 529 102.442 385.864 535 595.786 392.986 536 80.894 395.666 540 173.614 414.664 541 418.933 409.248 543 86.099 407.591 547 37.586 402.171 549 710.537 414.990 550 288.567 432.605 554 539.097 436.183 559 167.239 450.637 560 418.249 456.601 564 32.662 447.163 565 558.514 151.285 571 545.719 188.876 575 270.128 192.102 577 494.741 193.750 578 508.768 195.044 579 275.827 207.998 582 282.084 268.725 588 95.296 278.733 590 85.643 292.400 591 93.949 305.542 596 118.433 308.721 597 161.223 327.665 598 84.871 311.374 599 109.836 321.627 601 200.645 356.992 603 120.203 351.106 604 171.372 381.678 608 91.208 369.796 610 709.888 384.328 611 90.391 388.065 613 81.687 387.171 614 58.101 384.859 615 90.728 397.002 616 218.859 416.022 617 218.859 416.022 618 212.787 415.787 619 106.177 402.783 620 764.591 406.659 621 80.817 411.086 627 752.120 417.487 629 270.659 441.860 635 480.936 126.410 637 583.399 196.749 642 532.901 199.827 643 261.882 209.157 644 70.538 224.009 648 165.126 254.849 649 192.577 258.645 650 169.777 260.099 651 188.680 286.644 652 159.427 291.961 653 164.944 294.335 654 117.531 298.928 655 520.024 359.765 657 112.120 350.094 658 240.012 393.342 659 246.711 401.998 660 194.600 423.476 661 225.020 427.280 662 763.830 414.512 663 42.234 407.314 664 73.674 413.797 665 73.674 413.797 666 750.755 422.463 668 764.981 424.772 669 554.920 119.542 671 480.548 136.645 673 345.004 215.895 675 209.385 222.258 676 299.852 224.735 677 585.771 225.988 678 195.928 248.401 679 196.225 284.074 681 203.433 293.691 682 213.478 345.259 684 213.478 345.259 685 693.005 369.089 688 496.385 382.613 689 193.908 404.270 690 337.462 413.212 693 213.441 420.408 694 758.413 408.603 695 394.438 206.159 698 57.327 242.933 701 213.290 279.777 702 213.290 279.777 703 222.828 323.848 705 173.069 383.055 707 368.375 380.414 708 463.985 384.220 709 249.428 389.922 710 98.659 376.621 711 98.659 376.621 712 220.535 398.975 714 277.650 190.332 715 461.063 193.562 716 381.856 208.641 718 199.025 227.379 721 256.901 230.768 722 268.148 247.460 724 59.315 221.182 725 59.315 221.182 726 89.885 296.135 728 185.449 316.840 729 306.453 325.217 730 88.735 311.555 731 88.735 311.555 732 252.488 351.810 733 252.488 351.810 734 112.173 337.015 735 320.335 354.755 737 320.335 354.755 738 110.456 374.159 739 62.297 384.132 740 62.297 384.132 741 109.273 403.932 743 84.736 413.820 745 83.731 431.514 746 247.765 446.640 747 35.343 428.689 748 75.417 168.870 752 302.754 411.156 757 649.388 411.661 760 220.794 431.242 761 514.848 435.962 763 398.672 403.064 767 423.623 182.426 770 180.953 250.841 777
176 0.9783078681957429 -0.05251237396630214 -0.20036426066763846 -0.003213107766790222 0.23674621294971293 -0.03430772414637061 -0.3518188748855847 176 image_000176.jpg
 536.572 131.765 1 672.630 166.755 2 665.052 166.593 3 494.415 89.409 10 610.770 161.289 14 367.484 168.182 18 160.444 157.360 19 120.742 157.418 20 554.028 151.941 26 438.802 141.556 31 70.741 222.304 33 70.665 203.504 42 468.069 124.143 45 725.077 168.965 55 833.599 172.994 60 828.924 176.391 63 724.116 364.894 65 748.448 165.202 80 782.997 166.722 81 808.857 167.281 83 805.104 365.015 88 448.499 164.189 114 746.764 152.890 119 77.772 390.137 123 820.858 172.602 161 824.639 260.432 240 431.783 346.877 248 805.972 143.279 333 427.704 160.845 380 537.482 153.725 395 687.388 160.884 416 543.332 151.689 426 614.935 120.789 431 813.748 175.933 436 354.238 168.055 475 778.808 251.045 489 31.199 409.263 553 519.531 82.108 572 558.401 254.090 589 151.160 428.626 635 489.366 178.000 700 77.772 390.137 759 273.579 383.771 768
147 0.939398585130636 -0.02594359217802425 -0.34183109541502293 0.0029592285457453746 0.09398314751621166 0.02334613392812636 0.1523901707186653 147 image_000147.jpg
 134.265 237.089 1 108.784 212.149 10 169.566 225.995 11 177.701 255.840 14 197.891 234.100 25 143.833 248.928 26 74.338 239.404 31 92.638 230.693 45 132.722 257.270 61 112.765 208.489 76 258.375 261.316 80 264.984 308.768 99 284.027 357.728 100 100.215 243.501 103 267.117 372.598 105 245.143 246.739 109 153.906 402.767 110 272.103 240.888 117 272.103 240.888 118 257.388 254.685 119 257.993 322.154 120 285.186 269.162 124 289.366 265.984 218 257.897 356.858 288 134.913 250.137 395 217.017 307.102 407 257.993 322.154 423 58.041 243.677 427 179.892 232.722 431 245.633 266.463 455 301.900 358.377 602 202.394 407.053 636 265.748 230.873 639 263.016 271.405 645 230.394 381.154 766 285.186 269.162 771 259.147 267.201 773 272.397 296.489 776
152 0.9760158872060339 0.01310117186649031 -0.21728649463297617 -0.002816782557764063 0.32275921772124155 0.010314392458930503 0.03148194159824008 152 image_000152.jpg
 575.276 97.034 1 551.584 71.443 10 583.576 76.546 23 518.293 101.714 31 608.110 99.847 39 721.573 66.334 48 708.052 70.678 73 543.124 104.871 103 712.259 96.705 118 711.570 138.343 127 711.570 138.343 128 562.515 68.425 135 716.785 171.602 279 554.421 82.967 304 591.358 244.528 321 684.981 137.520 397 677.045 113.906 422 562.266 78.934 425 525.389 96.927 428 703.368 130.608 645 721.377 77.117 672 571.405 57.488 751 699.144 126.986 772 699.144 126.986 773 711.288 157.674 775 711.288 157.674 776
222 0.944258219379769 0.0161704260134482 -0.3287098667447813 -0.008048183506523074 0.0725353020313599 0.020265629502935745 0.0714903068850801 222 image_000222.jpg
 101.411 132.453 1 128.620 152.241 4 71.357 104.037 10 229.866 162.212 13 110.263 111.207 23 173.356 129.605 25 112.960 145.907 26 53.906 124.806 45 224.312 161.785 55 236.957 162.546 57 99.717 154.976 61 204.772 109.606 74 204.772 109.606 75 211.337 154.860 78 239.104 159.968 80 283.532 163.708 84 269.987 282.820 88 21.516 142.655 96 269.937 267.651 100 63.932 139.168 103 251.177 282.743 105 239.510 152.668 119 285.497 153.358 147 83.771 148.495 152 241.574 163.253 158 218.455 281.476 190 213.570 283.463 193 88.495 286.132 194 146.531 326.823 202 234.199 149.097 212 118.362 305.034 255 105.025 115.782 267 215.373 169.497 274 235.996 218.425 281 107.649 121.073 306 139.540 315.509 324 277.435 148.413 333 165.563 153.448 404 195.351 210.834 407 165.557 150.600 409 248.399 166.551 418 240.311 228.241 423 106.264 145.020 426 42.796 129.583 428 282.217 293.005 432 16.052 150.441 438 83.565 155.737 440 106.608 110.678 459 161.059 214.526 494 26.854 279.310 534 88.331 301.754 544 211.145 320.933 556 254.873 128.830 568 269.871 287.629 609 269.790 293.195 611 269.723 297.270 612 304.590 310.835 621 296.067 311.555 623 202.307 315.751 632 287.818 321.451 633 247.809 126.691 639 245.248 171.281 645 297.262 320.175 668 69.120 120.093 716 241.411 292.057 755 270.698 169.537 771 242.130 166.465 773 282.217 293.005 780
159 0.9963451024109945 -0.06974083867368332 0.04907407191967182 -0.00493858784862407 -0.3016926191802655 -0.043926190560878466 -0.3289210010785284 159 image_000159.jpg
 563.691 190.487 1 687.331 205.900 2 679.078 206.880 3 598.211 211.482 4 567.062 214.595 5 554.755 218.993 6 211.074 368.770 7 523.919 158.810 10 745.439 200.929 13 628.767 208.029 14 591.149 211.962 15 359.392 234.355 16 430.833 238.576 18 295.512 247.951 19 272.352 251.197 20 591.548 156.681 21 573.656 159.564 23 659.322 167.459 25 579.051 206.106 26 239.454 282.715 27 483.130 209.750 31 367.708 310.057 34 220.067 460.247 38 581.495 218.423 41 241.347 289.135 42 375.179 320.590 43 507.239 191.279 45 698.042 189.801 51 95.972 239.914 53 461.496 228.366 54 738.579 201.631 55 759.221 199.469 57 561.504 221.753 61 731.789 390.359 65 69.390 94.833 71 707.341 128.731 74 497.799 174.495 77 718.115 193.912 78 295.512 247.951 85 323.566 325.363 87 469.040 223.072 96 219.117 259.056 98 779.979 275.935 99 517.677 208.013 103 740.377 173.008 109 242.470 427.381 123 648.116 135.044 134 634.222 155.659 136 593.115 168.735 137 578.778 174.876 139 200.001 227.315 140 429.373 208.077 141 518.533 202.349 145 693.377 188.114 149 601.574 214.593 156 613.899 213.568 157 779.971 198.286 159 786.824 207.009 163 95.269 302.061 168 797.629 270.470 172 479.664 310.141 173 102.994 390.061 177 126.442 408.016 180 125.879 415.261 184 673.401 379.745 186 125.635 423.989 188 731.789 390.359 190 641.642 176.385 209 62.846 221.965 210 197.782 257.905 213 622.409 208.788 214 711.434 210.980 219 198.364 286.856 222 198.851 290.875 223 106.865 302.889 226 106.865 302.889 227 779.585 251.162 228 101.783 310.582 229 132.515 317.468 232 84.321 325.819 233 410.775 313.358 234 845.800 279.764 240 104.442 346.981 244 101.238 396.911 246 115.298 406.424 247 472.475 384.972 248 774.879 361.870 249 593.560 163.337 266 568.786 166.731 267 467.568 193.363 270 215.742 263.798 271 201.785 267.309 272 281.521 269.070 275 181.406 289.963 276 802.211 274.687 279 457.813 312.087 280 768.119 360.072 288 173.904 417.191 289 867.490 135.753 303 532.732 175.158 304 572.125 173.322 305 572.125 173.322 306 70.642 220.633 307 443.769 205.033 309 274.346 229.933 311 562.650 223.815 312 78.306 294.232 315 472.533 375.194 319 552.863 123.752 326 418.496 187.055 328 438.721 197.424 330 729.847 165.008 331 705.630 194.806 334 786.956 203.387 335 239.735 270.990 336 732.376 218.759 339 101.428 331.794 341 117.792 456.175 344 469.928 186.072 348 300.478 214.418 349 286.889 221.508 352 68.327 253.648 353 117.011 300.257 357 115.840 313.841 359 110.082 279.056 365 213.833 225.492 379 474.537 226.402 380 666.625 197.105 399 827.907 274.682 402 817.108 361.086 414 700.373 197.073 416 777.635 201.888 418 723.939 189.552 422 569.351 207.213 426 491.378 202.681 428 632.423 171.026 431 461.880 234.404 438 797.746 313.882 439 541.190 226.682 440 780.490 362.068 441 667.560 291.398 445 478.407 388.481 453 88.839 133.662 464 661.495 210.995 468 630.816 217.462 471 259.837 223.905 472 309.329 230.040 474 338.553 241.836 476 374.491 243.146 478 190.439 245.251 479 288.110 248.870 480 852.842 264.151 481 60.314 206.115 482 262.510 252.841 483 377.842 260.728 485 198.691 262.650 487 201.837 272.948 490 738.123 286.343 491 706.928 295.069 493 381.730 301.205 495 501.807 303.622 496 165.665 314.521 500 172.898 313.991 501 114.756 294.308 503 101.783 310.582 506 170.522 356.051 511 47.488 317.862 512 239.500 360.686 513 166.884 360.522 514 805.349 370.095 515 191.466 369.065 520 786.936 379.151 521 786.936 379.151 522 776.261 380.241 524 104.328 352.574 525 388.598 378.700 526 92.302 353.598 527 174.924 390.764 533 102.200 384.775 535 78.719 395.803 540 168.912 421.818 541 31.054 400.608 549 209.695 450.417 555 159.870 462.078 560 23.224 453.534 565 551.963 147.042 572 296.295 194.886 582 388.923 234.560 583 152.315 239.952 584 580.293 296.468 589 87.105 275.806 591 96.971 278.448 592 177.585 316.758 594 96.417 292.034 596 122.438 296.633 597 155.658 325.824 598 85.831 297.094 599 253.141 334.746 600 112.186 311.931 601 202.786 358.760 603 122.877 346.018 604 104.442 346.981 605 525.440 375.917 606 804.746 381.096 607 166.196 384.811 608 818.261 395.400 609 89.658 387.383 613 80.002 385.328 614 89.855 397.439 616 222.397 424.054 617 222.397 424.054 618 215.475 423.723 619 106.083 404.847 620 88.447 414.606 625 78.366 413.640 627 114.665 421.910 628 461.999 181.416 641 160.105 244.785 649 165.841 251.289 651 153.645 285.603 653 160.174 287.970 654 121.379 286.226 655 114.392 344.071 658 249.819 399.454 659 194.312 431.688 661 230.362 437.109 662 35.124 407.621 664 70.571 415.307 665 70.571 415.307 666 325.295 214.747 677 218.304 344.975 684 58.531 215.797 701 113.371 356.694 706 168.776 386.233 707 99.165 373.974 711 99.165 373.974 712 298.690 176.324 715 314.812 217.255 720 203.624 216.351 721 271.170 221.632 722 285.752 237.750 723 264.273 255.881 727 91.702 281.403 728 331.579 326.899 730 90.044 297.679 731 114.256 330.293 735 88.302 328.360 736 113.114 370.175 739 59.529 380.905 740 59.529 380.905 741 109.644 407.687 743 29.859 408.789 744 28.788 432.542 748 407.797 196.607 753 44.963 394.734 758 242.470 427.381 759 476.495 171.198 770 180.248 244.058 777
219 0.9710846211689991 -0.02376395703541036 -0.23719123865775527 -0.013047870733355359 0.19685740519962097 -0.006248281998705386 0.001548716524545371 219 image_000219.jpg
 491.211 197.931 2 400.964 193.745 5 392.153 196.067 6 368.490 146.129 10 448.826 194.428 14 419.581 151.511 21 407.029 151.630 23 398.977 152.329 24 411.374 188.900 26 236.625 368.191 36 236.481 374.590 37 351.837 169.328 45 397.920 198.937 61 557.432 202.275 62 5.293 48.092 70 542.984 196.331 80 566.625 196.906 81 572.546 197.108 82 583.998 197.101 83 9.682 45.442 107 9.682 45.442 108 526.952 179.150 109 338.593 197.349 114 541.026 188.100 119 559.163 217.515 128 381.485 193.222 152 444.167 194.347 214 372.875 159.293 304 398.166 200.526 312 536.118 172.218 332 321.478 344.948 371 476.352 190.963 399 451.318 165.436 431 528.909 203.501 455 472.728 199.547 468 407.153 193.825 470 449.766 201.667 471 273.932 199.743 475 461.060 260.680 494 207.608 356.461 545 533.269 211.535 719 325.344 148.032 770 544.358 204.536 772 544.358 204.536 773
220 0.9985193986518083 -0.04865376826062577 -0.022292137788445646 -0.009740530347574545 -0.2964210966041635 0.0076207590258208936 0.17614339579633373 220 image_000220.jpg
 456.488 206.053 2 340.840 165.717 10 389.229 166.167 21 382.789 166.259 22 377.386 166.953 23 436.906 176.986 25 380.400 202.097 26 287.302 263.971 28 115.915 263.051 33 229.190 374.963 36 100.629 386.225 38 405.242 188.993 39 115.491 251.087 42 251.198 187.172 46 554.187 202.169 59 368.358 213.222 61 471.009 150.969 74 471.009 150.969 75 321.269 176.062 77 477.581 198.770 78 550.448 199.057 83 556.251 198.873 84 185.138 282.439 87 93.997 225.536 97 93.997 225.536 98 518.373 257.876 99 541.122 317.323 100 335.398 201.399 103 492.098 185.033 109 165.742 381.756 111 522.439 174.098 118 119.940 360.407 123 539.970 207.103 124 524.742 219.763 127 524.742 219.763 128 122.404 277.059 131 351.248 161.329 135 390.579 175.156 137 75.354 198.492 140 555.840 186.355 147 558.118 194.955 151 510.626 204.163 158 545.267 202.701 160 558.597 202.044 161 31.360 285.440 170 530.055 254.209 172 27.921 336.120 177 354.600 323.017 179 360.566 328.046 182 446.114 329.079 186 41.600 360.184 188 363.405 370.866 197 508.460 154.596 206 77.880 247.369 222 77.870 250.972 223 518.280 226.859 225 561.067 262.178 240 441.444 273.033 241 73.861 297.633 243 526.337 284.927 245 26.762 341.910 246 303.457 331.060 248 429.239 327.905 250 185.702 366.460 251 536.517 375.145 258 381.986 390.371 259 298.409 142.057 264 517.103 156.717 265 91.451 229.087 271 482.328 214.318 274 260.295 267.629 278 532.892 257.335 279 518.163 284.754 282 364.654 378.605 297 534.006 383.223 300 375.674 177.942 305 288.970 194.504 308 368.387 214.564 312 97.622 252.595 314 83.594 305.827 317 303.418 323.313 319 388.738 348.146 321 260.081 179.791 328 486.423 178.052 331 502.007 177.004 332 469.553 198.668 334 112.586 237.400 336 104.599 239.970 337 486.697 215.958 339 25.516 292.726 341 18.835 240.486 355 33.699 277.685 359 29.442 252.361 365 541.480 235.694 381 161.288 357.397 387 492.916 221.076 397 442.331 200.321 399 461.589 261.147 407 472.782 275.356 408 112.076 295.479 410 561.276 373.770 412 541.122 317.323 414 420.853 153.577 417 234.822 191.344 420 294.975 207.117 427 344.696 169.349 430 416.306 178.456 431 518.175 316.544 441 446.114 329.079 442 595.727 378.162 444 545.839 316.511 446 284.334 268.248 450 442.211 269.563 451 492.735 208.685 455 413.025 157.242 457 305.755 160.373 460 209.160 187.914 467 83.998 182.234 469 196.717 218.290 476 131.855 223.250 483 121.403 223.942 484 79.330 236.631 490 90.312 293.598 507 110.849 299.623 509 115.018 307.780 513 383.986 325.063 523 514.752 330.014 524 202.813 328.059 529 27.767 332.784 535 14.092 341.422 540 546.564 367.911 548 589.659 370.999 551 589.659 370.999 552 97.575 372.775 553 181.040 382.508 557 210.954 387.441 561 303.980 392.649 562 28.902 385.861 563 524.237 163.873 568 528.746 164.383 569 564.409 253.987 586 15.702 268.886 599 27.821 304.521 605 19.405 334.062 613 96.221 357.206 619 581.934 364.731 621 565.226 367.944 624 34.911 359.319 628 561.276 373.770 631 516.215 162.533 639 401.391 194.092 643 514.312 212.445 645 522.554 308.403 656 132.197 346.772 660 110.439 368.270 662 581.298 370.413 663 571.763 375.647 668 535.496 149.762 672 6.965 164.486 674 229.698 192.523 675 184.882 196.186 677 95.299 295.156 684 95.299 295.156 685 368.751 339.443 689 587.016 357.771 691 96.914 361.358 694 577.396 366.222 695 340.881 372.843 697 8.126 176.225 699 550.801 267.811 704 340.791 339.889 709 134.802 337.234 710 24.980 325.576 711 151.642 212.617 724 134.827 226.148 727 524.396 150.552 749 369.215 146.860 751 251.198 187.172 753 509.460 347.583 755 119.940 360.407 759 494.282 365.228 760 104.491 373.574 761 355.298 381.480 762 375.485 158.420 764 541.480 235.694 765 478.108 349.162 766 149.229 371.594 769 306.107 170.497 770 508.959 208.923 772 508.959 208.923 773 526.495 241.784 775 526.495 241.784 776 542.572 257.375 778
127 0.995587588981851 -0.08814941966471235 -0.02681682770555081 0.017773178430545374 -0.21325828788311818 0.0022195337067018456 0.1962846904740582 127 image_000127.jpg
 584.421 355.488 2 458.398 351.359 5 416.064 286.741 10 525.286 351.308 14 472.051 343.981 26 62.467 386.453 27 327.176 427.287 28 225.642 434.775 34 386.659 331.926 40 393.149 320.241 45 682.982 270.106 73 610.037 275.820 75 138.425 354.498 85 350.274 349.686 96 705.427 525.668 100 57.668 459.695 104 637.847 326.868 109 369.881 374.723 125 588.287 378.234 130 488.092 304.913 137 211.148 305.324 138 430.384 351.016 152 496.957 351.556 153 522.134 538.126 185 665.750 283.660 206 540.652 318.800 209 461.660 447.575 239 558.552 453.113 241 536.107 533.269 250 678.761 287.534 265 665.141 484.694 318 630.740 316.121 331 357.179 354.337 380 690.777 260.900 400 599.447 437.689 401 721.299 439.524 402 674.319 558.008 403 546.840 349.583 404 340.944 367.203 405 356.352 427.911 406 588.855 436.763 407 604.987 457.291 408 549.587 344.820 409 57.668 459.695 410 669.325 544.279 411 731.011 611.582 412 567.533 337.997 413 705.427 525.668 414 265.078 371.017 415 600.265 349.427 416
204 0.9690164831295254 -0.031578592130556686 -0.2449689128227439 0.00028189536603168315 0.2975594163900732 -0.0024308811512273997 0.011993367492039275 204 image_000204.jpg
 574.822 220.630 3 492.005 214.286 5 483.498 216.560 6 461.823 165.955 10 620.042 222.882 13 300.691 203.387 16 204.257 205.110 20 499.034 172.104 23 560.514 189.119 25 324.557 386.183 36 443.063 188.862 45 673.055 225.807 59 610.974 355.898 65 660.914 222.052 82 671.674 222.547 83 476.199 387.248 92 615.251 202.854 109 430.268 216.212 114 629.769 212.263 119 474.651 366.145 121 459.441 231.201 126 678.540 219.436 151 525.292 215.932 154 610.974 355.898 190 488.910 220.897 312 609.579 195.946 331 489.580 210.306 395 309.865 362.942 398 569.597 215.098 399 678.114 227.527 429 541.875 188.338 431 674.118 228.461 436 617.658 227.217 455 184.033 257.031 499 295.420 357.135 537 561.422 373.720 538 457.974 180.568 576 332.159 207.806 583 543.377 371.853 692 457.730 225.790 700 309.865 362.942 768 632.453 228.549 772
172 0.974414227859987 -0.060198453745539816 -0.21653257678665655 0.002590687053793958 0.2590526950022346 -0.007567831076056027 -0.10150999443137267 172 image_000172.jpg
 539.538 284.190 4 516.727 283.523 5 418.187 438.696 9 486.565 238.534 10 561.235 284.464 14 533.797 283.931 15 278.596 276.220 17 405.438 288.033 18 582.779 258.786 25 451.323 271.005 31 213.570 308.243 42 469.956 260.057 45 646.416 289.510 57 691.028 291.707 59 513.373 288.244 61 681.350 434.554 66 490.013 234.407 76 676.975 288.531 82 688.189 288.223 83 693.427 288.828 84 457.559 286.109 114 500.988 427.410 121 530.389 429.711 122 664.336 307.609 128 695.222 285.628 151 498.260 282.528 152 543.290 284.125 153 547.597 284.556 154 695.116 291.949 161 626.638 418.130 193 556.224 284.320 214 684.644 290.742 218 657.690 318.180 277 462.423 433.330 294 519.460 253.928 305 513.229 289.675 312 443.631 283.567 380 459.113 265.673 428 651.786 287.456 435 700.878 294.455 437 497.362 290.175 440 636.637 293.747 455 562.247 291.219 471 410.107 280.207 473 396.818 288.253 475 590.837 433.629 539 594.949 265.610 573 708.563 289.271 574 683.627 427.255 611 720.091 445.134 621 655.069 298.579 645 483.455 255.047 716 501.770 457.370 762 650.986 294.843 772
227 0.9641897440342088 -0.04535835437478143 -0.2611552281258824 -0.008871735014636938 0.21494050702497142 -0.026633559860836604 0.009271303445391302 227 image_000227.jpg
 376.121 200.250 5 347.188 156.791 10 419.406 201.195 14 268.010 204.762 18 110.456 196.048 20 393.455 162.245 21 78.347 224.610 42 330.903 177.970 45 542.599 208.232 59 15.496 59.449 70 351.272 152.646 76 524.138 204.793 81 539.695 205.308 83 166.649 262.170 87 362.915 337.330 121 391.057 338.708 122 517.858 224.125 127 517.858 224.125 128 87.990 252.152 131 407.109 201.110 154 399.080 203.268 156 480.497 214.012 274 350.077 168.817 304 321.168 182.813 428 415.435 166.251 458 381.055 200.231 470 559.551 205.899 574 344.798 172.605 716 505.863 210.730 772
214 0.9951130078642337 -0.06972591169249005 -0.06956273707645262 -0.007029872655546346 -0.11272476364910604 -0.06310227549447113 -0.4598816431594494 214 image_000214.jpg
 444.027 168.976 6 444.138 412.269 8 472.060 155.825 26 339.002 430.602 30 356.083 154.424 31 384.748 135.134 45 533.685 470.908 69 375.156 113.467 77 339.070 169.221 96 364.318 176.738 114 351.135 271.918 173 490.775 451.078 200 272.236 278.811 236 338.147 451.568 257 475.736 457.100 259 289.363 349.929 284 648.183 177.354 339 460.777 155.934 426 576.283 256.278 445 379.753 265.021 496 185.304 453.180 561 424.363 436.650 634
217 0.9928287264585146 0.006399690265096765 -0.11908802516715196 -0.008257904678006031 -0.04373861039779996 0.03189395509690064 0.08604994502250803 217 image_000217.jpg
 419.057 112.794 6 399.738 73.914 10 462.524 110.310 14 439.296 110.600 15 284.213 109.059 16 434.301 76.231 22 432.277 106.182 26 372.071 101.968 31 383.867 99.532 40 193.362 137.859 42 507.763 67.803 74 507.763 67.803 75 382.652 81.885 77 576.860 110.405 84 235.069 113.385 85 545.202 156.716 99 564.025 204.333 100 542.376 69.803 102 524.702 96.435 109 564.024 116.250 124 550.939 126.911 127 550.939 126.911 128 550.948 192.549 129 222.776 113.814 216 260.312 237.315 251 559.391 250.029 258 435.155 261.472 259 426.006 81.383 267 516.721 120.067 274 544.309 136.470 277 538.763 203.229 288 531.466 249.201 298 428.428 85.883 306 439.378 226.283 321 506.974 107.053 334 563.725 139.382 381 277.423 159.132 382 525.229 127.073 397 499.665 157.458 407 475.648 106.438 409 545.149 215.017 411 504.050 109.169 416 303.324 90.672 420 425.921 106.495 426 358.764 107.146 427 577.874 113.987 429 463.204 80.895 434 487.527 211.923 442 348.801 157.904 450 537.360 213.250 454 525.694 115.924 455 267.989 112.417 476 197.726 114.711 484 257.326 251.485 557 546.265 82.203 570 459.586 94.488 575 544.475 79.711 640 542.551 119.582 645 192.041 237.569 662 559.878 69.724 672 399.465 245.152 697 399.555 218.258 709 212.541 254.170 747 526.108 241.963 760 563.725 139.382 765 513.201 228.680 766 368.872 76.660 770 551.756 143.646 776 550.948 192.549 779 344.091 65.733 784
190 0.968206677766476 -0.09386530624464527 -0.23102089077607654 0.019861233871529393 0.2089968712227177 0.028558223048516143 0.1635594908934106 190 image_000190.jpg
 432.720 356.318 10 483.242 366.620 11 462.332 388.764 26 415.036 379.952 40 212.219 408.433 42 418.651 373.538 45 186.115 286.632 71 534.614 356.337 74 534.614 356.337 75 596.977 398.976 84 280.605 440.172 87 439.971 524.089 92 587.518 487.659 100 443.320 329.265 101 550.656 383.895 109 471.183 530.443 110 407.297 394.018 114 564.555 378.855 115 562.855 453.762 120 439.281 508.131 121 462.845 509.762 122 544.908 500.495 190 540.814 502.334 193 532.040 359.032 204 395.423 488.290 248 499.728 490.951 250 542.968 405.629 274 563.485 486.026 288 378.963 527.673 295 435.229 366.262 304 467.286 505.623 321 592.569 386.712 333 396.585 391.748 380 398.338 432.648 406 332.994 367.665 420 456.296 388.304 426 410.469 377.370 428 255.615 327.780 461 393.895 500.966 534 518.175 379.054 573 531.639 530.866 632 434.414 400.628 647 582.333 360.675 672 492.373 512.514 692 439.575 532.767 762 587.170 404.377 771
224 0.9609359731688035 -0.1543587387529379 0.224244749612675 -0.049897243487859844 -0.33513485736111986 0.009924421068493887 0.03265268294098202 224 image_000224.jpg
 794.589 494.522 16 711.831 517.045 20 683.263 549.464 27 772.959 511.718 32 688.301 569.255 33 682.616 724.852 38 734.566 512.252 85 769.223 585.174 87 661.307 528.177 98 702.230 689.294 123 697.126 586.127 131 444.659 410.942 133 640.606 499.204 140 623.489 557.099 165 566.124 585.390 168 580.530 602.588 170 578.741 663.523 177 531.161 433.304 203 642.336 528.164 213 717.762 515.830 216 493.274 578.871 224 587.330 593.056 230 645.565 616.683 243 780.282 694.040 251 377.404 321.612 260 691.227 487.216 268 569.888 549.853 273 542.074 517.260 307 712.030 497.251 311 487.725 578.327 313 667.808 559.816 314 656.307 625.298 317 682.751 539.654 336 674.367 542.997 337 674.367 542.997 338 573.402 611.016 341 542.110 544.907 353 542.110 544.907 354 477.964 577.214 356 563.020 609.214 360 374.085 356.399 376 374.085 356.399 377 780.137 623.926 385 687.034 610.121 410 750.952 429.149 461 548.896 438.368 464 647.775 478.818 469 744.174 494.940 474 775.419 503.204 476 702.952 519.284 483 690.765 521.831 484 651.989 529.936 486 643.497 532.356 487 615.367 549.690 492 823.071 558.050 495 623.498 583.560 501 620.996 590.716 502 720.378 593.164 504 573.288 592.033 506 721.677 612.500 508 685.554 614.337 509 643.985 622.026 510 623.808 624.541 511 691.627 624.957 513 621.908 628.902 514 646.159 635.834 520 629.446 688.812 541 649.316 687.888 542 804.648 690.559 545 672.069 714.882 555 721.528 445.584 577 721.268 451.630 580 721.268 451.630 581 597.852 514.963 584 646.548 516.538 585 742.910 525.646 588 656.307 625.298 603 623.420 652.723 608 710.857 463.712 644 541.499 493.357 648 637.305 520.774 650 635.294 550.618 652 714.379 672.170 660 654.559 698.537 661 692.031 701.299 662 812.248 465.001 675 758.237 478.299 677 639.993 510.023 679 644.004 547.337 681 654.249 557.248 682 654.249 557.248 683 668.815 611.310 684 668.815 611.310 685 340.986 601.752 687 651.403 679.347 690 371.317 658.699 696 663.387 542.748 702 663.387 542.748 703 574.784 651.339 711 683.257 673.676 714 749.090 480.328 720 723.563 503.205 724 532.030 496.513 725 532.030 496.513 726 704.767 522.473 727 633.611 582.988 729 561.568 579.561 731 561.568 579.561 732 583.596 607.211 735 563.020 609.214 736 525.640 686.543 744 525.917 707.610 748 542.050 438.441 752 633.585 630.946 754 685.993 708.295 761 530.795 435.420 781
198 0.9999207372027312 -0.012486774585804678 0.0007722638083457451 -0.0014169067885938002 -0.08191911001934173 -0.00952207648414298 0.0969958060686327 198 image_000198.jpg
 355.295 111.521 31 304.368 149.235 34 408.554 105.719 39 362.776 109.898 40 245.708 137.625 42 301.042 154.159 44 370.171 111.838 103 473.059 185.039 105 415.554 207.295 106 198.290 63.939 107 198.290 63.939 108 457.284 103.733 109 466.678 152.396 120 380.182 192.780 121 396.011 192.965 122 248.643 195.288 123 357.613 125.517 125 373.043 125.396 126 439.481 123.092 130 364.434 200.450 132 326.429 153.183 236 364.493 176.630 285 332.728 181.923 287 342.253 206.466 295 342.253 206.466 296 461.477 205.820 298 206.635 98.098 301 385.343 151.127 316 228.445 166.391 317 453.601 100.114 331 390.426 199.922 345 410.668 210.331 346 184.608 151.886 358 150.756 22.281 363 150.756 22.281 364 257.480 156.536 367 150.411 32.568 376 150.411 32.568 377 156.260 40.371 378 351.566 118.176 380 156.771 52.941 394 442.327 112.273 416 451.673 109.731 422 466.678 152.396 423 358.738 108.960 428 494.784 113.528 429 415.779 99.534 431 340.306 147.577 450 465.117 181.619 454 276.164 149.587 593 317.649 153.676 595 453.409 206.160 667 506.698 208.379 669 230.300 102.600 676 142.606 103.109 680 504.527 175.422 686 477.219 184.110 688 489.581 148.964 704 322.035 104.457 753 466.330 191.212 755 380.111 208.995 762 353.237 95.037 770 466.976 116.027 773 151.136 88.271 774 448.794 201.462 782 444.940 91.839 783 337.618 89.397 784
199 0.9991533638637455 -0.009125991388161407 0.04005360453606559 -0.0022342045619218424 -0.14936021958954318 -0.01699798667448695 0.07865605992923144 199 image_000199.jpg
 303.890 188.960 35 320.331 198.177 37 257.571 128.348 42 311.999 144.120 44 376.441 92.253 45 252.011 147.257 47 393.420 58.488 101 488.966 173.725 105 203.558 53.130 107 203.558 53.130 108 472.115 88.834 109 260.258 186.913 123 500.565 100.970 124 369.303 114.070 125 385.136 113.718 126 457.175 72.087 204 338.089 142.698 236 149.823 5.925 260 149.823 5.925 261 361.275 61.753 263 360.639 66.474 264 487.034 115.441 277 394.955 166.055 286 213.460 87.907 301 206.803 105.923 307 400.203 106.141 312 247.421 128.816 314 292.000 197.538 322 216.086 149.424 341 221.884 199.000 344 184.212 155.707 361 269.241 147.454 367 148.239 21.752 376 148.239 21.752 377 154.916 29.602 378 363.763 105.747 380 501.047 117.038 381 186.377 150.709 383 255.788 151.573 410 455.861 98.161 416 466.114 95.096 422 482.304 139.449 423 511.831 98.541 429 508.998 179.985 432 473.476 101.532 455 243.549 150.842 507 328.976 143.549 595 206.969 95.255 648 411.550 165.964 657 468.165 196.197 667 518.789 197.022 668 207.066 79.450 674 242.211 92.857 676 445.050 108.346 678 139.006 92.519 680 246.736 151.467 685 136.472 139.041 687 203.500 104.421 701 277.301 106.907 724 421.726 67.176 750 481.990 180.418 755 276.038 192.477 769 482.104 101.809 773 148.723 77.462 774 203.661 66.621 781 463.456 190.644 782
181 0.9979334805326399 -0.045340866243447346 -0.043372155341225446 0.013850499186043837 -0.1711294714817927 0.00646111268728633 0.20320283271472506 181 image_000181.jpg
 360.997 421.578 37 449.618 273.842 45 615.878 383.368 100 580.140 278.787 109 526.134 387.671 250 421.028 428.486 257 157.590 206.811 262 163.704 410.221 290 209.539 254.879 301 409.264 278.009 309 169.642 319.861 313 268.577 303.397 336 208.603 344.785 341 419.873 388.407 342 589.738 263.995 347 164.844 318.895 356 169.206 334.280 358 162.505 353.668 361 152.320 361.702 362 159.981 346.147 366 122.424 162.293 376 122.424 162.293 377 132.355 172.668 378 428.685 293.072 380 539.584 288.778 399 379.702 301.441 415 572.980 287.457 422 619.566 383.625 446 238.786 293.727 487 237.232 277.902 679 103.918 262.504 680 96.669 329.714 687 117.195 370.195 696 323.373 273.987 720 287.248 295.459 727 187.265 383.871 758 431.464 259.452 770 119.521 241.344 774 196.257 224.345 781 565.263 261.996 783
235 0.9289170266809713 -0.11958024130685707 -0.3496649288499367 0.023413105703966434 0.09493711729101847 -0.09437945809477202 -0.3429328012653114 235 image_000235.jpg
 12.755 291.696 50 23.498 315.550 56 125.931 326.318 60 57.352 322.582 62 120.172 328.989 63 33.658 311.866 80 73.241 316.535 81 83.917 317.506 82 99.831 319.259 83 108.589 319.994 84 70.964 506.138 88 41.838 393.394 99 91.774 322.982 160 43.643 369.764 228 21.160 401.831 281 21.435 476.094 288 81.407 368.130 381 91.829 399.583 402 47.678 321.481 418 39.123 312.824 435 100.019 307.847 462 63.798 323.243 465 28.093 496.638 524 136.593 557.353 546 74.470 554.431 548 134.724 322.735 574 69.647 523.902 611 69.065 529.954 612 43.219 329.530 645 114.439 568.249 668 128.930 571.347 669 122.393 553.818 695 81.407 368.130 765 80.100 397.213 778
165 0.9307622217685468 -0.1175685520001955 -0.34543439074742177 0.023117495484522483 0.08502744592383982 -0.08997211738269897 -0.34403216220820576 165 image_000165.jpg
 29.383 315.780 57 57.622 322.623 62 120.219 328.966 63 73.414 316.595 81 83.656 317.444 82 108.921 320.022 84 71.023 505.999 88 38.273 505.948 105 91.767 323.025 160 69.583 323.639 162 58.591 328.377 163 43.632 369.535 228 66.273 410.563 242 43.741 359.074 277 21.232 401.681 281 21.476 476.086 288 29.951 278.828 332 81.495 367.992 381 47.572 321.472 418 39.214 312.854 435 105.042 327.540 436 120.219 328.966 437 63.883 323.308 465 93.439 337.110 466 39.522 496.639 521 28.276 496.633 524 65.584 509.577 532 134.795 322.757 574 92.240 394.444 587 69.733 523.883 611 129.180 551.506 621 43.389 329.965 645 114.530 568.187 668 129.003 571.287 669 128.890 482.976 686 122.413 553.668 695 81.495 367.992 765 80.243 397.446 778 93.459 525.234 780
194 0.9995122645327875 -0.024905404053610504 0.01734526965453209 0.007354622868368235 -0.39869690926604084 -0.029059646254365773 -0.08491295837723045 194 image_000194.jpg
 561.745 237.333 88 533.636 119.963 99 542.651 193.573 178 479.587 238.615 190 473.872 297.261 199 556.056 135.189 242 543.685 161.245 245 552.410 297.822 258 555.439 119.773 279 366.028 306.831 346 531.919 244.658 403 589.786 297.855 412 641.364 305.653 444 542.651 193.573 505 503.227 219.243 517 599.661 238.575 528 601.716 242.115 530 504.446 237.587 531 557.298 241.126 532 429.663 257.271 536 568.293 287.354 548 632.242 294.438 552 359.323 303.845 559 550.451 231.262 607 562.274 255.489 611 621.680 284.444 621 596.198 288.397 624 639.480 295.399 626 607.054 296.180 629 589.786 297.855 631 536.682 196.321 656 620.037 293.317 663 605.373 301.552 668 621.032 305.351 669 545.092 237.239 688 615.022 286.826 695 420.989 254.803 756
163 0.9464578940496672 -0.1002941491080765 -0.3058710789490513 0.024524184296060233 -0.06275646640889396 -0.038800202940659334 -0.19442364222662833 163 image_000163.jpg

135 0.987620166517123 -0.05582365921329359 -0.14620267117773236 -0.010719351569955219 0.07615811062557581 -0.06078809221322726 -0.5543075488645385 135 image_000135.jpg

206 0.9855659259250599 -0.10130784709962144 -0.13534192048234547 0.008893352323693196 0.06798435722270943 0.0563103868736451 0.03528183076306133 206 image_000206.jpg

207 0.9592238397210018 -0.19984138485504982 0.19525881688737626 -0.042743865372319605 -0.498899693444788 -0.09178156139770716 -0.21450497676596322 207 image_000207.jpg

113 0.9999998956918662 0.0002494505575750619 -0.00027528512834751605 -0.00025568033499754874 -0.00022030248544604986 0.00023087301133581373 -0.00011208466688774103 113 image_000113.jpg

188 0.9851934875178556 -0.05958709283885149 -0.16075372176613306 -0.001187579312696894 0.11434661887162821 -0.03596259446276431 -0.28594126065290737 188 image_000188.jpg

