# 3D point list with one line of data per point:
#   POINT3D_ID, X, Y, Z, R, G, B, ERROR, TRACK[] as (IMAGE_ID, POINT2D_IDX)
# Number of points: 785, mean track length: 5.25
0 0.21425772849190922 -0.26303651569896164 1.0977629087586989 0 0 0 0.34 118 0 126 0 128 0 136 0 142 0 146 0 148 0 162 0 164 0 185 0 200 0 213 0 221 0 223 0 232 0 
1 0.2338255452184798 -0.24327053777451693 1.0942605178646245 0 0 0 0.28 126 1 136 1 142 1 147 0 148 1 152 0 159 0 162 1 164 1 176 0 185 1 196 0 213 1 222 0 232 1 
2 0.31946789499212896 -0.22134998803482925 1.0704669663924775 0 0 0 0.32 127 0 128 1 142 2 146 1 148 2 159 1 164 2 176 1 200 1 213 2 219 0 220 0 
3 0.31422264135696126 -0.22127871211164998 1.071771217025048 0 0 0 0.17 126 2 128 2 142 3 148 3 159 2 176 2 196 1 204 0 
4 0.25852065335078184 -0.22429314514081927 1.0862605208716993 0 0 0 0.36 126 3 136 2 142 4 148 4 159 3 172 0 222 1 
5 0.23587980220619315 -0.22483944955322968 1.0935132620000172 0 0 0 0.22 118 1 127 1 136 3 142 5 148 5 159 4 164 3 172 1 204 1 219 1 227 0 
6 0.22723372795595692 -0.2223395600755311 1.0949288722428288 0 0 0 0.36 118 2 128 3 142 6 159 5 164 4 196 2 204 2 213 3 214 0 217 0 219 2 
7 -0.07011799421660003 -0.1353111732419685 1.2075810408809167 0 0 0 0.6 142 7 148 6 159 6 164 5 196 3 223 1 
8 0.225127804449369 -0.07035007970338454 1.096887940026739 0 0 0 0.58 118 3 126 4 142 8 148 7 164 6 196 4 213 4 214 1 221 1 223 2 
9 0.14097673967177665 -0.07103708999672231 1.1228119114991304 0 0 0 0.14 142 9 148 8 172 2 232 2 
10 0.20500607834741671 -0.2684048817506475 1.094500069322664 0 0 0 0.37 118 4 126 5 127 2 128 4 136 4 142 10 146 2 147 1 152 1 159 7 162 2 164 7 172 3 176 3 185 2 190 0 196 5 204 3 213 5 217 1 219 3 220 1 221 2 222 2 227 1 232 3 
11 0.2707702451827706 -0.259158019527478 1.0848937854514646 0 0 0 0.45 118 5 142 11 147 2 148 9 164 8 190 1 196 6 221 3 
12 0.353993228268251 -0.2238549520852307 1.0624073986342037 0 0 0 0.12 118 6 142 12 148 10 
13 0.35869825405866046 -0.22084613697619412 1.061565430132093 0 0 0 0.68 126 6 142 13 148 11 159 8 162 3 196 7 204 4 222 3 
14 0.2801417901100093 -0.2245831631884452 1.0814541479342632 0 0 0 0.32 118 7 126 7 127 3 136 5 142 14 147 3 148 12 159 9 162 4 164 9 172 4 176 4 196 8 213 6 217 2 219 4 221 4 227 2 
15 0.25300549852065785 -0.22474944507275083 1.0888447852984506 0 0 0 0.29 118 8 126 8 136 6 142 15 148 13 159 10 162 5 172 5 185 3 217 3 
16 0.0686271018272037 -0.23250835711376683 1.153502053857082 0 0 0 0.31 142 16 148 14 159 11 204 5 217 4 224 0 
17 0.016175540976237218 -0.23269026682157123 1.1735173599695559 0 0 0 0.3 126 9 142 17 172 6 
18 0.13057166439848134 -0.21955285878632166 1.126962868969319 0 0 0 0.34 118 9 126 10 142 18 146 3 159 12 164 10 172 7 176 5 213 7 227 3 232 4 
19 0.010215213913329102 -0.22874556588919379 1.1749823392525935 0 0 0 0.78 142 19 148 15 159 13 164 11 176 6 196 9 223 3 
20 -0.012830402462072087 -0.2295297488367573 1.1851026397658335 0 0 0 0.66 142 20 148 16 159 14 164 12 176 7 196 10 204 6 223 4 224 1 227 4 
21 0.25403418474532585 -0.2657408731485444 1.088109734634907 0 0 0 0.33 126 11 142 21 159 15 219 5 220 2 227 5 
22 0.24706818331022934 -0.26587805139269705 1.0885473585162961 0 0 0 0.37 118 10 142 22 148 17 217 5 220 3 
23 0.2417373753095252 -0.2649702924613685 1.0896743757180007 0 0 0 0.45 142 23 146 4 148 18 152 2 159 16 162 6 164 13 200 2 204 7 213 8 219 6 220 4 222 4 
24 0.23443860205217135 -0.2640969856556952 1.092289744289556 0 0 0 0.15 142 24 148 19 164 14 219 7 
25 0.3016305058193003 -0.251436746318573 1.0752604506318968 0 0 0 0.56 118 11 126 12 142 25 147 4 148 20 159 17 164 15 172 8 204 8 220 5 221 5 222 5 
26 0.24469680612618314 -0.2302172498056072 1.0913012067668277 0 0 0 0.4 118 12 126 13 127 4 128 5 136 7 142 26 146 5 147 5 159 18 162 7 164 16 176 8 185 4 190 2 196 11 213 9 214 2 217 6 219 8 220 6 221 6 222 6 223 5 232 5 
27 -0.04548779637574208 -0.2074670851203194 1.1993257943213138 0 0 0 0.56 126 14 127 5 142 27 148 21 159 19 162 8 164 17 196 12 224 2 232 6 
28 0.14860746815799952 -0.17358640064171652 1.1199767549281332 0 0 0 0.18 126 15 127 6 142 28 220 7 
29 -0.04941153275008178 -0.08923074535643928 1.2000634269979797 0 0 0 0.46 142 29 162 9 196 13 223 6 
30 0.1621908286602563 -0.061212381732217554 1.1076077552729235 0 0 0 0.65 126 16 142 30 148 22 196 14 214 3 223 7 
31 0.1728917404254228 -0.23608971798211126 1.1102142454042 0 0 0 0.4 118 13 126 17 128 6 136 8 142 31 146 6 147 6 148 23 152 3 159 20 162 10 164 18 172 9 176 9 185 5 196 15 198 0 200 3 213 10 214 4 217 7 223 8 232 7 
32 0.0477686661984281 -0.22209670500574175 1.1603105075759637 0 0 0 0.2 142 32 148 24 164 19 185 6 224 3 
33 -0.04159485029429772 -0.18887513097498143 1.1973686910415875 0 0 0 0.49 142 33 176 10 213 11 220 8 221 7 224 4 
34 0.07679247831104474 -0.1706101777540422 1.1514792304439885 0 0 0 0.36 126 18 127 7 142 34 148 25 159 21 164 20 198 1 223 9 
35 0.05314528380888656 -0.07614736820326261 1.156915901899047 0 0 0 0.44 142 35 148 26 164 21 199 0 221 8 
36 0.0864936478937916 -0.06316789294210326 1.1416440865916684 0 0 0 0.47 118 14 126 19 142 36 148 27 164 22 196 16 204 9 213 12 219 9 220 9 221 9 223 10 232 8 
37 0.08589896211755635 -0.05742188988220864 1.1406886063179489 0 0 0 0.75 126 20 142 37 148 28 181 0 196 17 199 1 219 10 221 10 223 11 
38 -0.05878835219104272 -0.057851009234026064 1.2043299380694301 0 0 0 0.29 118 15 142 38 148 29 159 22 164 23 220 10 224 5 
39 0.2696270719189816 -0.24176409245095112 1.0840070579095198 0 0 0 0.4 142 39 148 30 152 4 162 11 164 24 196 18 198 2 200 4 220 11 221 11 
40 0.18696692940207013 -0.23907130152610448 1.1061123886461048 0 0 0 0.51 118 16 126 21 127 8 136 9 142 40 146 7 148 31 185 7 190 3 196 19 198 3 200 5 213 13 217 8 221 12 223 12 
41 0.24613273856451018 -0.21973693235569694 1.0869837032508758 0 0 0 0.34 126 22 142 41 159 23 
42 -0.041822718670220874 -0.20079988485596426 1.1960736389726339 0 0 0 0.52 118 17 126 23 142 42 148 32 159 24 162 12 164 25 172 10 176 11 190 4 196 20 198 4 199 2 213 14 217 9 220 12 221 13 223 13 227 6 232 9 
43 0.084023178072305 -0.16135608547228103 1.1474057346761817 0 0 0 0.24 142 43 146 8 159 25 164 26 196 21 223 14 
44 0.06953780636774137 -0.16150456847455197 1.153808170444198 0 0 0 0.17 142 44 198 5 199 3 
45 0.19085678340577672 -0.24731325703856827 1.1048600669830873 0 0 0 0.49 126 24 127 9 128 7 136 10 142 45 147 7 148 33 159 26 162 13 164 27 172 11 176 12 181 1 185 8 190 5 196 22 199 4 200 6 204 10 213 15 214 5 219 11 221 14 222 7 223 15 227 7 232 10 
46 0.10985727769922331 -0.25636508257434165 1.140016559397232 0 0 0 0.43 142 46 148 34 220 13 
47 -0.055560767174651304 -0.16402033007202113 1.2088091513847976 0 0 0 0.61 142 47 148 35 199 5 221 15 223 16 
48 0.39475942946525694 -0.2836081778448819 1.0503416289722365 0 0 0 0.4 118 18 126 25 142 48 148 36 152 5 213 16 221 16 232 11 
49 0.3762999806042721 -0.27740681012389296 1.0593635977718052 0 0 0 0.56 118 19 142 49 221 17 
50 0.3545078042139087 -0.23463582673774647 1.0561277493576562 0 0 0 0.24 118 20 126 26 142 50 148 37 185 9 232 12 235 0 
51 0.32731832682984996 -0.23136344890572028 1.0666731918954977 0 0 0 0.26 118 21 142 51 159 27 
52 0.3318446480720246 -0.23059960594521292 1.0667028310043787 0 0 0 0.12 118 22 142 52 148 38 162 14 
53 -0.09829246860586069 -0.2056446999467802 1.0559116169329315 0 0 0 0.29 118 23 142 53 148 39 159 28 
54 0.15625907827386293 -0.22315262827608146 1.1136632226344412 0 0 0 0.33 118 24 142 54 148 40 159 29 164 28 185 10 196 23 223 17 
55 0.3536022143430942 -0.22065843573106014 1.061918650892139 0 0 0 0.29 118 25 142 55 159 30 162 15 176 13 213 17 222 8 
56 0.3631895471806063 -0.22054967829871827 1.060271919213051 0 0 0 0.33 118 26 142 56 235 1 
57 0.3671692365656559 -0.220997542677643 1.0600207613483583 0 0 0 0.26 118 27 126 27 142 57 148 41 159 31 165 0 172 12 185 11 222 9 
58 0.3995874820582555 -0.2201189941187627 1.0517112775920612 0 0 0 0.24 118 28 136 11 142 58 148 42 162 16 213 18 
59 0.4140703298790759 -0.2200070874537674 1.0489612832621735 0 0 0 0.43 118 29 126 28 142 59 172 13 204 11 220 14 227 8 
60 0.4271222732934841 -0.21960768871169514 1.0446276427170915 0 0 0 0.2 118 30 142 60 164 29 176 14 235 2 
61 0.2318513996313272 -0.2194671264543263 1.0926174086758493 0 0 0 0.19 118 31 142 61 147 8 159 32 162 17 172 14 219 12 220 15 222 10 
62 0.3839575503410878 -0.21764914764963803 1.0550274337754626 0 0 0 0.33 118 32 128 8 136 12 142 62 148 43 165 1 196 24 219 13 235 3 
63 0.4234092199660404 -0.21695644207790288 1.0448258132204977 0 0 0 0.26 118 33 126 29 136 13 142 63 148 44 162 18 165 2 176 15 196 25 221 18 235 4 
64 0.3906502271815331 -0.21316750956647182 1.0528637839793995 0 0 0 0.31 118 34 126 30 142 64 
65 0.3447291497276426 -0.09109187728497627 1.0604664084455466 0 0 0 0.32 118 35 126 31 142 65 159 33 176 16 185 12 204 12 232 13 
66 0.3954312668321729 -0.07277354925798367 1.0494844669044838 0 0 0 0.53 118 36 142 66 172 15 213 19 
67 0.3342750922447308 -0.05757565173534055 1.0629834736227675 0 0 0 0.17 118 37 126 32 142 67 
68 0.36693849069866663 -0.03917130357617226 1.0564125597691438 0 0 0 0.24 118 38 126 33 142 68 213 20 
69 0.27596654582402175 -0.03315957423656945 1.0795767790414694 0 0 0 0.49 118 39 126 34 142 69 146 9 148 45 164 30 213 21 214 6 223 18 232 14 
70 -0.11240372880126166 -0.30129808170545563 1.0232087357989015 0 0 0 0.43 118 40 142 70 219 14 221 19 227 9 232 15 
71 -0.10633660940892753 -0.301024018355787 1.0234258493041002 0 0 0 0.41 118 41 142 71 148 46 159 34 190 6 221 20 232 16 
72 -0.10930800258476056 -0.2985137265216872 1.023922042545017 0 0 0 0.41 118 42 142 72 221 21 232 17 
73 0.38204766164814696 -0.27906049706296887 1.0570773417510066 0 0 0 0.42 118 43 126 35 127 10 142 73 148 47 152 6 164 31 213 22 232 18 
74 0.33472677682011276 -0.2755156787942599 1.0675883990007549 0 0 0 0.28 118 44 142 74 148 48 159 35 164 32 185 13 190 7 217 10 220 16 222 11 232 19 
75 0.3348836767272085 -0.27562116321294755 1.0676791292913002 0 0 0 0.32 118 45 127 11 136 14 142 75 148 49 164 33 190 8 217 11 220 17 222 12 232 20 
76 0.20878700180772056 -0.2728880408785592 1.0935932012341452 0 0 0 0.5 118 46 142 76 147 9 148 50 172 16 227 10 
77 0.18513017219217157 -0.2596080078846941 1.100976713724966 0 0 0 0.38 118 47 142 77 146 10 148 51 159 36 162 19 214 7 217 12 220 18 232 21 
78 0.3402881465935018 -0.22718369474416947 1.0646149143515289 0 0 0 0.27 118 48 142 78 148 52 159 37 162 20 164 34 185 14 196 26 220 19 222 13 
79 0.3569423314653879 -0.22446027580016983 1.0639083201903163 0 0 0 0.21 118 49 126 36 142 79 146 11 148 53 185 15 232 22 
80 0.3697233438781054 -0.22375220950576433 1.0587980812006332 0 0 0 0.39 118 50 142 80 147 10 164 35 176 17 185 16 219 15 222 14 235 5 
81 0.39341169851564173 -0.22323582264597594 1.0531245876502962 0 0 0 0.39 118 51 126 37 142 81 148 54 164 36 165 3 176 18 196 27 219 16 227 11 235 6 
82 0.4000180263607052 -0.22322604315138606 1.05180436837949 0 0 0 0.33 118 52 142 82 148 55 162 21 165 4 172 17 204 13 219 17 221 22 235 7 
83 0.4104447522859706 -0.22308221346015683 1.0488346548487315 0 0 0 0.33 118 53 126 38 142 83 146 12 148 56 164 37 172 18 176 19 196 28 200 7 204 14 213 23 219 18 220 20 221 23 227 12 232 23 235 8 
84 0.4161364789127973 -0.22298791601883308 1.0474819613795354 0 0 0 0.4 118 54 126 39 142 84 148 57 162 22 165 5 172 19 190 9 196 29 213 24 217 13 220 21 221 24 222 15 232 24 235 9 
85 0.009754934662544066 -0.2295711073564381 1.1775806212262174 0 0 0 0.42 118 55 127 12 142 85 159 38 164 38 217 14 221 25 224 6 
86 0.334393050438285 -0.1745540227582626 1.0686119222315993 0 0 0 0.38 118 56 136 15 142 86 
87 0.03680319513831356 -0.16282600907378447 1.1689841625081845 0 0 0 0.35 118 57 126 40 142 87 148 58 159 39 162 23 164 39 190 10 196 30 213 25 220 22 221 26 223 19 224 7 227 13 
88 0.3980375876156912 -0.09049165503999629 1.047519590231913 0 0 0 0.58 118 58 142 88 146 13 148 59 165 6 176 20 194 0 222 16 223 20 232 25 235 10 
89 -0.07017266947001931 -0.08255180474395317 1.20334662174998 0 0 0 0.6 118 59 142 89 223 21 
90 0.14065593196629095 -0.07107665276642366 1.1230518005920478 0 0 0 0.24 118 60 126 41 142 90 
91 0.1719441083714774 -0.0681000320827876 1.1105209778339693 0 0 0 0.6 118 61 142 91 221 27 
92 0.2179651313500044 -0.06111113744024137 1.09600701715323 0 0 0 0.28 118 62 142 92 190 11 204 15 
93 -0.10963393649933473 -0.29408746432989474 1.0230921318306445 0 0 0 0.06 118 63 142 93 232 26 
94 -0.07590175056577769 -0.2814126097278475 1.216303029286094 0 0 0 0.35 118 64 126 42 142 94 148 60 232 27 
95 0.15605286137984706 -0.25338198161784753 1.1159122495209968 0 0 0 0.24 118 65 142 95 196 31 221 28 
96 0.16203642443921443 -0.22695590084575692 1.1131348544878237 0 0 0 0.38 118 66 126 43 127 13 136 16 142 96 148 61 159 40 162 24 164 40 185 17 196 32 200 8 213 26 214 8 222 17 223 22 
97 -0.06851758408010977 -0.23137984203105386 1.2106332628312573 0 0 0 0.41 118 67 142 97 148 62 196 33 220 23 221 29 232 28 
98 -0.06826990601471303 -0.23127763393939701 1.210402511608904 0 0 0 0.35 118 68 126 44 142 98 159 41 164 41 196 34 220 24 224 8 
99 0.37857755475943633 -0.16737597695130146 1.0591044789022308 0 0 0 0.33 118 69 126 45 136 17 142 99 147 11 148 63 159 42 185 18 194 1 196 35 213 27 217 15 220 25 235 11 
100 0.3984161809828159 -0.10787633444378861 1.047856773224202 0 0 0 0.4 118 70 127 14 136 18 142 100 147 12 148 64 164 42 181 2 190 12 196 36 213 28 217 16 220 26 222 18 232 29 
101 0.2209866785514762 -0.305996271647836 1.0988494606294994 0 0 0 0.34 118 71 142 101 164 43 185 19 190 13 199 6 232 30 
102 0.37671721337707964 -0.27243664471973283 1.0595953510063874 0 0 0 0.51 118 72 126 46 142 102 148 65 164 44 217 17 221 30 
103 0.1988010999117149 -0.23349585941535866 1.1028832693179782 0 0 0 0.56 118 73 136 19 142 103 147 13 148 66 152 7 159 43 164 45 196 37 198 6 200 9 220 27 222 19 
104 -0.04581561451729175 -0.15398461968920818 1.198943066783116 0 0 0 0.32 118 74 127 15 142 104 148 67 196 38 232 31 
105 0.3796298270814545 -0.09094004827504314 1.054422126845193 0 0 0 0.47 118 75 136 20 142 105 147 14 165 7 185 20 198 7 199 7 222 20 
106 0.2803602393733897 -0.05231662539974649 1.07982924012816 0 0 0 0.43 118 76 142 106 164 46 196 39 198 8 
107 -0.1093344156437251 -0.30383855826251926 1.0235943162233732 0 0 0 0.18 118 77 142 107 198 9 199 8 219 19 232 32 
108 -0.10937320073702514 -0.3037369984853855 1.0236479926568502 0 0 0 0.29 118 78 142 108 198 10 199 9 219 20 221 31 232 33 
109 0.3545455552051075 -0.2401698778899807 1.0613851665491858 0 0 0 0.47 118 79 126 47 127 16 142 109 147 15 148 68 159 44 181 3 185 21 190 14 196 40 198 11 199 10 204 16 213 29 217 18 219 21 220 28 232 34 
110 0.255829653293886 -0.054513839863241396 1.0878282856242754 0 0 0 0.38 118 80 126 48 142 110 147 16 190 15 221 32 232 35 
111 0.016629967840313377 -0.05929101494169422 1.1697092887711689 0 0 0 0.34 118 81 142 111 164 47 220 29 232 36 
112 0.16322860469126405 -0.3111879884146506 1.1175554993749728 0 0 0 0.67 118 82 142 112 148 69 221 33 
113 0.16334328519830743 -0.31135616005901323 1.1168403175628405 0 0 0 0.22 118 83 142 113 148 70 
114 0.17788505987018838 -0.22068454543494845 1.1068685361612327 0 0 0 0.3 118 84 126 49 136 21 142 114 146 14 172 20 176 21 185 22 190 16 204 17 214 9 219 22 221 34 223 23 232 37 
115 0.3735576662389013 -0.24770490910622397 1.0590435378165635 0 0 0 0.29 118 85 126 50 142 115 148 71 190 17 196 41 213 30 232 38 
116 0.31096260293954026 -0.21711422268177655 1.0717948368438588 0 0 0 0.35 118 86 126 51 142 116 146 15 
117 0.38508629353388485 -0.24917364640568268 1.0533842498040893 0 0 0 0.32 118 87 128 9 142 117 147 17 232 39 
118 0.3856720381247284 -0.24924894155092708 1.0541651338610847 0 0 0 0.65 118 88 128 10 136 22 142 118 147 18 148 72 152 8 213 31 220 30 232 40 
119 0.37067768933036527 -0.23243800305931994 1.0612846320178475 0 0 0 0.5 118 89 126 52 128 11 142 119 147 19 176 22 185 23 196 42 204 18 219 23 221 35 222 21 232 41 
120 0.3700135804579255 -0.15085702337003404 1.0597198951726343 0 0 0 0.32 118 90 128 12 142 120 147 20 164 48 190 18 196 43 198 12 
121 0.21750907102195563 -0.08098315976386437 1.0970559398099162 0 0 0 0.35 118 91 126 53 142 121 146 16 148 73 172 21 190 19 196 44 198 13 204 19 223 24 227 14 232 42 
122 0.24570793498141535 -0.07924414678407257 1.0894499473382786 0 0 0 0.54 118 92 126 54 142 122 148 74 172 22 190 20 196 45 198 14 213 32 223 25 227 15 232 43 
123 -0.03599045933629122 -0.08420844706191666 1.1935671564009336 0 0 0 0.66 118 93 142 123 148 75 159 45 176 23 196 46 198 15 199 11 220 31 221 36 223 26 224 9 232 44 
124 0.39982821058262746 -0.2146184321331761 1.0464610851294383 0 0 0 0.72 118 94 142 124 147 21 148 76 199 12 213 33 217 19 220 32 221 37 232 45 
125 0.17678667597055384 -0.20908648069638597 1.109093764642116 0 0 0 0.63 118 95 127 17 136 23 142 125 164 49 198 16 199 13 221 38 223 27 232 46 
126 0.20525072179958984 -0.20787100931467892 1.1016507122101205 0 0 0 0.62 118 96 126 55 142 126 164 50 198 17 199 14 204 20 221 39 223 28 232 47 
127 0.3855865158316341 -0.20329223189409393 1.055651275066819 0 0 0 0.53 118 97 126 56 136 24 142 127 152 9 162 25 196 47 213 34 217 20 220 33 221 40 227 16 232 48 
128 0.3853969487247699 -0.2032271859078472 1.055137645027977 0 0 0 0.48 118 98 126 57 142 128 152 10 162 26 172 23 200 10 217 21 219 24 220 34 221 41 227 17 232 49 
129 0.3845241596773075 -0.12247064251056429 1.0558975217846165 0 0 0 0.75 118 99 142 129 148 77 217 22 
130 0.3225873194223276 -0.20526514620956599 1.0676761399624763 0 0 0 0.64 118 100 127 18 136 25 142 130 198 18 
131 -0.03398958012350261 -0.1731898543888788 1.1947563311506548 0 0 0 0.49 118 101 142 131 220 35 221 42 224 10 227 18 232 50 
132 0.18843877998227926 -0.0671439877680041 1.1029934539897044 0 0 0 0.18 118 102 142 132 164 51 198 19 213 35 232 51 
133 -0.13434238874667176 -0.27809284507557264 0.9276256995975074 0 0 0 0.25 126 58 142 133 224 11 
134 0.2947440178522417 -0.27682691154181505 1.0794275361910501 0 0 0 0.47 126 59 142 134 159 46 
135 0.2162013610511315 -0.2718515948364774 1.0906102425852642 0 0 0 0.2 126 60 142 135 152 11 220 36 
136 0.2841075096528218 -0.26201987110467045 1.0787243372038808 0 0 0 0.3 126 61 136 26 142 136 148 78 159 47 185 24 196 48 200 11 
137 0.2548567144031858 -0.25651335946593007 1.0876872300583205 0 0 0 0.3 126 62 127 19 136 27 142 137 148 79 159 48 164 52 185 25 196 49 200 12 220 37 221 43 
138 0.06112495848789958 -0.2634671492419642 1.1589183858335612 0 0 0 0.07 126 63 127 20 142 138 148 80 
139 0.2450664292642124 -0.253653049645896 1.0921381615962156 0 0 0 0.51 126 64 142 139 159 49 
140 -0.09097017164526736 -0.2633299610138977 1.2219455924473945 0 0 0 0.42 126 65 142 140 148 81 159 50 196 50 220 38 224 12 
141 0.12910975328756158 -0.24399176009470747 1.128022524166003 0 0 0 0.08 126 66 142 141 159 51 185 26 
142 0.13431920516135984 -0.2439761675322702 1.1292047780074135 0 0 0 0.22 126 67 142 142 148 82 
143 0.34808269284798316 -0.23863452841687538 1.061530134400829 0 0 0 0.26 126 68 142 143 148 83 
144 0.42946429524267776 -0.23766102903770867 1.0431727344320803 0 0 0 0.81 126 69 142 144 196 51 
145 0.19988875545409182 -0.2382814809993596 1.1028538216220336 0 0 0 0.16 126 70 128 13 142 145 159 52 
146 0.350135243849802 -0.23461322405014975 1.0562472262785325 0 0 0 0.14 126 71 142 146 148 84 
147 0.4155350516507183 -0.2337779022294626 1.041148457757775 0 0 0 0.24 126 72 142 147 220 39 222 22 
148 0.426659826480396 -0.23366013857812273 1.038998476824047 0 0 0 0.4 126 73 142 148 196 52 
149 0.3242576231999929 -0.23372776398732129 1.0699069321318704 0 0 0 0.06 126 74 142 149 159 53 
150 0.15145605881076915 -0.23273649369729077 1.1174591004293981 0 0 0 0.18 126 75 142 150 200 13 
151 0.4180042051060767 -0.22613020188968744 1.0459498639613658 0 0 0 0.26 126 76 142 151 172 24 204 21 213 36 220 40 
152 0.21737256010980555 -0.22514008848778747 1.0970280799639618 0 0 0 0.37 126 77 127 21 136 28 142 152 172 25 219 25 222 23 
153 0.2621296493411319 -0.22455961886616108 1.0863474661947807 0 0 0 0.39 126 78 127 22 136 29 142 153 162 27 172 26 
154 0.26697124444342446 -0.22429768287010574 1.0849360216161166 0 0 0 0.26 126 79 136 30 142 154 162 28 172 27 204 22 227 19 
155 -0.01368322428349772 -0.2303517530532426 1.188808569976033 0 0 0 0.27 126 80 142 155 148 85 
156 0.25969078994724487 -0.22218411348855155 1.0887615310172385 0 0 0 0.76 126 81 136 31 142 156 148 86 159 54 227 20 
157 0.26945299313416315 -0.22129896225360696 1.08287538264198 0 0 0 0.15 126 82 142 157 159 55 
158 0.37141290308298147 -0.22053088112222038 1.0582744503269506 0 0 0 0.41 126 83 136 32 142 158 185 27 220 41 222 24 
159 0.38014093251303005 -0.2199848520869052 1.0553155252328108 0 0 0 0.14 126 84 128 14 142 159 148 87 159 56 
160 0.40512921716977407 -0.2195563654432134 1.0493875092261475 0 0 0 0.22 126 85 142 160 148 88 164 53 165 8 185 28 196 53 213 37 220 42 235 12 
161 0.4182579379274286 -0.21949900368916553 1.0464894371219797 0 0 0 0.31 126 86 136 33 142 161 146 17 148 89 164 54 172 28 176 24 196 54 213 38 220 43 
162 0.3914541089225275 -0.21761849969248123 1.0532477005784728 0 0 0 0.22 126 87 136 34 142 162 165 9 196 55 
163 0.38481783740479764 -0.21379896128628678 1.0554933954755488 0 0 0 0.33 126 88 142 163 148 90 159 57 165 10 185 29 196 56 213 39 232 52 
164 0.4103958762600469 -0.21287481875185013 1.0479765778822105 0 0 0 0.18 126 89 142 164 164 55 196 57 
165 -0.116100026830345 -0.2138765969980078 1.2354647146148494 0 0 0 0.31 126 90 142 165 148 91 196 58 224 13 
166 -0.09363091150852063 -0.1765851123834339 1.0709629676640142 0 0 0 0.14 126 91 142 166 196 59 
167 0.13328414223651636 -0.18607284053898845 1.1295671801314682 0 0 0 0.16 126 92 142 167 196 60 
168 -0.09935826500887134 -0.16171979921513066 1.0613185654550492 0 0 0 0.16 126 93 142 168 159 58 224 14 
169 -0.09513781038611208 -0.15633435998936815 1.072148080499428 0 0 0 0.52 126 94 142 169 148 92 
170 -0.09433627714276534 -0.14966452472546973 1.0769296906934076 0 0 0 0.33 126 95 142 170 148 93 196 61 220 44 224 15 
171 0.4236828737418359 -0.17123382411099516 1.0470368841957358 0 0 0 0.29 126 96 142 171 148 94 196 62 
172 0.3897633906097541 -0.16981079250092687 1.0548463009386568 0 0 0 0.15 126 97 142 172 159 59 220 45 
173 0.16976042610122344 -0.16063079202953548 1.1137237204526982 0 0 0 0.32 126 98 142 173 159 60 214 10 
174 0.34631489742976357 -0.1605494004491348 1.0650950946383775 0 0 0 0.18 126 99 142 174 164 56 196 63 213 40 
175 0.3072024762829213 -0.15547107654959474 1.0721757290688099 0 0 0 0.19 126 100 142 175 148 95 
176 0.22702706170576895 -0.1514107488848726 1.0956108975860008 0 0 0 0.6 126 101 142 176 223 29 
177 -0.09490615616346805 -0.09997518605421526 1.0704254453091067 0 0 0 0.42 126 102 142 177 148 96 159 61 196 64 220 46 224 16 
178 0.38514006688507463 -0.12004361059035754 1.0591670340662545 0 0 0 0.22 126 103 142 178 194 2 196 65 
179 0.21719539946772956 -0.10956110375335018 1.093851024559962 0 0 0 0.1 126 104 142 179 220 47 
180 -0.08976222310737514 -0.08982828996780924 1.097111409946412 0 0 0 0.15 126 105 142 180 159 62 196 66 
181 0.2773631253596902 -0.10686269533389207 1.0778645275559042 0 0 0 0.35 126 106 142 181 148 97 196 67 
182 0.2226373747576369 -0.10491358565407696 1.0949463985145884 0 0 0 0.26 126 107 142 182 220 48 
183 0.06223259584837926 -0.1021714687521975 1.1531700875703383 0 0 0 0.3 126 108 142 183 148 98 
184 -0.09020794841807227 -0.08471499465252699 1.0977111660191305 0 0 0 0.2 126 109 142 184 159 63 196 68 
185 0.2817059434902405 -0.09855599584031081 1.0770640278656727 0 0 0 0.33 126 110 127 23 142 185 148 99 
186 0.30742334287749756 -0.0999768470707965 1.0687494408220448 0 0 0 0.25 126 111 142 186 148 100 159 64 220 49 
187 0.13283920786677653 -0.09468753804502879 1.1257669142228814 0 0 0 0.33 126 112 142 187 148 101 164 57 196 69 200 14 
188 -0.0892640515524136 -0.07822756141078957 1.0958954881260021 0 0 0 0.38 126 113 142 188 148 102 159 65 220 50 
189 0.31231743153907704 -0.09816085537128652 1.0695872979795467 0 0 0 0.2 126 114 142 189 148 103 
190 0.34492503443376615 -0.09098542458261423 1.0614272071135522 0 0 0 0.44 126 115 142 190 148 104 159 66 190 21 194 3 204 23 222 25 223 30 
191 0.22304453886095194 -0.0853864250318825 1.094900912543194 0 0 0 0.3 126 116 142 191 148 105 
192 0.3749923212623474 -0.09032969824069548 1.0540010652403966 0 0 0 0.31 126 117 142 192 148 106 
193 0.33931257563532674 -0.08895738354123002 1.0618845690233834 0 0 0 0.2 126 118 142 193 172 29 190 22 222 26 
194 0.2188556403890675 -0.08403604384659237 1.095528744676663 0 0 0 0.2 126 119 142 194 222 27 
195 0.2228955172298715 -0.07924430530207169 1.0939115998562357 0 0 0 0.2 126 120 142 195 196 70 
196 0.22710812306323816 -0.06474910619115559 1.0957608368525613 0 0 0 0.8 126 121 142 196 148 107 223 31 
197 0.2248711147383644 -0.06241210307146467 1.095941317569812 0 0 0 0.45 126 122 142 197 148 108 162 29 196 71 220 51 223 32 
198 0.2659614344075512 -0.058285922753099885 1.0827719539154077 0 0 0 0.16 126 123 142 198 148 109 196 72 
199 0.3419032585165617 -0.053299027998874565 1.0620346900913522 0 0 0 0.33 126 124 142 199 194 4 196 73 
200 0.2513390180724163 -0.04557351330867965 1.0832177468085038 0 0 0 0.64 126 125 142 200 148 110 164 58 196 74 214 11 223 33 
201 0.3058219006829863 -0.04501767366472227 1.073623638441368 0 0 0 0.6 126 126 142 201 223 34 
202 0.2720199020848724 -0.04254797789935502 1.0773202924947194 0 0 0 0.98 126 127 142 202 221 44 222 28 223 35 
203 -0.1071944620343757 -0.2798870593347046 1.0217552290436709 0 0 0 0.27 126 128 142 203 224 17 
204 0.3313060312295679 -0.27241052368574953 1.0688485470565539 0 0 0 0.76 126 129 142 204 148 111 190 23 199 15 
205 0.28394563718295995 -0.27069417476247426 1.0766547545709886 0 0 0 0.26 126 130 142 205 148 112 
206 0.37150126231759273 -0.26985281151039564 1.0598519929412271 0 0 0 0.22 126 131 127 24 142 206 148 113 220 52 232 53 
207 0.2895019174304561 -0.2683572892376206 1.0746043887171592 0 0 0 0.12 126 132 136 35 142 207 
208 0.11285967888613324 -0.26250863970545596 1.1358499832459434 0 0 0 0.1 126 133 142 208 148 114 
209 0.2895978924278052 -0.24700251900261033 1.0804431468729707 0 0 0 0.4 126 134 127 25 136 36 142 209 159 67 185 30 
210 -0.10591737540743797 -0.2094445182695908 1.023590812977729 0 0 0 0.46 126 135 142 210 159 68 
211 0.1431537687047449 -0.23784398841813306 1.1118388975552782 0 0 0 0.15 126 136 142 211 148 115 
212 0.3626293971342998 -0.23469922999524365 1.056819592789742 0 0 0 0.09 126 137 142 212 222 29 
213 -0.09175972569107904 -0.23581864220317547 1.2223199291506308 0 0 0 0.25 126 138 142 213 159 69 196 75 224 18 
214 0.2752438306093623 -0.22449411862469196 1.0823235341113995 0 0 0 0.28 126 139 136 37 142 214 148 116 159 70 172 30 219 26 
215 -0.006692157737443223 -0.23022862735745228 1.184745827189911 0 0 0 0.39 126 140 142 215 200 15 
216 -0.006441947098765502 -0.229789898753914 1.1834302220329243 0 0 0 0.59 126 141 142 216 164 59 200 16 217 23 224 19 
217 0.40433205912117565 -0.22295256646787825 1.0484576640273704 0 0 0 0.08 126 142 142 217 148 117 
218 0.40740552576896255 -0.2208963248620974 1.0505386227310052 0 0 0 0.47 126 143 136 38 142 218 147 22 172 31 
219 0.3355028767682811 -0.21522061259657024 1.0637843867949908 0 0 0 0.41 126 144 142 219 148 118 159 71 185 31 221 45 
220 0.12215294212376467 -0.2161947191929304 1.1296250226405375 0 0 0 0.14 126 145 142 220 148 119 
221 0.16674498353327347 -0.21448976814383516 1.1112487827990962 0 0 0 0.25 126 146 142 221 164 60 196 76 
222 -0.08707318280395011 -0.20868086391970253 1.2149258531525462 0 0 0 0.58 126 147 142 222 148 120 159 72 164 61 196 77 220 53 
223 -0.08739465476415063 -0.20511779532105273 1.2163162873326885 0 0 0 0.38 126 148 142 223 148 121 159 73 220 54 
224 -0.11880523079291434 -0.15609724758512886 0.9721689188933933 0 0 0 0.51 126 149 142 224 224 20 
225 0.37915809517545995 -0.19793361179124577 1.0605248223880588 0 0 0 0.2 126 150 142 225 162 30 196 78 220 55 
226 -0.09541927127009343 -0.16307909797995498 1.0708355140584873 0 0 0 0.25 126 151 142 226 159 74 196 79 
227 -0.09541927127009343 -0.16307909797995498 1.0708355140584873 0 0 0 0.25 126 152 142 227 159 75 196 80 
228 0.3791372091156296 -0.18486890798999947 1.061334104488814 0 0 0 0.28 126 153 136 39 142 228 159 76 165 11 185 32 235 13 
229 -0.09665759965328159 -0.15647030751659827 1.0660544131442036 0 0 0 0.1 126 154 142 229 148 122 159 77 196 81 
230 -0.09191147015421086 -0.15804033690854222 1.0865103783377972 0 0 0 0.1 126 155 142 230 196 82 224 21 
231 0.2273657311829461 -0.175773588954068 1.099937777225505 0 0 0 0.14 126 156 142 231 232 54 
232 -0.08836581369023677 -0.1577180139054967 1.0969980462408373 0 0 0 0.19 126 157 142 232 159 78 196 83 
233 -0.10085642810391522 -0.142693023569019 1.0507040510645982 0 0 0 0.14 126 158 142 233 159 79 
234 0.11420492366694752 -0.16364826575133584 1.1343856414015903 0 0 0 0.21 126 159 142 234 159 80 196 84 
235 0.43849121187383683 -0.16625238781195825 1.0454396104418175 0 0 0 0.14 126 160 142 235 185 33 
236 0.11976237058654722 -0.1605522069951228 1.1323976749643 0 0 0 0.41 126 161 142 236 196 85 198 20 199 16 214 12 223 36 
237 0.20661878016392035 -0.15965495610842853 1.10048332397404 0 0 0 0.5 126 162 142 237 223 37 
238 0.21208928573567318 -0.15958533105216235 1.1005045891403638 0 0 0 0.15 126 163 142 238 148 123 
239 0.24014624006651578 -0.15921115224201018 1.0925809401559305 0 0 0 0.2 126 164 127 26 142 239 
240 0.4189354283384293 -0.1608516795542338 1.0482272157633659 0 0 0 0.3 126 165 136 40 142 240 148 124 159 81 176 25 220 56 
241 0.3040514476876021 -0.15552820076691098 1.074783751545653 0 0 0 0.19 126 166 127 27 142 241 148 125 196 86 220 57 
242 0.39309678053410485 -0.15648327755924893 1.0539153552769764 0 0 0 0.35 126 167 142 242 148 126 165 12 194 5 196 87 
243 -0.09122575884758974 -0.1543406357613601 1.2173953614300985 0 0 0 0.56 126 168 142 243 148 127 164 62 220 58 224 22 
244 -0.09491661843252115 -0.1307598628316789 1.0693228638466432 0 0 0 0.21 126 169 142 244 159 82 
245 0.38559275225009587 -0.1406327412672301 1.0583117047635582 0 0 0 0.26 126 170 142 245 148 128 162 31 185 34 194 6 196 88 220 59 
246 -0.09584257088060406 -0.09466503887992721 1.0702007113285696 0 0 0 0.15 126 171 142 246 148 129 159 83 220 60 
247 -0.09293596399936367 -0.08983817844909461 1.0860963795817171 0 0 0 0.18 126 172 142 247 159 84 196 89 
248 0.16499084662868377 -0.10450092402621225 1.109404174321988 0 0 0 0.5 126 173 136 41 142 248 148 130 159 85 176 26 185 35 190 24 220 61 223 38 
249 0.37265568285421624 -0.10884346633480946 1.0551682072625561 0 0 0 0.22 126 174 136 42 142 249 148 131 159 86 196 90 
250 0.29086400034035226 -0.10245918707063877 1.0787964937480872 0 0 0 0.4 126 175 127 28 142 250 148 132 181 4 190 25 196 91 220 62 223 39 
251 0.038340590900101446 -0.07448855589757446 1.1653947897828811 0 0 0 0.39 126 176 142 251 148 133 196 92 217 24 220 63 224 23 232 55 
252 0.03469107558469433 -0.06708633316124353 1.1639850631614548 0 0 0 1.0 126 177 142 252 196 93 223 40 
253 -0.09696980560226849 -0.05100078416139106 1.0716956059813878 0 0 0 0.22 126 178 142 253 148 134 196 94 
254 0.06460800855507792 -0.0618606891491836 1.1497515924652122 0 0 0 0.45 126 179 128 15 142 254 164 63 221 46 
255 0.24653419913112745 -0.06502494895786073 1.086880895545661 0 0 0 0.65 126 180 142 255 221 47 222 30 
256 0.23772235329049488 -0.05638977691355143 1.0883130694534926 0 0 0 0.49 126 181 142 256 148 135 
257 0.16157131011173703 -0.04857549991497295 1.1090981764895862 0 0 0 0.44 126 182 142 257 164 64 181 5 196 95 214 13 
258 0.3924362762881046 -0.052471413649621726 1.0501535219733367 0 0 0 0.31 126 183 142 258 148 136 194 7 217 25 220 64 232 56 
259 0.24310920173108616 -0.04242366517918543 1.0871183562430824 0 0 0 0.67 126 184 142 259 196 96 213 41 214 14 217 26 220 65 223 41 
260 -0.14941104665681643 -0.3275568020022099 0.8546766861576607 0 0 0 0.94 126 185 142 260 199 17 224 24 
261 -0.15024484609438107 -0.3272639475999508 0.8550708069493054 0 0 0 0.36 126 186 142 261 199 18 
262 -0.13399343094478958 -0.2760213982596365 0.9340842520140045 0 0 0 0.47 126 187 142 262 181 6 
263 0.16323084802227805 -0.30726656974346944 1.1181806872940672 0 0 0 0.2 126 188 142 263 148 137 164 65 185 36 199 19 
264 0.16204031653546758 -0.2990364517170431 1.1197478500500717 0 0 0 0.62 126 189 142 264 148 138 162 32 199 20 220 66 221 48 
265 0.3802027779796302 -0.26772870630461976 1.058621998189371 0 0 0 0.43 126 190 127 29 136 43 142 265 148 139 162 33 164 66 185 37 220 67 
266 0.25573516821350745 -0.2608124848778011 1.088342834616369 0 0 0 0.41 126 191 136 44 142 266 148 140 159 87 164 67 196 97 
267 0.23762018285467018 -0.2602526141275992 1.0919395297248833 0 0 0 0.26 126 192 142 267 146 18 148 141 159 88 164 68 185 38 196 98 217 27 222 31 
268 -0.032662952344765316 -0.2613415738358471 1.1954393342251943 0 0 0 0.48 126 193 142 268 148 142 196 99 200 17 224 25 
269 0.16163486369282276 -0.24991246151116026 1.1112220080757687 0 0 0 0.34 126 194 142 269 196 100 
270 0.1603672229120249 -0.25105641785968413 1.1168648244193247 0 0 0 0.5 126 195 142 270 159 89 185 39 196 101 200 18 
271 -0.07218034602520888 -0.2279433182479911 1.2134625509332437 0 0 0 0.42 126 196 142 271 148 143 159 90 220 68 
272 -0.08710769101667135 -0.22698776138885002 1.219956368964602 0 0 0 0.4 126 197 142 272 148 144 159 91 196 102 
273 -0.09648930853467699 -0.19068482768891098 1.064822549294543 0 0 0 0.24 126 198 142 273 148 145 224 26 
274 0.3440583000632136 -0.21151132025472258 1.0639726774506306 0 0 0 0.3 126 199 136 45 142 274 148 146 162 34 190 26 217 28 220 69 222 32 227 21 
275 -0.0032209628797465134 -0.21344915530654787 1.1811589078603162 0 0 0 0.32 126 200 142 275 159 92 185 40 
276 -0.11267365214884623 -0.21079425846883884 1.2375163831114284 0 0 0 0.47 126 201 142 276 159 93 
277 0.3780950075298281 -0.19142325094996837 1.057947223774921 0 0 0 0.52 126 202 142 277 165 13 172 32 199 21 213 42 217 29 221 49 232 57 
278 0.11963054973094148 -0.17186305717141634 1.1330072420056794 0 0 0 0.2 126 203 142 278 196 103 220 70 
279 0.39265566693575243 -0.1669150686065986 1.054895024581876 0 0 0 0.24 126 204 142 279 148 147 152 12 159 94 185 41 194 8 196 104 220 71 232 58 
280 0.1528826519410679 -0.16062307303117282 1.1188365609093252 0 0 0 0.25 126 205 142 280 159 95 
281 0.3659164948765719 -0.16045952542567377 1.0603088137357222 0 0 0 0.34 126 206 142 281 164 69 165 14 222 33 235 14 
282 0.37780171849241523 -0.14073280275208103 1.0568489043909512 0 0 0 0.23 126 207 142 282 220 72 
283 0.3774175328600927 -0.1242670943664806 1.0598041963080482 0 0 0 0.13 126 208 142 283 148 148 
284 0.1309590333049986 -0.11264922936341458 1.122676009996605 0 0 0 0.66 126 209 136 46 142 284 185 42 214 15 
285 0.18891004222820929 -0.11145108147191049 1.102037980123102 0 0 0 0.52 126 210 142 285 196 105 198 21 
286 0.2220587980454843 -0.11083455801197578 1.095927466965595 0 0 0 0.13 126 211 142 286 199 22 
287 0.13051498191883706 -0.1043644681742119 1.1250238863149098 0 0 0 0.1 126 212 142 287 196 106 198 22 
288 0.3682442795456858 -0.10979748504685831 1.055383003739598 0 0 0 0.39 126 213 142 288 147 23 148 149 159 96 164 70 165 15 190 27 196 107 213 43 217 30 232 59 235 15 
289 -0.11189594446904111 -0.09698061602891588 1.231707514938983 0 0 0 0.39 126 214 142 289 159 97 
290 -0.12392850085729573 -0.05597095725197038 0.9721321821489 0 0 0 0.47 126 215 142 290 181 7 
291 0.3838705564029114 -0.08679204393100197 1.0558433966338192 0 0 0 0.18 126 216 142 291 148 150 
292 0.0654342744493559 -0.07732601857436441 1.1587197084722123 0 0 0 0.19 126 217 142 292 148 151 
293 0.07843938421313898 -0.07362951544937177 1.1461184032388099 0 0 0 1.03 126 218 142 293 148 152 223 42 
294 0.1801082731098342 -0.07557118459671172 1.1053707253405696 0 0 0 0.2 126 219 142 294 172 33 
295 0.14848512263328226 -0.05730195017763313 1.1193535546883333 0 0 0 0.45 126 220 136 47 142 295 148 153 190 28 198 23 232 60 
296 0.14879342778276936 -0.05728615268867261 1.1167428832590474 0 0 0 0.36 126 221 136 48 142 296 148 154 198 24 
297 0.22574006615328804 -0.05548726270680832 1.0962701838105817 0 0 0 0.55 126 222 142 297 148 155 220 73 
298 0.3591376894429258 -0.05418455405756702 1.059133094110694 0 0 0 0.64 126 223 142 298 198 25 217 31 223 43 
299 0.25068938056315726 -0.05043053485133587 1.0861116635229027 0 0 0 0.79 126 224 142 299 148 156 196 108 223 44 
300 0.3894460580911635 -0.04487032744698485 1.050912508702511 0 0 0 0.56 126 225 142 300 220 74 
301 -0.0991399476853751 -0.2497180984281237 1.0539911236073156 0 0 0 0.27 126 226 142 301 164 71 181 8 196 109 198 26 199 23 
302 0.40845184195503115 -0.27388100851557323 1.0559344035981735 0 0 0 0.39 126 227 142 302 148 157 
303 0.4371320525611901 -0.25775434609995584 1.0461994502527616 0 0 0 0.16 126 228 142 303 159 98 185 43 
304 0.21038638906639967 -0.2571753641148619 1.09887143831838 0 0 0 0.53 126 229 142 304 152 13 159 99 185 44 190 29 219 27 221 50 227 22 
305 0.23985754870800433 -0.2551643331940596 1.0926308690941797 0 0 0 0.25 126 230 136 49 142 305 159 100 162 35 164 72 172 34 196 110 200 19 220 75 
306 0.239925848454586 -0.2550100952524921 1.091721814035484 0 0 0 0.25 126 231 128 16 142 306 148 158 159 101 185 45 196 111 217 32 222 34 
307 -0.1055156893977183 -0.21321359508447996 1.0331489882558342 0 0 0 0.39 126 232 142 307 159 102 199 24 224 27 
308 0.1506705112758862 -0.2447416722191037 1.1191933389075677 0 0 0 0.13 126 233 142 308 220 76 
309 0.14113227654503002 -0.2439404469509747 1.1215840474880507 0 0 0 0.29 126 234 142 309 159 103 181 9 
310 0.36632782748837717 -0.24140062743550203 1.0650310996857488 0 0 0 0.78 126 235 142 310 221 51 
311 -0.01124029581181143 -0.24723036141817675 1.184540963390636 0 0 0 0.29 126 236 142 311 159 104 224 28 
312 0.23235969232568326 -0.21811582942402258 1.0934505729734207 0 0 0 0.3 126 237 136 50 142 312 159 105 172 35 199 25 204 24 219 28 220 77 
313 -0.12261640882562203 -0.15690058776199117 0.9702665531920807 0 0 0 0.45 126 238 142 313 181 10 224 29 
314 -0.06506704013914053 -0.20257410998109823 1.2128749820593983 0 0 0 0.22 126 239 142 314 148 159 199 26 220 78 224 30 
315 -0.10152422260333091 -0.16265812032508578 1.041256975547861 0 0 0 0.58 126 240 142 315 159 106 
316 0.22813823023859792 -0.15851250659828375 1.0967189802068882 0 0 0 0.22 126 241 142 316 198 27 
317 -0.07918659852224795 -0.1448132741925292 1.2107332455197373 0 0 0 0.27 126 242 142 317 148 160 196 112 198 28 220 79 224 31 
318 0.37316723287052705 -0.13471150699848786 1.0579580048697226 0 0 0 0.39 126 243 127 30 142 318 
319 0.1652068375423936 -0.11131214395424319 1.10832994466705 0 0 0 0.32 126 244 142 319 159 107 196 113 220 80 
320 0.06253560518315052 -0.1044350858295023 1.152807376778526 0 0 0 0.13 126 245 142 320 148 161 164 73 
321 0.2505045582703743 -0.08392333498983662 1.087728380391681 0 0 0 0.4 126 246 142 321 148 162 152 14 190 30 196 114 213 44 217 33 220 81 223 45 232 61 
322 0.02951924314056943 -0.06210168755313333 1.1671064495162935 0 0 0 1.27 126 247 142 322 162 36 199 27 223 46 
323 0.19712969323728516 -0.05662373619600722 1.1048520253436112 0 0 0 0.19 126 248 142 323 148 163 
324 0.26636876540612664 -0.05377753161113574 1.0825519294505244 0 0 0 0.21 126 249 142 324 148 164 222 35 
325 0.2761262202277945 -0.29974424519588616 1.0789761013868622 0 0 0 0.36 126 250 142 325 148 165 196 115 
326 0.22556408817766999 -0.29538761226660876 1.0977591810826943 0 0 0 0.46 126 251 142 326 159 108 196 116 
327 0.19473379136287233 -0.2731065454446581 1.1062358931927552 0 0 0 0.88 126 252 136 51 142 327 185 46 196 117 
328 0.11950859403743486 -0.26328254026626263 1.1339042648525866 0 0 0 0.28 126 253 136 52 142 328 159 109 196 118 220 82 
329 -0.029385872749469695 -0.2686557230499972 1.2063178493385998 0 0 0 0.78 126 254 142 329 196 119 
330 0.13552454225099048 -0.2536604859551381 1.133384235542831 0 0 0 0.35 126 255 142 330 159 110 
331 0.34906325186561876 -0.24797916798231723 1.0660392436087482 0 0 0 0.61 126 256 127 31 136 53 142 331 148 166 159 111 162 37 164 74 185 47 196 120 198 29 204 25 220 83 
332 0.3653576169774765 -0.24764921938297704 1.0605163426405524 0 0 0 0.4 126 257 142 332 148 167 164 75 165 16 196 121 219 29 220 84 
333 0.41070349191367406 -0.23998606828301627 1.0510141475774346 0 0 0 0.45 126 258 142 333 164 76 176 27 190 31 222 36 232 62 
334 0.3326892499443946 -0.22822161301371585 1.0684293913255283 0 0 0 0.3 126 259 136 54 142 334 148 168 159 112 162 38 196 122 217 34 220 85 
335 0.3846735020269881 -0.21619461278001473 1.05516925068196 0 0 0 0.39 126 260 136 55 142 335 148 169 159 113 
336 -0.04684158597881349 -0.21705223414694647 1.202907324670002 0 0 0 0.71 126 261 142 336 148 170 159 114 164 77 181 11 196 123 220 86 223 47 224 32 
337 -0.05627482833506481 -0.2158353585983609 1.2076951596757555 0 0 0 0.33 126 262 142 337 148 171 164 78 196 124 220 87 224 33 
338 -0.05834722603695054 -0.21647376908205587 1.2125213962803452 0 0 0 0.9 126 263 142 338 148 172 196 125 223 48 224 34 
339 0.3490154427179802 -0.20939816958418028 1.0636631955355442 0 0 0 0.28 126 264 142 339 148 173 159 115 196 126 214 16 220 88 
340 0.4217594293287254 -0.20923629350165587 1.0437269402817955 0 0 0 0.4 126 265 136 56 142 340 162 39 
341 -0.0972487984462184 -0.14165585058763985 1.0683527614085946 0 0 0 0.28 126 266 142 341 148 174 159 116 181 12 196 127 199 28 220 89 224 35 
342 0.1582897658845088 -0.10002163581513016 1.1080758135763642 0 0 0 0.48 126 267 142 342 164 79 181 13 
343 0.18747153770128291 -0.10046033161241891 1.097923132916363 0 0 0 0.72 126 268 142 343 223 49 
344 -0.09128061392728157 -0.0539056601563024 1.0903597620904062 0 0 0 0.16 126 269 142 344 148 175 159 117 199 29 
345 0.23492579243950615 -0.06671490350587239 1.0922232050529426 0 0 0 0.39 126 270 142 345 148 176 164 80 198 30 
346 0.27103057880642556 -0.0470555272651839 1.0772794591245336 0 0 0 0.34 126 271 142 346 148 177 194 9 196 128 198 31 
347 0.3649739794043969 -0.2585458178424977 1.0596079525231414 0 0 0 0.41 126 272 142 347 148 178 181 14 
348 0.162413630208411 -0.25535299883165397 1.113847886276177 0 0 0 0.32 126 273 136 57 142 348 159 118 185 48 
349 0.009956721206138764 -0.25923655276616164 1.1832804570267474 0 0 0 0.93 126 274 142 349 159 119 223 50 
350 0.3985627529478177 -0.24667553443764595 1.0523618975681162 0 0 0 0.28 126 275 142 350 148 179 185 49 
351 -0.10769807362377735 -0.21301787087300775 1.0202710076323225 0 0 0 0.43 126 276 142 351 196 129 
352 -0.004900836761055056 -0.256568851991516 1.1947710546835193 0 0 0 1.46 126 277 142 352 159 120 196 130 223 51 
353 -0.10627786086989628 -0.19041749407700956 1.033546182036185 0 0 0 0.31 126 278 142 353 159 121 196 131 224 36 
354 -0.105566680312531 -0.19024675850978714 1.0319674648521409 0 0 0 0.31 126 279 142 354 224 37 
355 -0.09997402246526267 -0.19048098344822806 1.0558862307352868 0 0 0 0.33 126 280 142 355 148 180 220 90 
356 -0.12561243777548167 -0.1562690459913221 0.9606698663922513 0 0 0 0.6 126 281 142 356 181 15 224 38 
357 -0.09067686883555594 -0.1661709695535324 1.075810474097822 0 0 0 0.19 126 282 142 357 159 122 196 132 
358 -0.12262924331987955 -0.1413404345604074 0.9722339804456316 0 0 0 0.42 126 283 142 358 181 16 198 32 
359 -0.0929327782767491 -0.15746349722914801 1.0800948152126841 0 0 0 0.37 126 284 142 359 148 181 159 123 196 133 220 91 
360 -0.10034556932482674 -0.1424612189136467 1.0560961202022057 0 0 0 0.62 126 285 142 360 196 134 224 39 
361 -0.1260546666362612 -0.11766752652008751 0.9616653618998188 0 0 0 0.48 126 286 142 361 181 17 199 30 
362 -0.1313380813219696 -0.10668602526551695 0.9402981487502601 0 0 0 0.66 126 287 142 362 181 18 
363 -0.15216150071107262 -0.31901145707071665 0.8552506831598934 0 0 0 0.36 126 288 142 363 198 33 
364 -0.15216150071107262 -0.31901145707071665 0.8552506831598934 0 0 0 0.36 126 289 142 364 198 34 
365 -0.09536533244208506 -0.18181579398788714 1.0738453205275797 0 0 0 0.32 126 290 142 365 148 182 159 124 220 92 
366 -0.12723536930053514 -0.12508522647936812 0.9519810301856744 0 0 0 0.21 126 291 142 366 181 19 
367 -0.018356849305198285 -0.1616298650296519 1.1900971977046197 0 0 0 0.32 126 292 142 367 148 183 164 81 198 35 199 31 
368 -0.01865554961648252 -0.16188303398824572 1.1909127210290325 0 0 0 0.31 126 293 142 368 148 184 
369 0.025800236050457604 -0.0847624604195092 1.170089079768044 0 0 0 0.21 126 294 142 369 148 185 
370 0.09049945793710201 -0.08365445337928412 1.1435454785600379 0 0 0 0.21 126 295 142 370 148 186 
371 0.15863110620410373 -0.0826411461540031 1.11107940791134 0 0 0 0.52 126 296 142 371 148 187 185 50 219 30 223 52 
372 0.1587515171252489 -0.08262939029177638 1.1103197367616329 0 0 0 0.59 126 297 142 372 148 188 185 51 223 53 
373 0.18966318918901134 -0.08201363097585326 1.1002532508581746 0 0 0 0.76 126 298 142 373 148 189 223 54 
374 0.1899487382300326 -0.08226524763988549 1.0993949415221607 0 0 0 0.68 126 299 142 374 223 55 
375 0.09214525865295348 -0.04782809891056094 1.1375880995775092 0 0 0 1.13 126 300 142 375 196 135 223 56 
376 -0.1525670210239656 -0.30287806975940035 0.8566165251063588 0 0 0 0.47 126 301 142 376 181 20 198 36 199 32 224 40 
377 -0.1525670210239656 -0.30287806975940035 0.8566165251063588 0 0 0 0.47 126 302 142 377 181 21 198 37 199 33 224 41 
378 -0.14408039141666346 -0.2930970710641755 0.8611166930564692 0 0 0 0.63 126 303 142 378 181 22 198 38 199 34 
379 -0.07551949056469535 -0.26237766043458755 1.2149634965960927 0 0 0 0.58 126 304 142 379 159 125 196 136 
380 0.1663726847558128 -0.224141521045105 1.1144194502528169 0 0 0 0.57 126 305 127 32 136 58 142 380 148 190 159 126 162 40 164 82 172 36 176 28 181 23 185 52 190 32 196 137 198 39 199 35 213 45 221 52 232 63 
381 0.40099795134253596 -0.1874442120805355 1.0529645811335424 0 0 0 0.45 126 306 142 381 165 17 199 36 217 35 220 93 235 16 
382 0.060093339162993635 -0.17122115933380855 1.1582910926070324 0 0 0 0.17 126 307 142 382 217 36 
383 -0.12432864772607775 -0.12674057918255532 0.9736296657875972 0 0 0 0.67 126 308 142 383 199 37 
384 0.17663193658764625 -0.15795854561708672 1.1098465101845798 0 0 0 0.13 126 309 142 384 196 138 
385 0.043770059021983033 -0.13063720418040295 1.16601088243405 0 0 0 0.33 126 310 142 385 224 42 
386 0.01043709128806659 -0.08522126589172989 1.176301696492632 0 0 0 0.26 126 311 142 386 148 191 196 139 
387 0.010726799054117843 -0.08515320237320695 1.1755696535948978 0 0 0 0.26 126 312 142 387 148 192 196 140 220 94 
388 0.04152169751390201 -0.08475230172377182 1.1638395912286008 0 0 0 0.13 126 313 142 388 148 193 196 141 
389 0.175364462651561 -0.08228392753476216 1.1028920427954865 0 0 0 0.51 126 314 142 389 223 57 
390 0.1748280757849121 -0.08230837228703725 1.1046574058286684 0 0 0 0.57 126 315 142 390 148 194 223 58 
391 0.2036007920110106 -0.08228231333525178 1.099118907809089 0 0 0 0.28 126 316 142 391 223 59 
392 0.20360079201101058 -0.08228231333525175 1.0991189078090888 0 0 0 0.28 126 317 142 392 223 60 
393 0.23139655478267043 -0.08223491983243757 1.093653555995917 0 0 0 0.39 126 318 142 393 148 195 223 61 
394 -0.145286862014755 -0.2759241232714203 0.8666015000675771 0 0 0 0.05 126 319 142 394 198 40 
395 0.23268504759223732 -0.2280864441326779 1.091472873792076 0 0 0 0.72 126 320 142 395 147 24 148 196 176 29 204 26 
396 0.02791543846233187 -0.22486370104745818 1.1658826945434417 0 0 0 0.21 126 321 142 396 148 197 164 83 
397 0.3546712021055548 -0.20353571689021768 1.062434160523628 0 0 0 0.48 126 322 136 59 142 397 152 15 217 37 220 95 
398 0.07532774964292399 -0.08516241855240202 1.1491580382108577 0 0 0 0.52 126 323 142 398 148 198 196 142 204 27 
399 0.30509754541030626 -0.2267579323430053 1.068102241392123 0 0 0 1.3 126 324 142 399 159 127 181 24 204 28 219 31 220 96 223 62 
400 0.38669937335499854 -0.28423825994649005 1.0516961311024733 0 0 0 0.52 127 33 142 400 148 199 
401 0.33041879898539067 -0.1662775417190085 1.0690380774481694 0 0 0 0.38 127 34 128 17 142 401 162 41 196 143 213 46 
402 0.40825421066546225 -0.16505747882235366 1.0497355356755314 0 0 0 0.25 127 35 142 402 148 200 159 128 164 84 185 53 200 20 235 17 
403 0.3791101278749151 -0.08645540293088955 1.052360441610201 0 0 0 0.36 127 36 142 403 194 10 
404 0.29483435294729865 -0.22557403227680523 1.0777800896298693 0 0 0 0.19 127 37 128 18 142 404 148 201 196 144 222 37 
405 0.15671919750714158 -0.2145692317019004 1.1128798820462522 0 0 0 0.38 127 38 136 60 142 405 
406 0.1686883665022082 -0.17286087769068367 1.112961491537177 0 0 0 0.13 127 39 142 406 190 33 
407 0.3235741059134137 -0.16643748667988825 1.0704619155283692 0 0 0 0.18 127 40 136 61 142 407 147 25 148 202 162 42 164 85 185 54 217 38 220 97 222 38 
408 0.3340664289156821 -0.1522255657728781 1.0655098249845683 0 0 0 0.38 127 41 142 408 220 98 
409 0.2956323633832972 -0.2287454695420086 1.0771369463696252 0 0 0 0.64 127 42 142 409 196 145 217 39 222 39 
410 -0.04585141049654157 -0.1539867971940112 1.1989308851820457 0 0 0 0.36 127 43 142 410 148 203 164 86 196 146 199 38 220 99 224 43 
411 0.3764822228171449 -0.09566719328412775 1.0568475772729609 0 0 0 0.32 127 44 142 411 217 40 
412 0.41553811978489325 -0.05245185957541449 1.0417185539501206 0 0 0 0.65 127 45 142 412 148 204 162 43 164 87 185 55 194 11 220 100 
413 0.3076252352728851 -0.23269676744046366 1.0716038337554272 0 0 0 0.3 127 46 142 413 148 205 
414 0.39834429875732175 -0.10766691864195276 1.0472916459044228 0 0 0 0.23 127 47 142 414 148 206 159 129 196 147 220 101 
415 0.10309608848906188 -0.21475003582792296 1.1411932697324108 0 0 0 0.38 127 48 142 415 181 25 
416 0.32880763038619204 -0.22549999932100087 1.0673072792216385 0 0 0 0.61 127 49 142 416 159 130 164 88 176 30 198 41 199 39 217 41 
417 0.28575639762916205 -0.2758079161784776 1.0773771945198 0 0 0 0.24 128 19 142 417 148 207 220 102 
418 0.378408189940236 -0.21765806117057254 1.0560075289431845 0 0 0 0.52 128 20 136 62 142 418 159 131 162 44 165 18 222 40 235 18 
419 0.19761527693225353 -0.26877203174743286 1.0971548562197588 0 0 0 0.23 128 21 142 419 196 148 
420 0.09252111262296644 -0.2536918002122604 1.1438380543830209 0 0 0 0.33 128 22 142 420 148 208 190 34 217 42 220 103 
421 0.06191085089419502 -0.09297893738421913 1.1524945319951332 0 0 0 0.54 128 23 142 421 148 209 
422 0.34483687687959613 -0.2296449701188958 1.0640191092201339 0 0 0 0.56 128 24 142 422 148 210 152 16 159 132 164 89 181 26 185 56 196 149 198 42 199 40 200 21 
423 0.3700107714943155 -0.15077882100738704 1.0596574435273522 0 0 0 0.38 128 25 142 423 147 26 164 90 196 150 198 43 199 41 222 41 
424 0.41493699766629805 -0.16412001541570953 1.0481208988275712 0 0 0 0.31 136 63 142 424 148 211 
425 0.21795338401853206 -0.2615565540514369 1.095843088106983 0 0 0 0.86 142 425 152 17 162 45 
426 0.23758518722515237 -0.2304592081443375 1.0931731368015691 0 0 0 0.41 142 426 159 133 164 91 176 31 185 57 190 35 214 17 217 43 222 42 232 64 
427 0.1571127218139118 -0.23071764012899076 1.1151114800629616 0 0 0 0.33 142 427 147 27 196 151 200 22 217 44 220 104 
428 0.18070198851667335 -0.24140231681385568 1.1065912130626505 0 0 0 0.98 142 428 152 18 159 134 162 46 164 92 172 37 190 36 198 44 200 23 222 43 227 23 232 65 
429 0.41714101201119724 -0.2183803436068963 1.0456543347101186 0 0 0 0.49 142 429 198 45 199 42 204 29 217 45 221 53 
430 0.20871477386105794 -0.26508566965403685 1.0960142807975906 0 0 0 0.23 142 430 148 212 185 58 196 152 220 105 
431 0.28199639929806153 -0.2512112661049486 1.079122831930812 0 0 0 0.86 142 431 147 28 148 213 159 135 162 47 176 32 185 59 198 46 200 24 204 30 219 32 220 106 221 54 232 66 
432 0.4123203023789605 -0.07915793351669646 1.046677357545398 0 0 0 0.46 142 432 162 48 164 93 199 43 200 25 222 44 
433 0.3863284541383062 -0.2790456334927604 1.0548483935648905 0 0 0 0.39 136 64 142 433 146 19 164 94 196 153 213 47 
434 0.2814209911721597 -0.2608150754040977 1.0813631761736426 0 0 0 0.31 136 65 142 434 148 214 162 49 196 154 217 46 
435 0.37288831270857736 -0.2237282802321609 1.058908571393504 0 0 0 0.2 136 66 142 435 148 215 164 95 165 19 172 38 185 60 235 19 
436 0.4133545073309369 -0.21719673308623388 1.0478180916530477 0 0 0 0.4 136 67 142 436 148 216 164 96 165 20 176 33 204 31 213 48 
437 0.4234218844035022 -0.21696506065117793 1.0450514043251231 0 0 0 0.26 136 68 142 437 165 21 172 39 196 155 
438 0.15649823576465 -0.21851549678031915 1.113788356862173 0 0 0 0.25 136 69 142 438 148 217 159 136 222 45 
439 0.38862906444265827 -0.14069319198569377 1.0548814670475137 0 0 0 0.2 136 70 142 439 159 137 
440 0.2169325313145439 -0.2176360631107242 1.097452549258917 0 0 0 0.23 136 71 142 440 148 218 159 138 172 40 222 46 
441 0.3768037143423824 -0.10949048260394884 1.0597258811579318 0 0 0 0.44 136 72 142 441 159 139 196 156 220 107 
442 0.30730437515300574 -0.09991976812967965 1.0687597744273354 0 0 0 0.29 136 73 142 442 148 219 196 157 217 47 220 108 
443 0.2514676310688874 -0.1001962821024428 1.086496889846312 0 0 0 0.36 136 74 142 443 196 158 
444 0.4473328479694091 -0.04733218181765351 1.0324177836163135 0 0 0 0.44 136 75 142 444 162 50 194 12 220 109 
445 0.30517121517522106 -0.16231099528028564 1.0742827488940536 0 0 0 0.51 136 76 142 445 148 220 159 140 196 159 214 18 223 63 
446 0.4028831525081413 -0.10835446524185885 1.0482675411944418 0 0 0 0.3 136 77 142 446 181 27 220 110 
447 0.39804834112344795 -0.09865508443814214 1.0478036091350724 0 0 0 0.18 136 78 142 447 148 221 196 160 
448 0.11299351642479721 -0.2705374213987525 1.134803835585584 0 0 0 0.51 136 79 142 448 196 161 
449 0.35650994237723704 -0.19838121625865854 1.0668022028680262 0 0 0 0.05 136 80 142 449 164 97 
450 0.14492321234491187 -0.16991372451675293 1.1242186164338048 0 0 0 0.18 136 81 142 450 185 61 196 162 198 47 217 48 220 111 
451 0.3046324189065804 -0.15873413678244158 1.074710862138454 0 0 0 0.21 136 82 142 451 220 112 
452 0.13676218733333134 -0.16126712952915778 1.128013299397331 0 0 0 0.18 136 83 142 452 185 62 
453 0.16937514906597484 -0.10153630588476409 1.1108086975830835 0 0 0 0.39 136 84 142 453 159 141 
454 0.3660229458357637 -0.09756476491808577 1.0533756101749605 0 0 0 0.43 136 85 142 454 148 222 198 48 217 49 
455 0.3551133118101919 -0.21617394115674404 1.059822582578637 0 0 0 0.49 136 86 142 455 147 29 148 223 162 51 172 41 199 44 204 32 213 49 217 50 219 33 220 113 232 67 
456 0.35546698541123006 -0.17991542548239559 1.064949480104553 0 0 0 0.21 136 87 142 456 232 68 
457 0.27805759346302766 -0.27265690608344195 1.0779012440222653 0 0 0 0.31 142 457 164 98 220 114 
458 0.2764858977439382 -0.2618165726022845 1.081506888620974 0 0 0 0.23 142 458 196 163 200 26 227 24 
459 0.23821146555903366 -0.26567152032219593 1.090793021855137 0 0 0 0.63 142 459 146 20 164 99 222 47 232 69 
460 0.168451154105375 -0.2787001250434239 1.1142289289180745 0 0 0 0.15 142 460 185 63 196 164 220 115 
461 0.015145887573639964 -0.31784437263922616 1.2367599916231045 0 0 0 0.51 142 461 190 37 224 44 
462 0.4083649623142135 -0.22975099054072434 1.04414162897141 0 0 0 0.1 142 462 148 224 235 20 
463 0.1680391555044491 -0.26162972271678675 1.11269661387153 0 0 0 0.28 142 463 148 225 164 100 200 27 
464 -0.10052579715760707 -0.2793453698828646 1.041489701450573 0 0 0 0.29 142 464 159 142 224 45 
465 0.38756657752807894 -0.21747561651343725 1.053628382948179 0 0 0 0.44 142 465 148 226 162 52 165 22 235 21 
466 0.40643562882736023 -0.20912355177108052 1.048356837056943 0 0 0 0.25 142 466 148 227 165 23 196 165 
467 0.06355090244245158 -0.260468083377933 1.1582437218814945 0 0 0 0.06 142 467 148 228 220 116 
468 0.30203164820320344 -0.2194703507120855 1.0744953170743086 0 0 0 0.34 142 468 159 143 219 34 
469 -0.08172518430186398 -0.28084110317808714 1.2195711647113776 0 0 0 0.35 142 469 148 229 196 166 220 117 224 46 
470 0.24135762434492444 -0.22482765932790613 1.0923595939732886 0 0 0 0.56 142 470 148 230 164 101 213 50 219 35 227 25 
471 0.2811230010995641 -0.2176877315678195 1.0817428802104005 0 0 0 0.24 142 471 148 231 159 144 172 42 219 36 
472 -0.029162497539773583 -0.2574844359007855 1.1997098813842095 0 0 0 0.22 142 472 159 145 196 167 
473 0.13531376008009424 -0.22715180944444144 1.124853432297719 0 0 0 0.45 142 473 162 53 172 43 
474 0.0231898382032873 -0.24118845122786642 1.167048501103754 0 0 0 0.45 142 474 159 146 224 47 
475 0.12269992221972613 -0.21939243905767608 1.1291068943082487 0 0 0 0.24 142 475 172 44 176 34 196 168 219 37 
476 0.04995541258221738 -0.2291175256466759 1.1613664207118475 0 0 0 0.32 142 476 159 147 164 102 217 51 220 118 224 48 
477 0.13212124903742342 -0.2156258082392918 1.1256725060823254 0 0 0 0.06 142 477 146 21 148 232 
478 0.08199272528861425 -0.22359252557313994 1.1489558073326804 0 0 0 0.09 142 478 148 233 159 148 196 169 
479 -0.10136331890706411 -0.24884999318810702 1.2273815692437553 0 0 0 0.24 142 479 159 149 196 170 
480 0.001737719726909041 -0.23018678230874912 1.1822973005082258 0 0 0 0.2 142 480 148 234 159 150 
481 0.4236863905470736 -0.17119834721302654 1.0466569738115952 0 0 0 0.2 142 481 148 235 159 151 
482 -0.10782697895330526 -0.22060800898189015 1.0228824533185248 0 0 0 0.27 142 482 159 152 196 171 
483 -0.02338088108016466 -0.22967402560736944 1.1910307449783795 0 0 0 0.85 142 483 159 153 162 54 196 172 220 119 223 64 224 49 
484 -0.036255902857402815 -0.2307557510684772 1.1977169296775214 0 0 0 0.3 142 484 148 236 164 103 217 52 220 120 224 50 
485 0.08486268317694369 -0.2089016525400451 1.1486464414124047 0 0 0 0.3 142 485 159 154 164 104 
486 -0.08066196380673919 -0.23231462732656946 1.2186864713270373 0 0 0 0.1 142 486 196 173 224 51 
487 -0.09193738066919156 -0.23145352411245695 1.224292597549824 0 0 0 0.79 142 487 159 155 181 28 196 174 224 52 
488 0.0061935195729914206 -0.21602586197805235 1.176195159562964 0 0 0 1.06 142 488 200 28 223 65 
489 0.3884866149170765 -0.1670042663918228 1.0561960067171263 0 0 0 0.17 142 489 176 35 232 70 
490 -0.08659991697503254 -0.22150134316269826 1.2194053409081864 0 0 0 0.3 142 490 148 237 159 156 196 175 220 121 
491 0.3515147405950591 -0.1618924488226144 1.0619220964341456 0 0 0 0.21 142 491 159 157 221 55 
492 -0.12530747411033993 -0.22234945195147413 1.2382148593099238 0 0 0 0.11 142 492 196 176 224 53 
493 0.3317448845620513 -0.1569055113088143 1.065769473825025 0 0 0 0.78 142 493 159 158 196 177 223 66 
494 0.29035013254104974 -0.16100142854005003 1.081224517500914 0 0 0 0.19 142 494 219 38 222 48 
495 0.08890988881198891 -0.17614003252749255 1.1453603070106837 0 0 0 0.45 142 495 159 159 224 54 
496 0.18719209825186225 -0.16289330670247845 1.1033217926076735 0 0 0 0.5 142 496 148 238 159 160 164 105 185 64 196 178 214 19 223 67 
497 0.13944546396106092 -0.1664305927637804 1.1233136811072466 0 0 0 0.55 142 497 148 239 196 179 221 56 223 68 
498 0.15820642021521433 -0.16098549954332278 1.1131465417052904 0 0 0 0.48 142 498 146 22 223 69 232 71 
499 -0.02888680877677185 -0.18231372239425395 1.1931404683058728 0 0 0 0.49 142 499 148 240 164 106 204 33 
500 -0.12579534472497816 -0.18930943441484954 1.237403042728522 0 0 0 0.24 142 500 159 161 196 180 
501 -0.11999857730142986 -0.18921890215468853 1.238726377647091 0 0 0 1.12 142 501 159 162 196 181 223 70 224 55 
502 -0.12107406810662141 -0.1831885599992985 1.2360600626066196 0 0 0 0.21 142 502 196 182 224 56 
503 -0.09312888266493288 -0.1706735924703283 1.0775368599998472 0 0 0 0.32 142 503 159 163 196 183 
504 -0.011030443116513017 -0.16332537271904402 1.1864466961386118 0 0 0 0.28 142 504 196 184 224 57 
505 0.3852367757850274 -0.11984424873307914 1.0574604400518943 0 0 0 0.17 142 505 194 13 196 185 
506 -0.09602567864981194 -0.1563182427656352 1.0651651637082453 0 0 0 0.4 142 506 148 241 159 164 196 186 224 58 
507 -0.07206328157016108 -0.15759035768027874 1.2107139566704634 0 0 0 0.36 142 507 199 45 220 122 
508 -0.011618713931458151 -0.14710629562651661 1.1876408514888865 0 0 0 0.33 142 508 196 187 224 59 
509 -0.04703330235813946 -0.1497961908865602 1.197880850434303 0 0 0 0.29 142 509 220 123 224 60 
510 -0.09695964108113314 -0.15054436062640553 1.2269880047418071 0 0 0 0.41 142 510 223 71 224 61 
511 -0.11895319477331914 -0.15143932908161953 1.2344941397790075 0 0 0 0.35 142 511 159 165 196 188 224 62 
512 -0.1100488572631896 -0.14207263886834068 1.0188596275749835 0 0 0 0.25 142 512 148 242 159 166 
513 -0.04425492887709649 -0.14126955820832238 1.2040241843744774 0 0 0 0.46 142 513 148 243 159 167 220 124 223 72 224 63 
514 -0.12147009873108629 -0.1475819006383239 1.2344754614087947 0 0 0 0.14 142 514 159 168 196 189 224 64 
515 0.39134210326796454 -0.10239754122132785 1.050610738989424 0 0 0 0.34 142 515 148 244 159 169 196 190 
516 0.375953209714361 -0.10257821437603001 1.0559402830233453 0 0 0 0.22 142 516 148 245 162 55 164 107 196 191 
517 0.3605177019396396 -0.10243348176334242 1.0546426707070689 0 0 0 0.45 142 517 148 246 185 65 194 14 196 192 
518 0.3930456935283707 -0.09920731469796643 1.0482402111234475 0 0 0 0.34 142 518 148 247 196 193 
519 0.3930456935283707 -0.09920731469796643 1.0482402111234475 0 0 0 0.34 142 519 148 248 196 194 
520 -0.09335609007586147 -0.13755569458240993 1.2211786000984646 0 0 0 0.1 142 520 159 170 224 65 
521 0.38021581352248707 -0.0971251330493658 1.0550109471473554 0 0 0 0.31 142 521 148 249 159 171 164 108 165 24 196 195 
522 0.38008938393448866 -0.0971826851549443 1.0548168881948585 0 0 0 0.41 142 522 148 250 159 172 164 109 185 66 
523 0.24657440592269514 -0.10628345362923847 1.084617091847628 0 0 0 0.11 142 523 148 251 196 196 220 125 
524 0.37301373847112446 -0.09645740817069172 1.0543694366261185 0 0 0 0.19 142 524 148 252 159 173 165 25 196 197 220 126 235 22 
525 -0.09637888187840357 -0.12718341826427954 1.072464791091278 0 0 0 0.07 142 525 159 174 196 198 
526 0.09803140892310942 -0.1145549035321846 1.1359013911467108 0 0 0 0.88 142 526 159 175 223 73 
527 -0.0996864334771245 -0.12474064785409957 1.0614749052005976 0 0 0 0.2 142 527 148 253 159 176 
528 0.42144792669505693 -0.08959245175653135 1.0410111257149934 0 0 0 0.55 142 528 194 15 221 57 
529 0.057706701294363234 -0.11339297956317972 1.153915688727767 0 0 0 0.24 142 529 196 199 220 127 
530 0.42289414755617266 -0.08714013488924624 1.040258201556392 0 0 0 0.23 142 530 162 56 194 16 
531 0.3612297177267629 -0.09106260761357766 1.0573400696787387 0 0 0 0.21 142 531 148 254 194 17 232 72 
532 0.39522003457984345 -0.08806211370830534 1.0490685683151189 0 0 0 0.71 142 532 148 255 165 26 185 67 194 18 223 74 
533 -0.11942698274793562 -0.12206795198322747 1.248473561828242 0 0 0 0.82 142 533 159 177 223 75 
534 0.16296322089297266 -0.0895800530569577 1.108663688984189 0 0 0 0.62 142 534 164 110 185 68 190 38 222 49 223 76 
535 -0.09484039083986655 -0.10327554106058096 1.0692920499367329 0 0 0 0.27 142 535 159 178 196 200 220 128 
536 0.3128460266661491 -0.07872192510497221 1.0658410154265379 0 0 0 0.16 142 536 194 19 196 201 
537 0.06251297884790129 -0.0898067433027004 1.1522232795801228 0 0 0 0.16 142 537 148 256 164 111 204 34 
538 0.29823088361609223 -0.07378576582697241 1.0751417005065442 0 0 0 0.32 142 538 204 35 232 73 
539 0.30355149322051805 -0.07323095192012326 1.0719435671895376 0 0 0 0.72 142 539 148 257 164 112 172 45 223 77 232 74 
540 -0.1018021373594175 -0.09337172432834379 1.050189585180294 0 0 0 0.22 142 540 148 258 159 179 196 202 220 129 
541 -0.11539840590071979 -0.09320606890902577 1.2298509913386042 0 0 0 0.2 142 541 159 180 196 203 224 66 
542 -0.09180711618837288 -0.09183817861137512 1.217279805830578 0 0 0 0.3 142 542 148 259 224 67 
543 0.16294424297782029 -0.07568603181874915 1.1078219870463881 0 0 0 0.46 142 543 148 260 164 113 196 204 
544 0.21825385702818803 -0.06855324276792076 1.0947402478740262 0 0 0 0.73 142 544 213 51 222 50 223 78 
545 0.0624539021180675 -0.07488768297286268 1.1508323353440568 0 0 0 0.39 142 545 219 39 224 68 
546 0.4403789927153182 -0.05714951549194436 1.039245061744697 0 0 0 0.4 142 546 148 261 162 57 164 114 213 52 235 23 
547 -0.10151123600606285 -0.08438877649016667 1.057691323725212 0 0 0 0.17 142 547 148 262 196 205 
548 0.40226820427870685 -0.058452857049250614 1.04755635354554 0 0 0 0.91 142 548 148 263 194 20 220 130 223 79 235 24 
549 -0.11235256099355403 -0.0849609363279791 1.008972812462504 0 0 0 0.08 142 549 159 181 196 206 
550 0.3976299629021222 -0.0565489128357214 1.0502280647488316 0 0 0 1.12 142 550 148 264 196 207 223 80 
551 0.44199723774234806 -0.054409624229143846 1.0359214223599298 0 0 0 0.27 142 551 148 265 220 131 
552 0.44201986828249684 -0.05434373297316172 1.0364009484510572 0 0 0 0.28 142 552 148 266 194 21 220 132 
553 -0.062487202218538804 -0.07259534384438622 1.2065168601970535 0 0 0 0.37 142 553 176 36 220 133 232 75 
554 0.028784489951491056 -0.06611663622180222 1.163504853815353 0 0 0 0.26 142 554 148 267 196 208 
555 -0.06788676749842087 -0.06629370577404999 1.20450493417744 0 0 0 0.15 142 555 148 268 159 182 224 69 
556 0.33632087285962553 -0.048410163689521495 1.062706849090117 0 0 0 0.19 142 556 222 51 232 76 
557 0.033448425999690445 -0.05815190411587228 1.1652161704677968 0 0 0 1.04 142 557 164 115 200 29 217 53 220 134 223 81 
558 0.03337375821417788 -0.05874749973002704 1.1648524813883299 0 0 0 1.1 142 558 148 269 164 116 223 82 
559 0.26617499114131704 -0.04897240937265698 1.0793683237075635 0 0 0 0.21 142 559 194 22 196 209 
560 -0.12419480774889965 -0.059193268201771614 1.2351914211148751 0 0 0 0.29 142 560 159 183 196 210 
561 0.06547107695503258 -0.05181559124835148 1.1528749579623665 0 0 0 0.46 142 561 214 20 220 135 
562 0.1656924044246375 -0.04296717740425026 1.1049794511187592 0 0 0 0.78 142 562 220 136 223 83 
563 -0.09441484354714055 -0.052644785015883315 1.0734468719470092 0 0 0 0.17 142 563 148 270 220 137 
564 0.1620217330225513 -0.03895481253723984 1.1071624363361074 0 0 0 1.02 142 564 196 211 223 84 
565 -0.11635693882834659 -0.05050846868933079 1.0105455504264829 0 0 0 0.27 142 565 159 184 196 212 
566 0.39293147270201506 -0.27852604167627054 1.052354563351553 0 0 0 0.43 142 566 221 58 232 77 
567 0.39606272409086896 -0.2764612792643767 1.054313473150421 0 0 0 0.34 142 567 148 271 221 59 
568 0.3862104119453512 -0.2592669382533389 1.0551244139052878 0 0 0 0.13 142 568 220 138 222 52 
569 0.39104833711030174 -0.25768476689999614 1.0518801374277058 0 0 0 0.59 142 569 220 139 221 60 
570 0.38020920762222016 -0.2574262882149842 1.0566994004918473 0 0 0 0.13 142 570 217 54 232 78 
571 0.2882062400310262 -0.2734524201577994 1.0803474008671319 0 0 0 0.33 142 571 148 272 196 213 
572 0.22429673413688045 -0.27641052241940356 1.0969136156853492 0 0 0 1.01 142 572 148 273 159 185 176 37 
573 0.3147626725496502 -0.24481682879287608 1.0735325175048325 0 0 0 0.72 142 573 148 274 172 46 185 69 190 39 
574 0.43286006486124295 -0.22289139299389227 1.0434418897954574 0 0 0 0.22 142 574 165 27 172 47 221 61 227 26 235 25 
575 0.2765350521371299 -0.24435103177576223 1.082431334326503 0 0 0 0.27 142 575 196 214 200 30 217 55 
576 0.20413107627105412 -0.25525228390962074 1.0995540034889448 0 0 0 0.74 142 576 162 58 185 70 204 36 
577 0.00363142652177545 -0.289999361749005 1.1774768105034379 0 0 0 0.28 142 577 164 117 196 215 224 70 
578 0.23310157429882644 -0.24697310227263788 1.0943962115405146 0 0 0 0.38 142 578 148 275 185 71 196 216 232 79 
579 0.24533255959015826 -0.24376948022607464 1.0897176414575398 0 0 0 0.31 142 579 148 276 196 217 
580 0.0016287113814537025 -0.2860310104296691 1.1800122235462072 0 0 0 0.57 142 580 164 118 224 71 
581 0.0016287113814537025 -0.2860310104296691 1.1800122235462072 0 0 0 0.57 142 581 164 119 224 72 
582 0.0075012171571637535 -0.275799048757473 1.1817923700475819 0 0 0 0.32 142 582 159 186 196 218 
583 0.09491601203303497 -0.22850669844397964 1.1427879635597515 0 0 0 0.26 142 583 159 187 204 37 
584 -0.14065281714833844 -0.2572478447013799 1.2363442897067263 0 0 0 0.16 142 584 159 188 224 73 
585 -0.08754132653082193 -0.2457323470081656 1.2239003532505421 0 0 0 1.28 142 585 148 277 224 74 
586 0.42241346696799953 -0.16831856275700588 1.0460751194646987 0 0 0 0.1 142 586 148 278 220 140 
587 0.4080583166911754 -0.16836925665296693 1.0489902519555654 0 0 0 0.17 142 587 148 279 165 28 232 80 
588 0.016564545391816086 -0.21668978468817549 1.1757351580293167 0 0 0 0.25 142 588 162 59 196 219 224 75 
589 0.24444116649937875 -0.1634265077393067 1.0899493872113086 0 0 0 0.32 142 589 148 280 159 189 176 38 
590 -0.09886816382794394 -0.1915013121613656 1.0611238988352028 0 0 0 0.15 142 590 148 281 196 220 
591 -0.10161992412254403 -0.17881707122432602 1.0521224579962514 0 0 0 0.29 142 591 148 282 159 190 196 221 
592 -0.09913622265953617 -0.17914910430018197 1.0615888901332537 0 0 0 0.19 142 592 148 283 159 191 
593 0.020159500152172896 -0.17380152664872603 1.1749491291875431 0 0 0 0.28 142 593 198 49 223 85 
594 -0.11986100937781478 -0.18769199630759292 1.2477076231785407 0 0 0 1.3 142 594 159 192 223 86 
595 0.102062157855974 -0.16050645092291183 1.1406598573137465 0 0 0 0.2 142 595 198 50 199 46 
596 -0.10003259105823843 -0.16955178308141128 1.0629362237603028 0 0 0 0.46 142 596 159 193 196 222 
597 -0.08884748416529191 -0.1694907202806799 1.0807173723000085 0 0 0 0.37 142 597 159 194 196 223 
598 -0.13672586820127208 -0.18061364436050587 1.2419663492296547 0 0 0 0.34 142 598 159 195 196 224 
599 -0.10131376805124157 -0.1628261192535629 1.0513032125935846 0 0 0 0.29 142 599 148 284 159 196 196 225 220 141 
600 -0.030902469015648484 -0.16143057335936764 1.197465604915279 0 0 0 0.54 142 600 148 285 159 197 162 60 223 87 
601 -0.09288834101104028 -0.15719001792290968 1.074601995470651 0 0 0 0.35 142 601 159 198 196 226 
602 0.4207279919632329 -0.10819870826792037 1.0453919047907225 0 0 0 0.14 142 602 147 30 232 81 
603 -0.08051253421226597 -0.14517851566791065 1.2136088515888892 0 0 0 0.19 142 603 159 199 196 227 224 76 
604 -0.08812439947799836 -0.1336108357249761 1.083584832253602 0 0 0 0.29 142 604 159 200 196 228 
605 -0.09501592435807948 -0.13065075225886902 1.069481495233937 0 0 0 0.05 142 605 159 201 220 142 
606 0.20495208619726726 -0.10956723060354935 1.1006788561586844 0 0 0 0.78 142 606 159 202 223 88 
607 0.39062613517437345 -0.09513067131154491 1.0516175750035044 0 0 0 0.38 142 607 148 286 159 203 164 120 185 72 194 23 213 53 
608 -0.12451584418054937 -0.12663765783367983 1.2416767535127617 0 0 0 0.72 142 608 159 204 196 229 223 89 224 77 
609 0.3981451404181585 -0.08557514439735206 1.047885771424049 0 0 0 0.2 142 609 159 205 222 53 
610 -0.09971851040532397 -0.1157334698946941 1.06065380986381 0 0 0 0.18 142 610 148 287 196 230 
611 0.3983865855585743 -0.07920285812953524 1.0489425576961835 0 0 0 0.57 142 611 146 23 148 288 164 121 165 29 172 48 185 73 194 24 196 231 213 54 222 54 223 90 235 26 
612 0.39836330409556353 -0.07473683231980251 1.0489935392004173 0 0 0 0.68 142 612 148 289 164 122 185 74 222 55 223 91 235 27 
613 -0.10015917075030359 -0.1007279995829037 1.0611599266959342 0 0 0 0.29 142 613 148 290 159 206 196 232 220 143 
614 -0.1023055314280181 -0.10065770195956572 1.0518800853199541 0 0 0 0.08 142 614 159 207 196 233 
615 -0.10867827891797983 -0.10013643938952975 1.0293474528886257 0 0 0 0.25 142 615 148 291 196 234 
616 -0.10063326401868161 -0.09358915281801275 1.062769073017669 0 0 0 0.22 142 616 148 292 159 208 196 235 
617 -0.05903606505441198 -0.08846164950605602 1.2088579278604854 0 0 0 0.57 142 617 159 209 196 236 223 92 
618 -0.06166487786309247 -0.08905993387026112 1.2145838560533952 0 0 0 0.46 142 618 148 293 159 210 164 123 196 237 223 93 
619 -0.06449543716998353 -0.0886804127995334 1.2078743205053664 0 0 0 0.51 142 619 159 211 196 238 220 144 223 94 
620 -0.09467033443101722 -0.0897191991907266 1.075790517189749 0 0 0 0.12 142 620 159 212 196 239 
621 0.435601555001854 -0.06030447081282376 1.0399126720548655 0 0 0 0.62 142 621 162 61 164 124 165 30 172 49 194 25 196 240 220 145 222 56 
622 0.06226804720384833 -0.07682706682172784 1.153216032175301 0 0 0 0.06 142 622 148 294 164 125 
623 0.4264016529723391 -0.05929847968944191 1.0419761554368507 0 0 0 0.15 142 623 222 57 232 82 
624 0.41976472210292926 -0.05831905444728353 1.0441729422593355 0 0 0 0.12 142 624 194 26 220 146 
625 -0.10002596663175353 -0.08130858761602228 1.0611909839083102 0 0 0 0.25 142 625 148 295 159 213 
626 0.447324976887118 -0.05438239580691818 1.0310063124773794 0 0 0 1.92 142 626 194 27 
627 -0.10257054258173343 -0.08111049091694364 1.0521860302602102 0 0 0 0.22 142 627 148 296 159 214 196 241 
628 -0.09255001578408607 -0.07858127787289994 1.085403348943942 0 0 0 0.28 142 628 148 297 159 215 220 147 
629 0.4264322492566869 -0.053241970869304885 1.0381027729396821 0 0 0 0.21 142 629 148 298 194 28 196 242 
630 0.43064130013712176 -0.05209472689199155 1.0384536929718635 0 0 0 1.91 142 630 148 299 223 95 
631 0.415663959604846 -0.05238114301239199 1.040474317985436 0 0 0 0.35 142 631 148 300 162 62 164 126 194 29 220 148 
632 0.32779183611607776 -0.05409825886491851 1.0657131784097669 0 0 0 0.19 142 632 190 40 222 58 
633 0.41641638422005633 -0.04792437105104841 1.0417638185710743 0 0 0 0.27 142 633 162 63 222 59 
634 0.21276822253198105 -0.05577982434784483 1.0968150131640229 0 0 0 0.82 142 634 146 24 164 127 214 21 223 96 
635 0.005565671147739561 -0.05923469971274939 1.1783006870064787 0 0 0 0.66 142 635 176 39 196 243 
636 0.30695936734068197 -0.04907831800192947 1.0719464889683294 0 0 0 0.22 142 636 147 31 232 83 
637 0.2207555968258448 -0.3065858022611317 1.100798173327731 0 0 0 0.4 142 637 185 75 196 244 
638 0.16318485535619193 -0.3071675011026984 1.1180068986442142 0 0 0 0.15 142 638 164 128 185 76 
639 0.3783708241778464 -0.26066190721905613 1.055993290207378 0 0 0 0.26 142 639 147 32 220 149 222 60 
640 0.3781403605056762 -0.26068389463838293 1.0567212469484113 0 0 0 0.26 142 640 162 64 217 56 
641 0.15598130726058473 -0.2606439025403967 1.1167537706034336 0 0 0 0.39 142 641 148 301 159 216 
642 0.30735215698588725 -0.23312278868381478 1.07397324275212 0 0 0 0.06 142 642 148 302 196 245 
643 0.2655238647761808 -0.23685140583494263 1.0846385257903834 0 0 0 0.09 142 643 148 303 196 246 220 150 
644 -0.01636436668858659 -0.28283349832879223 1.2055503034180666 0 0 0 0.42 142 644 196 247 224 78 
645 0.3754356029446441 -0.21171486339904333 1.0566369436511196 0 0 0 0.33 142 645 147 33 148 304 152 19 162 65 165 31 172 50 217 57 220 151 221 62 222 61 235 28 
646 0.23216398388565676 -0.2306767349768761 1.0937677674595432 0 0 0 0.22 142 646 146 25 164 129 
647 0.20882865884010515 -0.21299645335723116 1.096684141888908 0 0 0 0.61 142 647 148 305 190 41 
648 -0.10596092601468952 -0.2321440258987481 1.0345633781619599 0 0 0 0.28 142 648 196 248 199 47 224 79 
649 -0.1379171941211206 -0.2555177658319297 1.247330159042618 0 0 0 0.5 142 649 159 217 196 249 
650 -0.09747799743453206 -0.2447280928428954 1.2274056177839991 0 0 0 0.2 142 650 148 306 196 250 224 80 
651 -0.13500647845869654 -0.2510724971466224 1.2525881083569619 0 0 0 0.13 142 651 159 218 196 251 
652 -0.10148509479040135 -0.2174412092186764 1.2278841866742787 0 0 0 0.32 142 652 148 307 196 252 224 81 
653 -0.14263216622243638 -0.21816596535792313 1.2474892689905268 0 0 0 0.13 142 653 159 219 196 253 
654 -0.14183984450514467 -0.21667653615994847 1.2567350962288966 0 0 0 1.5 142 654 159 220 196 254 223 97 
655 -0.0912600833487896 -0.17809737004959972 1.0829791502519663 0 0 0 0.07 142 655 159 221 196 255 
656 0.3814087777581693 -0.11753948134210204 1.0560254841896968 0 0 0 0.22 142 656 194 30 220 152 
657 0.25110272905410264 -0.10996441931495285 1.0892613665492923 0 0 0 0.14 142 657 196 256 199 48 
658 -0.09309442729669945 -0.13434511511603917 1.0800641126599695 0 0 0 0.27 142 658 148 308 159 222 196 257 
659 -0.030098766773368122 -0.10692867646958265 1.1926099668087766 0 0 0 0.83 142 659 159 223 196 258 223 98 
660 -0.023114003923895673 -0.0983453415370923 1.1907899020990615 0 0 0 0.36 142 660 162 66 164 130 196 259 220 153 224 82 
661 -0.08746157506017915 -0.08273339361114691 1.2177864169329282 0 0 0 0.47 142 661 159 224 196 260 224 83 
662 -0.04608780443599277 -0.07627436589287916 1.1946948379216273 0 0 0 0.54 142 662 148 309 159 225 162 67 164 131 196 261 217 58 220 154 221 63 223 99 224 84 
663 0.4347128864625365 -0.054395910757055944 1.0396509112811858 0 0 0 0.86 142 663 194 31 196 262 220 155 
664 -0.11413625823870151 -0.08148570251641925 1.0175618386507672 0 0 0 0.33 142 664 159 226 196 263 
665 -0.10487100417686997 -0.07925445129547834 1.046030503227706 0 0 0 0.45 142 665 148 310 159 227 196 264 
666 -0.10487100417686997 -0.07925445129547834 1.046030503227706 0 0 0 0.45 142 666 148 311 159 228 196 265 
667 0.34553463257393663 -0.05371831241638215 1.0615137906047376 0 0 0 0.2 142 667 148 312 198 51 199 49 
668 0.42536186533266473 -0.04973195719940338 1.0373318748162796 0 0 0 0.37 142 668 148 313 162 68 164 132 165 32 194 32 196 266 199 50 220 156 222 62 235 29 
669 0.4352725759617489 -0.047238473197642225 1.0378732674887527 0 0 0 0.63 142 669 148 314 162 69 165 33 194 33 196 267 198 52 235 30 
670 0.1692894952931638 -0.057344979474270724 1.107482337508638 0 0 0 0.93 142 670 148 315 223 100 
671 0.2850125451944577 -0.30083339551961064 1.0843460384271641 0 0 0 0.35 142 671 148 316 162 70 196 268 
672 0.397575746657185 -0.27251120433987097 1.05407501230707 0 0 0 0.39 142 672 148 317 152 20 190 42 217 59 220 157 
673 0.22039627997574152 -0.2975197099002157 1.0990715189093223 0 0 0 0.33 142 673 185 77 196 269 
674 -0.10594144769463713 -0.25997659575976556 1.0350410573079916 0 0 0 0.27 142 674 148 318 199 51 220 158 
675 0.08754956670913594 -0.2526080322786918 1.1445847197083159 0 0 0 0.39 142 675 164 133 185 78 196 270 220 159 224 85 232 84 
676 -0.076853043762391 -0.2774579906789415 1.2193798017399466 0 0 0 0.3 142 676 148 319 196 271 198 53 199 52 
677 0.03587756450702518 -0.2544791473013892 1.1697431273868828 0 0 0 0.35 142 677 159 229 196 272 220 160 224 86 
678 0.30878172742213217 -0.20889066588774705 1.071048852743147 0 0 0 0.12 142 678 196 273 199 53 
679 -0.09341410449491956 -0.25426700688890763 1.2256692615964624 0 0 0 0.41 142 679 148 320 164 134 181 29 196 274 224 87 
680 -0.15701643755969677 -0.1926341599180625 0.8305951358963742 0 0 0 0.33 142 680 181 30 198 54 199 54 221 64 
681 -0.09018851345683365 -0.21800678524412997 1.2212373219750667 0 0 0 0.24 142 681 148 321 196 275 224 88 
682 -0.07898844638947017 -0.2062111565058895 1.2141901265214217 0 0 0 0.32 142 682 148 322 196 276 224 89 
683 -0.07934425298760416 -0.206345143980515 1.2152525875200895 0 0 0 0.37 142 683 148 323 224 90 
684 -0.0662087207831281 -0.15593562626758192 1.2103125206698462 0 0 0 0.37 142 684 148 324 159 230 164 135 196 277 220 161 224 91 
685 -0.066181721237821 -0.1559250422355875 1.2101346366479357 0 0 0 0.41 142 685 148 325 164 136 196 278 199 55 220 162 224 92 
686 0.43333999408494717 -0.10758679431467737 1.041462072903797 0 0 0 0.3 142 686 148 326 165 34 198 55 
687 -0.15968255716975607 -0.12485181233977984 0.8294634597505939 0 0 0 0.41 142 687 181 31 199 56 224 93 
688 0.38688965601491976 -0.09111835368016091 1.0504851721908492 0 0 0 0.58 142 688 164 137 194 34 196 279 198 56 
689 0.23064368959518788 -0.09367120247628594 1.0947157069040412 0 0 0 0.43 142 689 148 327 196 280 220 163 
690 -0.09132173153993439 -0.10011398971795223 1.2235438375499195 0 0 0 0.88 142 690 148 328 196 281 223 101 224 94 
691 0.44058902259907995 -0.06738073593505034 1.0371119930805501 0 0 0 0.43 142 691 162 71 220 164 
692 0.2806333997759515 -0.07611018095964267 1.0794943121210365 0 0 0 0.31 142 692 190 43 204 38 213 55 
693 0.08025102166131504 -0.07966395264891772 1.1450360316699504 0 0 0 0.07 142 693 148 329 196 282 
694 -0.06385691721226067 -0.08446879043401773 1.2085980848152627 0 0 0 0.41 142 694 148 330 164 138 196 283 220 165 223 102 
695 0.43131400216273613 -0.058895991541477385 1.041064556520109 0 0 0 0.61 142 695 148 331 165 35 185 79 194 35 196 284 220 166 235 31 
696 -0.13950322300142892 -0.08672591072191893 0.8357486674446291 0 0 0 0.18 142 696 181 32 224 95 
697 0.20269418113005103 -0.06124620027184003 1.1013830895157375 0 0 0 0.3 142 697 217 60 220 167 
698 0.1354314310444976 -0.2541050237009172 1.1346169519947027 0 0 0 0.66 142 698 148 332 196 285 
699 -0.10529544300347436 -0.25001171305592823 1.0388085320360998 0 0 0 0.4 142 699 148 333 220 168 
700 0.2025730290497179 -0.2121443756255765 1.099899812905664 0 0 0 0.29 142 700 176 40 204 39 
701 -0.10790770924462618 -0.21310868477417225 1.0207875013153176 0 0 0 0.4 142 701 159 231 196 286 199 57 
702 -0.0673770306688169 -0.21790857920950693 1.2099731792314423 0 0 0 0.4 142 702 196 287 224 96 
703 -0.0673770306688169 -0.21790857920950693 1.2099731792314423 0 0 0 0.4 142 703 196 288 224 97 
704 0.40894821026410977 -0.1554635984746146 1.0493307496201616 0 0 0 0.14 142 704 198 57 220 169 
705 -0.0602243217775412 -0.177851512234407 1.2166475592816846 0 0 0 1.01 142 705 196 289 223 103 
706 -0.09542529724291586 -0.12650590401402986 1.0845046820595643 0 0 0 0.45 142 706 148 334 159 232 
707 -0.12347428247211571 -0.12551832676768154 1.244070908248419 0 0 0 0.94 142 707 159 233 196 290 223 104 
708 0.11128497730628055 -0.10540964938914416 1.135848717488751 0 0 0 0.25 142 708 148 335 196 291 
709 0.20307768749642766 -0.09399707896625714 1.0999096822418948 0 0 0 0.34 142 709 196 292 217 61 220 170 
710 -0.01918068003691728 -0.10774511752361775 1.1873696288652515 0 0 0 0.48 142 710 148 336 196 293 220 171 
711 -0.09707411500812867 -0.11028420692607237 1.067559461540949 0 0 0 0.51 142 711 148 337 159 234 196 294 220 172 224 98 
712 -0.0974237636494131 -0.11049472610047895 1.0681899812877433 0 0 0 0.56 142 712 148 338 159 235 196 295 
713 0.1427729340254022 -0.09615831655709182 1.118238541802471 0 0 0 0.09 142 713 148 339 185 80 
714 -0.05238912569013093 -0.10073649991306216 1.1976245310518558 0 0 0 1.52 142 714 196 296 224 99 
715 0.009829103999517799 -0.29125637596912374 1.1793915601039144 0 0 0 0.27 142 715 159 236 196 297 
716 0.2039205700991913 -0.2523684069521431 1.0999895518465124 0 0 0 0.68 142 716 148 340 172 51 185 81 196 298 222 63 227 27 
717 0.12493005027543316 -0.2527906277894053 1.133406365927936 0 0 0 0.38 142 717 148 341 185 82 
718 0.12500284581743148 -0.2527639278052925 1.1328928744425493 0 0 0 0.38 142 718 148 342 185 83 196 299 
719 0.3599523399064215 -0.20872892106470203 1.0595574224608884 0 0 0 0.38 142 719 213 56 219 40 
720 0.026711372637772672 -0.25379951797841466 1.1717375536987729 0 0 0 0.43 142 720 159 237 181 33 224 100 
721 -0.08583912846661002 -0.2715828643693059 1.2161164281896026 0 0 0 0.58 142 721 159 238 196 300 
722 -0.01852534326326316 -0.2589154629062471 1.197770813430995 0 0 0 0.68 142 722 159 239 196 301 
723 -0.004125361708392444 -0.24106096696530077 1.189583824232591 0 0 0 1.25 142 723 159 240 223 105 
724 -0.00149242155696516 -0.24000143013866002 1.1841870880760281 0 0 0 0.95 142 724 148 343 164 139 196 302 199 58 220 173 223 106 224 101 
725 -0.10823754546034463 -0.22922131761622383 1.0220518006569335 0 0 0 1.59 142 725 196 303 224 102 
726 -0.10823754546034463 -0.22922131761622383 1.0220518006569335 0 0 0 1.59 142 726 196 304 224 103 
727 -0.020274053033851006 -0.22613484152558408 1.1876678166291676 0 0 0 0.63 142 727 148 344 159 241 164 140 181 34 220 174 224 104 
728 -0.09776015070609613 -0.17471278921524666 1.0519615124709947 0 0 0 0.37 142 728 159 242 196 305 
729 -0.10438948821651191 -0.18728081953207018 1.2280332746244313 0 0 0 0.51 142 729 148 345 196 306 224 105 
730 0.04397512745675339 -0.1609725160844789 1.1658316142232514 0 0 0 0.3 142 730 148 346 159 243 196 307 
731 -0.10359991562324908 -0.16544715628115378 1.0613758236054192 0 0 0 1.03 142 731 159 244 196 308 224 106 
732 -0.10307291800103158 -0.16541467409189267 1.0602806881086921 0 0 0 1.18 142 732 196 309 224 107 
733 -0.01444347751128772 -0.14326273530120281 1.1834211199276983 0 0 0 0.68 142 733 196 310 223 107 
734 -0.01444347751128772 -0.14326273530120281 1.1834211199276983 0 0 0 0.68 142 734 196 311 223 108 
735 -0.09320823380864121 -0.14510068546944788 1.079680403683848 0 0 0 0.42 142 735 148 347 159 245 196 312 224 108 
736 -0.10081659828627208 -0.14207214291333356 1.0563783885647728 0 0 0 0.28 142 736 148 348 159 246 224 109 
737 0.06656351305926395 -0.130999311134621 1.14028630745873 0 0 0 0.7 142 737 196 313 223 109 
738 0.06656351305926395 -0.130999311134621 1.14028630745873 0 0 0 0.7 142 738 196 314 223 110 
739 -0.08671564802539293 -0.11297434937243427 1.0677871375862007 0 0 0 0.6 142 739 159 247 196 315 
740 -0.1078411785161255 -0.10153132864690835 1.0341740533283208 0 0 0 0.39 142 740 159 248 196 316 
741 -0.10784117851612521 -0.10153132864690827 1.0341740533283201 0 0 0 0.39 142 741 159 249 196 317 
742 0.12558236123103755 -0.08269658174403699 1.1242521325542782 0 0 0 0.61 142 742 148 349 185 84 
743 -0.09348621875005365 -0.08843689544282435 1.07879535065661 0 0 0 0.49 142 743 159 250 196 318 
744 -0.11282278799480021 -0.07959694276670955 1.0088700006785085 0 0 0 0.1 142 744 159 251 224 110 
745 -0.10074067157230367 -0.079008227877149 1.0549386173854545 0 0 0 0.28 142 745 148 350 196 319 
746 -0.10152440459716384 -0.06520220558816489 1.0558738682035305 0 0 0 0.23 142 746 148 351 196 320 
747 -0.0209883043901012 -0.056316908504253985 1.1889580282566068 0 0 0 1.14 142 747 196 321 217 62 
748 -0.11392827968163531 -0.06448087161371517 1.0105992357320592 0 0 0 0.48 142 748 159 252 196 322 224 111 
749 0.38664444071747306 -0.2724996407341102 1.0561530635986174 0 0 0 0.21 142 749 148 352 220 175 
750 0.2697404487238247 -0.2877689542555482 1.0947994842943591 0 0 0 0.77 142 750 148 353 199 59 
751 0.23190293835709733 -0.287895412555898 1.1004234171120513 0 0 0 1.56 142 751 148 354 152 21 220 176 
752 -0.10483406475247008 -0.2786169636494027 1.0367387741913014 0 0 0 0.26 142 752 196 323 224 112 
753 0.11077988002574399 -0.25553110203320045 1.1355624329810057 0 0 0 0.57 142 753 148 355 159 253 164 141 185 85 198 58 220 177 
754 -0.11188988887508103 -0.14503872275044236 1.23810763180504 0 0 0 0.53 142 754 223 111 224 113 
755 0.36813625468999095 -0.08003327868556502 1.0564418327762253 0 0 0 0.33 142 755 148 356 164 142 198 59 199 60 213 57 220 178 222 64 232 85 
756 0.3066918756116111 -0.08104611794937704 1.072119772143069 0 0 0 0.15 142 756 194 36 232 86 
757 0.04143912553876852 -0.08476030508437557 1.1640422646084998 0 0 0 0.15 142 757 148 357 196 324 
758 -0.11092313237252388 -0.09049582621620939 1.0227650674963116 0 0 0 0.16 142 758 159 254 181 35 
759 -0.036368979391653546 -0.08386372096720975 1.194249806308677 0 0 0 0.6 142 759 159 255 164 143 176 41 220 179 223 112 
760 0.3529484903506374 -0.0627191876551937 1.0595844337920015 0 0 0 0.37 142 760 148 358 162 72 196 325 217 63 220 180 
761 -0.05330834213806016 -0.07143543671503125 1.2007939700406318 0 0 0 0.9 142 761 148 359 164 144 196 326 220 181 221 65 223 113 224 114 
762 0.21675333997857507 -0.051571487055644794 1.0950150784213697 0 0 0 0.68 142 762 146 26 164 145 172 52 190 44 198 60 200 31 213 58 220 182 223 114 
763 0.24592350919161046 -0.04942802534232933 1.0879536455203964 0 0 0 0.62 142 763 146 27 148 360 164 146 196 327 213 59 
764 0.24120656932413137 -0.2744621694129552 1.0879430629415288 0 0 0 2.03 142 764 148 361 185 86 220 183 
765 0.4010542953950839 -0.1874143729224719 1.0529821974813356 0 0 0 0.4 142 765 164 147 165 36 217 64 220 184 235 32 
766 0.33748709382232567 -0.07939169219433802 1.063153904498504 0 0 0 0.32 142 766 146 28 147 34 217 65 220 185 
767 0.1456612289614536 -0.08315976017756356 1.109056833017712 0 0 0 0.82 142 767 196 328 223 115 
768 0.07527426966633273 -0.08494368635428834 1.1497010590821723 0 0 0 0.54 142 768 148 362 176 42 204 40 
769 -0.002205222058390707 -0.07175430406616798 1.1808039824402583 0 0 0 1.12 142 769 199 61 220 186 223 116 
770 0.16845490026904608 -0.2674056707131195 1.1120224988593421 0 0 0 0.79 142 770 159 256 162 73 181 36 185 87 196 329 198 61 217 66 219 41 220 187 
771 0.4000719640072789 -0.21503496439131237 1.047281523329517 0 0 0 0.33 142 771 147 35 190 45 222 65 
772 0.3704567713944229 -0.21555897046548328 1.0562827049728312 0 0 0 0.66 142 772 148 363 152 22 172 53 185 88 204 41 219 42 220 188 221 66 227 28 232 87 
773 0.3701561934574639 -0.2157464145174354 1.0555991589764018 0 0 0 0.53 142 773 147 36 148 364 152 23 198 62 199 62 213 60 219 43 220 189 221 67 222 66 232 88 
774 -0.14878861532613938 -0.2183250148368913 0.8493049936451242 0 0 0 0.22 142 774 181 37 198 63 199 63 
775 0.38640685340322994 -0.18260416858497514 1.0568654244961218 0 0 0 0.31 142 775 152 24 220 190 232 89 
776 0.3864490730352506 -0.18246285945758148 1.0565115353942747 0 0 0 0.38 142 776 147 37 152 25 164 148 217 67 220 191 232 90 
777 -0.12005882922956339 -0.25714234140316516 1.247847761318443 0 0 0 1.02 142 777 159 257 196 330 
778 0.40149433861763917 -0.1664763923719535 1.0530889050840389 0 0 0 0.23 142 778 165 37 220 192 235 33 
779 0.3845387462800823 -0.12230315245893048 1.0535837170148354 0 0 0 0.74 142 779 148 365 164 149 217 68 
780 0.41251493379754434 -0.0786838115578853 1.0460900739688257 0 0 0 0.67 142 780 162 74 165 38 222 67 
781 -0.11046294715769758 -0.27978759512369294 1.026359255833999 0 0 0 0.6 142 781 181 38 199 64 224 115 
782 0.3373420772433782 -0.06314010850840594 1.060998169210467 0 0 0 0.31 142 782 198 64 199 65 
783 0.3350575782875737 -0.262430720234054 1.069324645030418 0 0 0 0.59 142 783 148 366 181 39 198 65 
784 0.1402326600267903 -0.2811246750926478 1.1269830592023686 0 0 0 1.49 142 784 198 66 217 69 
