# 3D point list with one line of data per point:
#   POINT3D_ID, X, Y, Z, R, G, B, ERROR, TRACK[] as (IMAGE_ID, POINT2D_IDX)
# Number of points: 869, mean track length: 5.79
0 0.047291981286559245 -0.08830156743289012 1.001487391649298 0 0 0 0.28 2 0 9 0 13 0 16 0 36 0 44 0 77 0 85 0 92 0 93 0 109 0 118 0 124 0 146 0 157 0 164 0 194 0 201 0 213 0 214 0 
1 0.0785587806894746 -0.08792664895992029 1.0000132639278108 0 0 0 0.2 2 1 4 0 9 1 11 0 13 1 16 1 36 1 38 0 44 1 50 0 61 0 77 1 85 1 92 1 93 1 124 1 135 0 146 1 148 0 157 1 164 1 175 0 176 0 187 0 201 1 213 1 214 1 
2 0.10850502603076004 -0.08498174546665808 0.9974687134249258 0 0 0 0.16 2 2 4 1 9 2 11 1 13 2 16 2 28 0 38 1 44 2 50 1 61 1 77 2 85 2 92 2 98 0 109 1 110 0 112 0 124 2 135 1 146 2 157 2 164 2 175 1 176 1 187 1 194 1 201 2 213 2 214 2 
3 0.11274018752797166 -0.08495451837814874 0.9971793922806571 0 0 0 0.18 2 3 4 2 11 2 13 3 16 3 28 1 38 2 39 0 50 2 77 3 85 3 92 3 98 1 109 2 110 1 112 1 124 3 135 2 146 3 148 1 157 3 164 3 175 2 176 2 187 2 194 2 197 0 201 3 213 3 214 3 
4 0.07365532713721609 -0.08503190105772256 0.9986622253345749 0 0 0 0.29 2 4 9 3 13 4 50 3 77 4 124 4 164 4 187 3 201 4 
5 0.11964600273096872 -0.08250842913446436 0.9968604684088613 0 0 0 0.52 2 5 4 3 13 5 44 3 92 4 93 2 148 2 197 1 201 5 
6 0.11991542211064443 -0.08263616041951082 0.9971648761849923 0 0 0 0.24 2 6 13 6 28 2 44 4 92 5 93 3 187 4 201 6 
7 0.1300646839710649 -0.0820037336775262 0.9957393358816217 0 0 0 0.34 2 7 16 4 77 5 92 6 110 2 176 3 194 3 197 2 201 7 
8 0.20463455835231553 0.04233957299065924 0.9718595833860925 0 0 0 0.22 2 8 9 4 13 7 50 4 93 4 158 0 201 8 
9 0.3711671802163248 0.05259470786713096 0.9700841268528808 0 0 0 0.29 2 9 4 4 11 3 44 5 77 6 85 4 164 5 165 0 201 9 235 0 
10 0.348580959320751 0.0813487962925908 0.9613892348505662 0 0 0 0.32 2 10 17 0 53 0 118 1 146 4 165 1 187 5 197 3 201 10 213 4 235 1 
11 0.3443100187459573 0.08597858800050277 0.9608985702440787 0 0 0 0.35 2 11 11 4 28 3 146 5 187 6 201 11 213 5 
12 0.12422608387095188 -0.08234886509172862 0.9960705816439235 0 0 0 0.2 2 12 4 5 9 5 11 5 13 8 16 5 28 4 36 2 39 1 44 6 50 5 77 7 85 5 92 7 93 5 98 2 109 3 112 2 124 5 135 3 146 6 148 3 157 4 175 3 176 4 187 7 201 12 213 6 
13 0.12422608387095188 -0.08234886509172862 0.9960705816439235 0 0 0 0.2 2 13 4 6 9 6 11 6 13 9 16 6 28 5 36 3 39 2 44 7 50 6 77 8 85 6 92 8 93 6 98 3 109 4 112 3 124 6 135 4 146 7 148 4 157 5 175 4 176 5 187 8 201 13 213 7 
14 0.1344077051893447 -0.08243827743169947 0.9965377813906082 0 0 0 0.52 2 14 28 6 39 3 112 4 124 7 158 1 197 4 201 14 234 0 
15 0.22223792388772118 -0.08073016482105215 0.9940273466498833 0 0 0 0.49 2 15 13 10 77 9 92 9 201 15 
16 0.17339387868384656 -0.01613827648284572 0.9848084873482023 0 0 0 0.5 2 16 4 7 16 7 53 1 85 7 112 5 124 8 201 16 231 0 
17 0.1998759243615274 0.042649226193557085 0.9752561348660519 0 0 0 0.26 2 17 11 7 17 1 50 7 98 4 112 6 118 2 175 5 201 17 213 8 
18 0.24083415765210028 0.04544563501127935 0.9698072509238507 0 0 0 0.32 2 18 50 8 112 7 118 3 146 8 187 9 201 18 213 9 
19 0.1990133125474102 0.05685674494636394 0.971884290668245 0 0 0 0.18 2 19 4 8 11 8 38 3 77 10 85 8 146 9 157 6 158 2 187 10 201 19 213 10 
20 0.17394979295930216 0.058231543319714044 0.9682775387485586 0 0 0 0.25 2 20 4 9 11 9 13 11 17 2 28 7 38 4 44 8 77 11 85 9 91 0 92 10 93 7 109 5 110 3 118 4 124 9 135 5 146 10 157 7 164 6 176 6 187 11 194 4 197 5 201 20 204 0 213 11 214 4 223 0 234 1 
21 0.3516774467065312 0.06030717940468524 0.9642742204291328 0 0 0 0.24 2 21 44 9 92 11 201 21 234 2 
22 0.3751204349903005 0.07067236564785366 0.9673055854455263 0 0 0 0.21 2 22 4 10 44 10 50 9 61 2 77 12 91 1 110 4 148 5 197 6 201 22 213 12 235 2 
23 0.30228286020625333 -0.10450202241814519 0.9982525604182465 0 0 0 0.32 2 23 85 10 92 12 201 23 214 5 
24 0.34015178990592 0.03725656142554303 0.9688498117386698 0 0 0 0.27 2 24 4 11 11 10 15 0 17 3 44 11 118 5 146 11 158 3 164 7 176 7 201 24 204 1 213 13 234 3 
25 0.2689450513523452 0.06011670432828049 0.9697204613975573 0 0 0 0.22 2 25 17 4 38 5 44 12 50 10 61 3 118 6 124 10 146 12 176 8 187 12 201 25 204 2 213 14 
26 0.06920646885393372 0.036464672557971985 0.9778542340843575 0 0 0 0.42 2 26 4 12 15 1 16 8 28 8 50 11 61 4 77 13 118 7 128 0 146 13 148 6 152 0 164 8 187 13 201 26 204 3 213 15 232 0 
27 0.07340470414581288 0.08476223908924012 0.970174097595407 0 0 0 0.51 2 27 4 13 158 4 175 6 188 0 231 1 
28 0.2779205672416232 -0.09786995063815268 0.999336489214191 0 0 0 0.58 2 28 92 13 112 8 146 14 201 27 
29 0.2257291758057619 0.07109720578746635 0.9671352036639949 0 0 0 0.38 2 29 38 6 53 2 124 11 
30 0.22573473426697352 0.07107150489971874 0.9671538208263047 0 0 0 0.34 2 30 38 7 50 12 53 3 124 12 
31 0.08320514563527848 -0.08543606525957947 0.9988490468993796 0 0 0 0.2 4 14 11 11 16 9 28 9 109 6 112 9 146 15 201 28 
32 0.08316558251030536 -0.08537380921200254 0.9987108159658693 0 0 0 0.24 4 15 11 12 16 10 28 10 38 8 109 7 112 10 146 16 176 9 187 14 194 5 201 29 214 6 
33 0.10587764956489575 -0.017894654778071912 0.9874037425250908 0 0 0 0.16 4 16 13 12 16 11 44 13 92 14 112 11 124 13 146 17 175 7 176 10 187 15 201 30 213 16 223 1 231 2 234 4 
34 0.2742692309767348 0.03969641467552338 0.9693450283160159 0 0 0 0.15 4 17 16 12 164 9 176 11 
35 0.05383536929442425 0.04251436903548941 0.9826677821378053 0 0 0 0.15 4 18 175 8 176 12 201 31 
36 0.05758131774059297 0.042690758128711516 0.9822608272528626 0 0 0 0.17 4 19 11 13 28 11 175 9 188 1 201 32 
37 0.20633842513247297 0.045344112572554184 0.9699102035572241 0 0 0 0.26 4 20 50 13 98 5 112 12 176 13 187 16 201 33 204 4 213 17 232 1 
38 0.12055467834953759 0.04570960445012697 0.9781949165024536 0 0 0 0.24 4 21 38 9 201 34 231 3 
39 0.12437153208704949 0.045843224406507524 0.9776921999425507 0 0 0 0.27 4 22 77 14 146 18 148 7 201 35 
40 0.3103876153502019 0.054142445636028415 0.963493444475882 0 0 0 0.23 4 23 148 8 201 36 
41 0.14074060690278142 0.052689352429407026 0.9679943382401137 0 0 0 0.18 4 24 11 14 13 13 16 13 112 13 176 14 201 37 213 18 234 5 
42 0.07366965995367733 0.057031117937865264 0.9737207534827572 0 0 0 0.29 4 25 11 15 28 12 38 10 110 5 194 6 201 38 213 19 214 7 234 6 
43 0.05625449931834614 0.05724779134370734 0.9776620358987839 0 0 0 0.19 4 26 16 14 146 19 157 8 214 8 
44 0.3411666341001146 0.06216542003849931 0.9642736123615361 0 0 0 0.25 4 27 92 15 93 8 146 20 176 15 201 39 
45 0.03206929833883709 0.05714361581672333 0.9755486904158392 0 0 0 0.22 4 28 11 16 16 15 28 13 38 11 50 14 77 15 85 11 92 16 146 21 148 9 157 9 164 10 175 10 187 17 188 2 194 7 213 20 214 9 231 4 
46 0.1004176773938223 0.06039809467708382 0.9721472320920929 0 0 0 0.14 4 29 38 12 85 12 201 40 
47 0.10047142054150851 0.060385997651378504 0.97220163240276 0 0 0 0.13 4 30 38 13 146 22 201 41 214 10 234 7 
48 0.10362812123129754 0.06037892071908772 0.9717255402680551 0 0 0 0.14 4 31 11 17 16 16 28 14 85 13 91 2 92 17 109 8 146 23 148 10 164 11 176 16 187 18 194 8 201 42 213 21 214 11 223 2 234 8 
49 0.10763323205683602 0.060349746864773644 0.9714178871751836 0 0 0 0.17 4 32 13 14 16 17 38 14 77 16 85 14 91 3 109 9 110 6 146 24 176 17 187 19 197 7 201 43 213 22 214 12 223 3 
50 0.1375190273589575 0.06086440859346856 0.9691477956205911 0 0 0 0.19 4 33 13 15 16 18 36 4 38 15 85 15 91 4 109 10 110 7 148 11 176 18 187 20 194 9 201 44 213 23 214 13 234 9 
51 0.033639231933668634 0.05964169825146241 0.9763921094723114 0 0 0 0.22 4 34 9 7 16 19 28 15 38 16 44 14 50 15 92 18 93 9 110 8 124 14 135 6 146 25 157 10 175 11 187 21 188 3 194 10 213 24 214 14 
52 0.3496067497282151 0.06591378420254179 0.9638850174913957 0 0 0 0.42 4 35 85 16 91 5 92 19 146 26 201 45 
53 0.24078274026709845 0.06645588357601638 0.9674028778934358 0 0 0 0.22 4 36 11 18 13 16 28 16 38 17 93 10 98 6 124 15 146 27 148 12 157 11 175 12 187 22 201 46 213 25 214 15 
54 0.14595097112273533 0.06526647065351092 0.9679415304770101 0 0 0 0.1 4 37 11 19 201 47 234 10 
55 0.10147352085513862 0.06546870366823923 0.9719993545519428 0 0 0 0.36 4 38 28 17 77 17 176 19 194 11 201 48 
56 0.06908754891502486 0.07281865209819288 0.9723818034882703 0 0 0 0.19 4 39 11 20 28 18 38 18 110 9 146 28 194 12 201 49 223 4 
57 0.07114591684398369 0.073192472689182 0.97228791093902 0 0 0 0.2 4 40 28 19 164 12 187 23 188 4 201 50 
58 0.06865787776929827 0.07741177984655209 0.9715604470758961 0 0 0 0.15 4 41 11 21 28 20 77 18 110 10 148 13 194 13 201 51 223 5 
59 0.10018288133468434 0.07981084701981611 0.9693724591845894 0 0 0 0.22 4 42 28 21 77 19 110 11 146 29 194 14 201 52 
60 0.26101761841288457 0.08719877332590507 0.9657649486081316 0 0 0 0.27 4 43 11 22 13 17 28 22 38 19 85 17 124 16 146 30 148 14 175 13 194 15 201 53 213 26 214 16 
61 0.14563298123183208 0.08449173983125859 0.9645066540652176 0 0 0 0.17 4 44 38 20 109 11 146 31 201 54 
62 0.03434530713019902 0.0830614150369331 0.9727362494356727 0 0 0 0.22 4 45 16 20 38 21 85 18 92 20 110 12 213 27 214 17 231 5 
63 0.06624983282794147 0.0839826444591343 0.970873792898577 0 0 0 0.24 4 46 11 23 16 21 28 23 38 22 110 13 187 24 201 55 213 28 214 18 
64 0.06377093587002149 0.08501134523782179 0.9705819724142264 0 0 0 0.32 4 47 11 24 16 22 92 21 148 15 188 5 201 56 213 29 
65 0.13099124348339194 0.09033495242622483 0.9664652911024902 0 0 0 0.41 4 48 28 24 187 25 197 8 201 57 213 30 
66 0.0850887427944134 0.09329715978064564 0.972622889608173 0 0 0 0.29 4 49 16 23 28 25 109 12 110 14 201 58 214 19 
67 0.1413419333990419 0.09728501963975524 0.9632287356113037 0 0 0 0.23 4 50 28 26 85 19 109 13 110 15 146 32 194 16 201 59 213 31 214 20 
68 0.14134146435952202 0.09728682845965009 0.9632535677677425 0 0 0 0.22 4 51 28 27 85 20 109 14 110 16 146 33 187 26 194 17 201 60 213 32 214 21 
69 0.08192526293884861 -0.1332728677396749 1.0028918708562948 0 0 0 0.3 4 52 9 8 16 24 17 5 38 23 39 4 44 15 77 20 124 17 146 34 157 12 164 13 201 61 213 33 214 22 
70 0.10600193977589441 -0.12368750928732457 1.0003439815271387 0 0 0 0.23 4 53 28 28 39 5 98 7 112 14 146 35 157 13 176 20 187 27 201 62 214 23 
71 0.3193294223347884 -0.08257289830381168 0.9918211108001862 0 0 0 0.41 4 54 9 9 13 18 38 24 91 6 92 22 146 36 194 18 197 9 201 63 
72 0.2107198116440539 -0.0835445092193511 0.9950578224819732 0 0 0 0.24 4 55 13 19 15 2 28 29 91 7 92 23 98 8 118 8 148 16 176 21 194 19 201 64 213 34 234 11 
73 0.26781623261902543 -0.08271870713883411 0.9927028130356285 0 0 0 0.26 4 56 13 20 28 30 112 15 176 22 197 10 201 65 234 12 
74 0.26795968682674853 -0.08276636955371741 0.9928812808964754 0 0 0 0.24 4 57 13 21 15 3 28 31 112 16 176 23 201 66 234 13 
75 0.1184970586593471 -0.08492070357700987 0.9966661802426059 0 0 0 0.26 4 58 9 10 13 22 16 25 28 32 38 25 50 16 77 21 85 21 91 8 92 24 93 11 98 9 109 15 112 17 124 18 135 7 146 37 157 14 175 14 187 28 194 20 201 67 213 35 214 24 
76 0.15852245578263224 -0.08432178650657426 0.9967048133918132 0 0 0 0.27 4 59 9 11 13 23 16 26 28 33 38 26 39 6 44 16 61 5 85 22 92 25 93 12 109 16 112 18 124 19 135 8 164 14 176 24 187 29 201 68 213 36 214 25 234 14 
77 0.17785988004763814 -0.08385549641145262 0.9957461283232586 0 0 0 0.24 4 60 13 24 92 26 118 9 172 0 201 69 214 26 
78 0.2052887676579975 -0.08350571604189676 0.9947968652687827 0 0 0 0.31 4 61 9 12 11 25 13 25 39 7 44 17 85 23 91 9 128 1 164 15 175 15 201 70 213 37 214 27 
79 0.07634634444988067 -0.08491367401667554 0.9986453092290611 0 0 0 0.29 4 62 9 13 11 26 13 26 15 4 16 27 28 34 36 5 38 27 39 8 44 18 50 17 61 6 77 22 92 27 109 17 110 17 112 19 118 10 146 38 152 1 158 5 175 16 176 25 201 71 213 38 214 28 
80 0.08516365330836179 -0.0831118388673332 0.998872514277355 0 0 0 0.34 4 63 11 27 28 35 77 23 85 24 92 28 109 18 110 18 112 20 118 11 128 2 148 17 157 15 176 26 194 21 201 72 213 39 
81 0.22694335570736612 -0.08049344748664776 0.9939574606248542 0 0 0 0.32 4 64 13 27 85 25 91 10 92 29 124 20 148 18 164 16 194 22 201 73 213 40 
82 0.13785468512519708 0.043226745365818574 0.9694104989027603 0 0 0 0.21 4 65 9 14 11 28 13 28 28 36 44 19 50 18 61 7 92 30 98 10 112 21 135 9 146 39 175 17 176 27 187 30 197 11 201 74 213 41 231 6 234 15 
83 0.06587175653254655 0.04344228924693003 0.9765701310611496 0 0 0 0.19 4 66 11 29 201 75 204 5 213 42 232 2 
84 0.10081054179170033 0.04405119116360585 0.9738623924244967 0 0 0 0.3 4 67 9 15 44 20 128 3 135 10 152 2 176 28 201 76 232 3 
85 0.13614299488094037 0.04477021251962282 0.9709201894322583 0 0 0 0.27 4 68 11 30 13 29 15 5 16 28 28 37 44 21 53 4 92 31 98 11 112 22 118 12 135 11 146 40 176 29 187 31 201 77 204 6 231 7 234 16 
86 0.09604180611947209 0.04856474911784413 0.9767206631474901 0 0 0 0.26 4 69 9 16 11 31 16 29 17 6 44 22 50 19 61 8 77 24 93 13 118 13 128 4 135 12 164 17 201 78 204 7 232 4 
87 0.19392908085051505 0.051298181263690526 0.973449391148902 0 0 0 0.26 4 70 9 17 28 38 44 23 91 11 112 23 146 41 157 16 164 18 175 18 187 32 201 79 213 43 214 29 
88 0.3396288012359118 0.05987994128515552 0.9646621052212762 0 0 0 0.43 4 71 11 32 28 39 61 9 77 25 85 26 92 32 148 19 164 19 176 30 187 33 194 23 201 80 213 44 
89 0.27802187245011223 0.05957142712363263 0.9666024625210619 0 0 0 0.21 4 72 13 30 28 40 38 28 110 19 148 20 164 20 187 34 194 24 201 81 
90 0.30277205674609553 0.0601401214160116 0.9686214128475873 0 0 0 0.22 4 73 15 6 77 26 146 42 164 21 176 31 201 82 204 8 213 45 
91 0.35206874475079636 0.060465011531107976 0.9645337799292696 0 0 0 0.36 4 74 50 20 146 43 176 32 201 83 
92 0.06851601079674369 0.05702883939200533 0.9734034939252546 0 0 0 0.24 4 75 9 18 11 33 15 7 16 30 17 7 28 41 38 29 44 24 53 5 77 27 85 27 118 14 146 44 148 21 176 33 187 35 188 6 197 12 201 84 213 46 214 30 231 8 232 5 
93 0.13906290574238736 0.05793214832560628 0.9689243453809913 0 0 0 0.32 4 76 11 34 16 31 17 8 28 42 53 6 77 28 109 19 118 15 128 5 146 45 164 22 176 34 187 36 194 25 197 13 201 85 204 9 213 47 231 9 232 6 
94 0.06360981563363675 0.05711089878757633 0.9743907682040309 0 0 0 0.35 4 77 11 35 28 43 44 25 112 24 124 21 146 46 157 17 175 19 187 37 213 48 231 10 
95 0.14244073513580507 0.06088817944469378 0.9687055466816298 0 0 0 0.32 4 78 28 44 38 30 77 29 91 12 109 20 118 16 148 22 176 35 187 38 194 26 197 14 201 86 204 10 213 49 234 17 
96 0.1373162373412178 0.06768835093023454 0.9687310118030118 0 0 0 0.21 4 79 11 36 16 32 77 30 92 33 109 21 110 20 201 87 213 50 223 6 
97 0.13714830106449183 0.07285232878412005 0.9677437636152146 0 0 0 0.26 4 80 11 37 28 45 38 31 77 31 91 13 109 22 110 21 194 27 201 88 214 31 223 7 234 18 
98 0.09797394338181281 0.0731352145144364 0.9704475960015935 0 0 0 0.18 4 81 11 38 28 46 201 89 223 8 
99 0.10078271085797683 0.07673469947438177 0.9699210454545322 0 0 0 0.34 4 82 11 39 16 33 28 47 36 6 77 32 85 28 92 34 110 22 176 36 187 39 201 90 213 51 214 32 223 9 234 19 
100 0.06865791420456388 0.08193300736188587 0.9709369520716321 0 0 0 0.15 4 83 11 40 16 34 17 9 28 48 53 7 77 33 110 23 118 17 146 47 148 23 187 40 201 91 214 33 223 10 232 7 234 20 
101 0.10015696798860997 0.08261120993503358 0.9692671176636733 0 0 0 0.32 4 84 11 41 17 10 38 32 53 8 77 34 92 35 110 24 118 18 164 23 201 92 204 11 223 11 234 21 
102 0.3975628076014538 0.0303187616618299 0.9840484699146193 0 0 0 0.21 4 85 17 11 53 9 92 36 110 25 172 1 201 93 204 12 213 52 
103 0.34025274273442474 0.03715433128427381 0.9690292512716245 0 0 0 0.16 4 86 15 8 53 10 176 37 201 94 204 13 
104 0.09210824968470087 0.0552547832949863 0.9746735885774083 0 0 0 0.3 4 87 17 12 118 19 176 38 
105 0.3441636962569601 0.05990712886631816 0.963779512419272 0 0 0 0.22 4 88 11 42 15 9 17 13 28 49 53 11 77 35 85 29 91 14 92 37 118 20 128 6 146 48 148 24 165 2 176 39 187 41 194 28 197 15 201 95 204 14 213 53 232 8 234 22 235 3 
106 0.20965472764787405 0.05853808877093594 0.967592207300715 0 0 0 0.17 4 89 11 43 17 14 28 50 77 36 92 38 146 49 187 42 201 96 204 15 213 54 214 34 232 9 234 23 
107 0.20978367281423724 0.05854213020774417 0.9677758684540814 0 0 0 0.19 4 90 11 44 28 51 53 12 77 37 85 30 91 15 92 39 110 26 118 21 146 50 148 25 164 24 176 40 187 43 194 29 201 97 214 35 232 10 234 24 
108 0.3823621950605996 0.06758411941324019 0.9683286678985591 0 0 0 0.39 4 91 11 45 44 26 50 21 53 13 61 10 77 38 118 22 128 7 158 6 201 98 
109 0.06693801254720132 0.0673961081143304 0.9730754944950939 0 0 0 0.24 4 92 11 46 15 10 16 35 17 15 28 52 53 14 77 39 85 31 118 23 146 51 148 26 164 25 176 41 194 30 201 99 213 55 214 36 223 12 232 11 
110 0.2668978645689241 -0.08671914835538956 0.9942397912407916 0 0 0 0.47 4 93 11 47 15 11 61 11 98 12 146 52 148 27 201 100 
111 0.08500939190122445 0.04667884276790146 0.9794119860357736 0 0 0 0.2 4 94 15 12 16 36 17 16 50 22 61 12 77 40 85 32 109 23 110 27 112 25 118 24 128 8 146 53 152 3 158 7 176 42 194 31 201 101 204 16 213 56 232 12 234 25 
112 0.08510342473966229 0.046670612995259854 0.9793037353224692 0 0 0 0.07 4 95 16 37 50 23 175 20 176 43 194 32 204 17 234 26 
113 0.09014093172515714 0.04602425005063215 0.9769105426223786 0 0 0 0.32 4 96 11 48 15 13 16 38 28 53 50 24 61 13 98 13 110 28 112 26 118 25 128 9 146 54 152 4 158 8 175 21 176 44 187 44 201 102 204 18 234 27 
114 0.09013783320068093 0.04605922910691845 0.9769200889905195 0 0 0 0.37 4 97 11 49 13 31 15 14 16 39 17 17 28 54 38 33 50 25 61 14 110 29 112 27 118 26 128 10 146 55 158 9 172 2 175 22 176 45 187 45 201 103 204 19 234 28 
115 0.20989714608244114 0.06556279787816595 0.9679429749655336 0 0 0 0.3 4 98 11 50 15 15 28 55 53 15 77 41 118 27 146 56 187 46 194 33 201 104 204 20 213 57 214 37 234 29 
116 0.276731911567148 0.08318279358699095 0.9635820195600524 0 0 0 0.33 4 99 11 51 53 16 77 42 85 33 172 3 197 16 201 105 213 58 234 30 
117 0.037484413096928244 -0.0906604998584659 1.0022980178658152 0 0 0 0.14 9 19 13 32 201 106 
118 0.08717519913177126 -0.08778129899926315 0.9995092949580876 0 0 0 0.21 9 20 13 33 16 40 44 27 50 26 92 40 98 14 124 22 146 57 175 23 176 46 187 47 201 107 214 38 
119 0.12300982178913726 -0.08490059361153308 0.9963652621560165 0 0 0 0.15 9 21 13 34 39 9 44 28 92 41 93 14 98 15 124 23 175 24 201 108 
120 0.10535402588488835 -0.08516286426324716 0.9972906936511138 0 0 0 0.29 9 22 13 35 16 41 28 56 39 10 92 42 93 15 109 24 110 30 135 13 187 48 201 109 
121 0.10269556296012583 -0.08492785412848138 0.9964171010545815 0 0 0 0.41 9 23 13 36 92 43 93 16 135 14 201 110 
122 0.06802106549040338 -0.08270180007439434 0.9983326252995556 0 0 0 0.19 9 24 13 37 201 111 
123 0.11972903692731685 -0.023567420239144432 0.9878311022655109 0 0 0 0.25 9 25 13 38 28 57 98 16 124 24 146 58 157 18 164 26 175 25 176 47 201 112 214 39 231 11 
124 0.1612028542931767 -0.02034454399965125 0.9872619849330423 0 0 0 0.25 9 26 201 113 214 40 
125 0.25288707649781383 0.03255778360087092 0.9722430856781061 0 0 0 0.19 9 27 175 26 201 114 
126 0.03714559897805457 0.032263853542618626 0.9802870655729425 0 0 0 0.22 9 28 109 25 176 48 231 12 
127 0.24340361476839828 0.048605421364041904 0.9670959045595758 0 0 0 0.2 9 29 112 28 146 59 175 27 176 49 187 49 201 115 213 59 
128 0.3148028559642793 0.0653306847185111 0.9628688787199398 0 0 0 0.42 13 39 124 25 201 116 
129 0.19507917746658374 -0.14835801746827063 1.0041431372174718 0 0 0 0.14 9 30 13 40 92 44 201 117 
130 0.38237665135127946 -0.10401922726539903 0.9923973821395494 0 0 0 0.29 9 31 92 45 201 118 
131 0.22700169055858466 -0.08054532310347316 0.9940229933651965 0 0 0 0.31 9 32 11 52 13 41 39 11 44 29 61 15 85 34 92 46 93 17 112 29 146 60 148 28 176 50 194 34 201 119 
132 0.04222609111343264 -0.08854729389616968 1.0019269095066614 0 0 0 0.36 9 33 13 42 16 42 50 27 53 17 92 47 93 18 124 26 135 15 201 120 
133 0.1683710128472233 -0.07691163953419296 0.9958170364998886 0 0 0 0.24 9 34 28 58 36 7 124 27 187 50 197 17 201 121 213 60 
134 0.13619817342637647 0.044744479310318074 0.9710840850468067 0 0 0 0.3 9 35 16 43 112 30 118 28 124 28 128 11 146 61 201 122 232 13 
135 0.14755561985148422 0.07958259340540612 0.9641970978362913 0 0 0 0.35 9 36 38 34 234 31 
136 0.3552175319835216 -0.14059835600565404 1.0269425371778331 0 0 0 0.34 44 30 61 16 92 48 118 29 124 29 201 123 
137 0.08819160341818197 -0.13840657337426865 0.9974336804948072 0 0 0 0.23 9 37 135 16 201 124 
138 0.07371432902421218 -0.12204180843858689 1.0042794169504043 0 0 0 0.4 9 38 109 26 201 125 
139 0.14250909590383548 -0.08227784244767275 0.9956833302070535 0 0 0 0.21 9 39 13 43 61 17 92 49 124 30 146 62 201 126 
140 0.3413858602546285 0.04630688556387655 0.9672769924409081 0 0 0 0.28 17 18 44 31 50 28 77 43 146 63 176 51 197 18 201 127 232 14 
141 0.23519886715894503 -0.08689683250019357 0.9941909764918858 0 0 0 0.42 9 40 13 44 50 29 53 18 92 50 201 128 232 15 
142 0.2161018335027814 -0.08732340297748133 0.9961270980223351 0 0 0 0.21 9 41 13 45 38 35 53 19 77 44 91 16 92 51 118 30 124 31 194 35 197 19 201 129 213 61 
143 0.20344719834999409 -0.08709252864220933 0.9961915300452732 0 0 0 0.25 9 42 13 46 28 59 53 20 61 18 92 52 112 31 176 52 194 36 197 20 201 130 204 21 214 41 234 32 
144 0.21102194523280954 -0.08704669804361778 0.9960824902858915 0 0 0 0.22 9 43 13 47 61 19 91 17 92 53 109 27 112 32 135 17 164 27 176 53 194 37 197 21 201 131 204 22 214 42 234 33 
145 0.23629181457044587 0.06018199606924261 0.9709544952160319 0 0 0 0.1 92 54 118 31 146 64 164 28 176 54 204 23 232 16 
146 0.22754060192045647 0.05862614695638656 0.9696842007123821 0 0 0 0.22 9 44 53 21 201 132 204 24 232 17 
147 0.05344653452257104 -0.082888242981998 0.9991760463508677 0 0 0 0.27 11 53 77 45 148 29 201 133 
148 0.053551512367892115 -0.08297593723153682 0.9995050108527371 0 0 0 0.28 11 54 77 46 201 134 
149 0.07765863095951946 0.046614226827471635 0.9764611698554427 0 0 0 0.26 11 55 13 48 16 44 28 60 50 30 98 17 124 32 146 65 157 19 175 28 176 55 187 51 197 22 213 62 231 13 
150 0.0577681206879736 0.05069924209390287 0.9818720240546971 0 0 0 0.07 11 56 146 66 201 135 
151 0.05778425414930277 0.050704081001639256 0.9818086214780701 0 0 0 0.12 11 57 146 67 175 29 201 136 
152 0.059676944725802566 0.05156561705371256 0.9815191903864927 0 0 0 0.04 11 58 157 20 201 137 
153 0.05947852632557485 0.05164571942412074 0.9808440569937316 0 0 0 0.1 11 59 16 45 124 33 146 68 157 21 175 30 187 52 213 63 231 14 
154 0.07013658840907745 0.05196702015229227 0.9722719873177653 0 0 0 0.24 11 60 13 49 16 46 38 36 92 55 112 33 146 69 187 53 201 138 214 43 
155 0.06255211239912796 0.060325888129630245 0.9743877908505728 0 0 0 0.21 11 61 98 18 188 7 231 15 
156 0.03528094784197224 0.06482024432649479 0.9759304501863713 0 0 0 0.14 11 62 16 47 124 34 157 22 175 31 213 64 214 44 231 16 
157 0.07090634476476737 0.07792882762867828 0.971178509815041 0 0 0 0.2 11 63 38 37 85 35 194 38 201 139 214 45 
158 0.2732768013586575 0.08034979581599123 0.9642107116627692 0 0 0 0.33 11 64 146 70 148 30 201 140 
159 0.2807010353441188 0.08660234433140279 0.9628022731781675 0 0 0 0.42 11 65 28 61 77 47 187 54 201 141 213 65 
160 0.03611730560070079 0.09161549755773281 0.9716824273737089 0 0 0 0.25 11 66 16 48 28 62 38 38 93 19 146 71 175 32 187 55 201 142 213 66 214 46 
161 0.20896822708108956 0.09255181325674632 0.9636952229754726 0 0 0 0.23 11 67 13 50 28 63 93 20 146 72 187 56 201 143 213 67 
162 0.06592097695011896 0.09492508619558358 0.9691167202766063 0 0 0 0.07 11 68 16 49 187 57 188 8 201 144 213 68 
163 0.2632881887458208 0.0944750041173511 0.9652466398933095 0 0 0 0.06 11 69 91 18 201 145 
164 0.14121377103609234 0.09464786171076929 0.9635691134460405 0 0 0 0.26 11 70 28 64 38 39 77 48 109 28 110 31 187 58 194 39 201 146 213 69 214 47 223 13 
165 0.14312606210562215 0.09594916777112879 0.9630237428997084 0 0 0 0.18 11 71 38 40 91 19 110 32 187 59 194 40 213 70 214 48 234 34 
166 0.18034536142669322 0.09786720819661217 0.962844741058105 0 0 0 0.28 11 72 91 20 201 147 
167 0.23248485837632618 -0.08303351786235198 0.9939408810160175 0 0 0 0.25 11 73 13 51 28 65 39 12 50 31 112 34 124 35 135 18 146 73 148 31 157 23 164 29 172 4 175 33 176 56 187 60 201 148 213 71 
168 0.20435137418962585 0.04798174875010081 0.9711156362677281 0 0 0 0.22 11 74 28 66 44 32 50 32 61 20 77 49 112 35 118 32 146 74 157 24 158 10 176 57 187 61 197 23 201 149 213 72 
169 0.0353581557916986 0.057200267557893085 0.9753715285099879 0 0 0 0.23 11 75 16 50 17 19 28 67 50 33 53 22 61 21 92 56 118 33 124 36 146 75 157 25 175 34 187 62 188 9 204 25 213 73 214 49 231 17 
170 0.36977101605576174 0.05639545186798115 0.9698468371913049 0 0 0 0.22 28 68 50 34 176 58 201 150 
171 0.1578861103400243 0.058585982212828965 0.9722259618893203 0 0 0 0.16 11 76 28 69 176 59 201 151 232 18 234 35 
172 0.1333997196856235 0.06084591246913692 0.9705200691527389 0 0 0 0.19 11 77 15 16 16 51 61 22 128 12 176 60 201 152 204 26 
173 0.10144336158959444 0.07103380350288392 0.9710938898130432 0 0 0 0.42 11 78 13 52 92 57 201 153 213 74 
174 0.25715080323581424 0.08868838011479116 0.9658276470565753 0 0 0 0.3 11 79 17 20 28 70 98 19 124 37 175 35 187 63 213 75 234 36 
175 0.13259741738690362 0.09184480409194395 0.9642913807839327 0 0 0 0.28 11 80 28 71 36 8 110 33 146 76 172 5 187 64 197 24 201 154 213 76 232 19 234 37 
176 0.2381431819591074 -0.0803034138849821 0.9928032963461589 0 0 0 0.25 11 81 91 21 112 36 157 26 201 155 
177 0.0790741708781263 -0.014827389167805075 0.9911780009671014 0 0 0 0.38 11 82 13 53 50 35 118 34 124 38 146 77 157 27 201 156 213 77 231 18 
178 0.19052717801852062 0.04224831911799473 0.9751840104574752 0 0 0 0.13 11 83 112 37 146 78 201 157 213 78 
179 0.07934285736702101 0.043988117573463936 0.9804123924869781 0 0 0 0.25 11 84 15 17 39 13 50 36 146 79 152 5 158 11 175 36 201 158 
180 0.06325390273801271 0.05075372860615466 0.9772457258921445 0 0 0 0.3 11 85 16 52 17 21 44 33 53 23 157 28 201 159 213 79 
181 0.20445476551188116 0.052151221328681524 0.9707672740504237 0 0 0 0.29 11 86 17 22 77 50 93 21 118 35 146 80 201 160 213 80 
182 0.13194727886383448 0.05931312136134287 0.9741070350830398 0 0 0 0.37 11 87 201 161 213 81 
183 0.16759161059614694 0.059228070555484694 0.9714353052436797 0 0 0 0.36 11 88 176 61 201 162 
184 0.3357641524221536 0.06064720653206283 0.9670642583483774 0 0 0 0.24 11 89 28 72 53 24 91 22 118 36 146 81 176 62 201 163 204 27 213 82 235 4 
185 0.3686875512498728 0.06121522174507263 0.9672441070297171 0 0 0 0.3 11 90 15 18 17 23 44 34 50 37 98 20 164 30 165 3 176 63 187 65 197 25 201 164 204 28 213 83 234 38 235 5 
186 0.06866652645693459 0.08885011241541335 0.9694475682493437 0 0 0 0.18 11 91 38 41 53 25 148 32 234 39 
187 0.05871332478326423 0.09188031662796867 0.9734129588668496 0 0 0 0.3 11 92 15 19 17 24 44 35 53 26 118 37 124 39 146 82 188 10 
188 0.17512482351366476 0.07080956551755557 0.9681603392847113 0 0 0 0.32 11 93 13 54 109 29 201 165 234 40 
189 0.042261268020009735 -0.14484237539130498 1.0032029093779997 0 0 0 0.24 13 55 109 30 112 38 201 166 
190 0.13687667159774597 -0.14636047160553411 1.0049350266900632 0 0 0 0.24 13 56 39 14 201 167 
191 0.2917868977024331 -0.1434228565114876 1.0027785921271672 0 0 0 0.51 13 57 124 40 201 168 
192 0.07315417539106257 -0.10352266997814762 1.0048156137218505 0 0 0 0.14 13 58 124 41 201 169 
193 0.03455644070123227 -0.09586044502127017 1.0021169474728 0 0 0 0.32 13 59 39 15 124 42 146 83 201 170 
194 0.11371303112337867 -0.08756148345981364 0.998468724211469 0 0 0 0.28 13 60 124 43 175 37 201 171 
195 0.15340006060479908 -0.0878684708861562 0.9957682249814234 0 0 0 0.15 13 61 39 16 201 172 
196 0.1370359491222266 -0.08670935387233418 0.9965585274241587 0 0 0 0.22 13 62 39 17 112 39 175 38 201 173 
197 0.06869023305304098 -0.08046105851388678 0.9967603656556249 0 0 0 0.29 13 63 124 44 201 174 
198 0.2217267657098269 -0.08789166264934425 0.9956118196246494 0 0 0 0.12 13 64 194 41 201 175 
199 0.25431052080824396 -0.08773388590928023 0.9948471279180832 0 0 0 0.2 13 65 39 18 201 176 
200 0.23728043288507228 0.03344653483944383 0.9794798827709909 0 0 0 0.18 13 66 112 40 146 84 157 29 175 39 201 177 
201 0.2848904708342795 0.03277842432368617 0.9705675979444836 0 0 0 0.16 13 67 93 22 175 40 201 178 
202 0.06790778282655412 0.04037085083041953 0.9739677041836153 0 0 0 0.24 13 68 28 73 98 21 112 41 146 85 175 41 201 179 213 84 
203 0.23809991367576433 0.03482270701808751 0.9777559069425871 0 0 0 0.16 13 69 112 42 201 180 
204 0.20438967085122747 0.0373628066010382 0.9785988793273971 0 0 0 0.2 13 70 112 43 187 66 201 181 
205 0.08818266249225029 0.04280963183478687 0.9789529378214477 0 0 0 0.39 13 71 28 74 93 23 124 45 175 42 187 67 201 182 231 19 
206 0.23714270151471586 0.038534848213213 0.9752682628421055 0 0 0 0.17 13 72 112 44 124 46 201 183 
207 0.08851939527102377 0.04461251043600411 0.9780917654005601 0 0 0 0.21 13 73 124 47 146 86 175 43 187 68 201 184 231 20 
208 0.06962947108628507 0.04602483898130269 0.9727222448878423 0 0 0 0.33 13 74 16 53 28 75 112 45 201 185 
209 0.22421339252707545 0.042397470160695803 0.9751961059256142 0 0 0 0.2 13 75 112 46 124 48 201 186 
210 0.11541625878538053 0.047296528009473225 0.9699790393064401 0 0 0 0.46 13 76 91 23 124 49 
211 0.11547356577409958 0.04721340041790605 0.9701382194488753 0 0 0 0.48 13 77 91 24 124 50 176 64 231 21 
212 0.17991160231115955 0.04569270502048983 0.9696948668671622 0 0 0 0.43 13 78 112 47 201 187 
213 0.3082105092229968 0.04182998463296643 0.9684781014473196 0 0 0 0.21 13 79 28 76 93 24 201 188 
214 0.08878264831340514 0.04855513780823399 0.9775497162869239 0 0 0 0.28 13 80 28 77 98 22 112 48 124 51 175 44 187 69 201 189 
215 0.27527176282402377 0.04310379268016569 0.9688279470886533 0 0 0 0.35 13 81 28 78 112 49 146 87 201 190 
216 0.19469017421313034 0.04580311110776751 0.9736663170300823 0 0 0 0.25 13 82 91 25 157 30 201 191 213 85 214 50 
217 0.19506891215865518 0.04583317253421042 0.9742997913170157 0 0 0 0.16 13 83 124 52 201 192 
218 0.15277778032982922 0.04838750588600859 0.9752195034875969 0 0 0 0.14 13 84 175 45 201 193 
219 0.15944994520619768 0.04849381333132903 0.9755367597537586 0 0 0 0.15 13 85 175 46 201 194 
220 0.16343836870419826 0.04853170853717093 0.9767939405583153 0 0 0 0.17 13 86 39 19 175 47 201 195 
221 0.16343836870419826 0.04853170853717093 0.9767939405583153 0 0 0 0.17 13 87 39 20 175 48 201 196 
222 0.30885761772411313 0.04444859976243845 0.9662806830995818 0 0 0 0.52 13 88 187 70 201 197 
223 0.075064085283764 0.051725294838888373 0.974314713151956 0 0 0 0.2 13 89 175 49 176 65 187 71 201 198 
224 0.24467825745951066 0.0470346004203753 0.9668864514463915 0 0 0 0.17 13 90 112 50 124 53 175 50 201 199 
225 0.31245383126155 0.04519278656115618 0.9675001011020433 0 0 0 0.33 13 91 124 54 201 200 
226 0.13161821220515124 0.05106048350937728 0.976772826522659 0 0 0 0.2 13 92 124 55 201 201 
227 0.1896430422550041 0.05020721258809661 0.974929622652812 0 0 0 0.31 13 93 91 26 112 51 201 202 213 86 
228 0.31230661462610915 0.04687391999923384 0.9651617304949067 0 0 0 0.13 13 94 124 56 175 51 201 203 
229 0.12978897924469485 0.05233364253941686 0.9757603279465759 0 0 0 0.19 13 95 124 57 146 88 201 204 
230 0.14280708911045564 0.05425070183016002 0.9671944501266966 0 0 0 0.19 13 96 93 25 112 52 201 205 
231 0.19421317323120796 0.054003046551757174 0.9730210392034553 0 0 0 0.11 13 97 93 26 201 206 
232 0.21311778613828472 0.0551734842478655 0.9665983852814602 0 0 0 0.15 13 98 112 53 201 207 
233 0.18583537901768923 0.05663219617122861 0.9695248250098697 0 0 0 0.29 13 99 112 54 176 66 201 208 
234 0.21228806549446952 0.05644494340390741 0.9669717871275407 0 0 0 0.25 13 100 28 79 93 27 112 55 146 89 187 72 201 209 213 87 
235 0.10562797435192929 0.062077963001999185 0.970888603094272 0 0 0 0.17 13 101 28 80 38 42 109 31 146 90 201 210 213 88 214 51 
236 0.07024106372502975 0.06326731842067877 0.9732867016774769 0 0 0 0.07 13 102 28 81 93 28 98 23 187 73 231 22 
237 0.1700362341961109 0.062348117778344536 0.9678271404191784 0 0 0 0.13 13 103 187 74 201 211 
238 0.24676978287253498 0.06193493120609618 0.9674309513577933 0 0 0 0.27 13 104 28 82 38 43 85 36 93 29 124 58 175 52 187 75 201 212 214 52 
239 0.13937973138088994 0.06578447400578874 0.9687404695189916 0 0 0 0.08 13 105 124 59 201 213 
240 0.24559840547494682 0.06349355631749572 0.9673356504368148 0 0 0 0.21 13 106 28 83 93 30 124 60 146 91 175 53 187 76 201 214 
241 0.24727899135726686 0.065104925008944 0.967847245865409 0 0 0 0.31 13 107 28 84 91 27 124 61 187 77 201 215 
242 0.28113403494244377 0.06748520082070765 0.9627052433707461 0 0 0 0.21 13 108 124 62 201 216 
243 0.03625206070005233 0.08173904850886822 0.9727960163623804 0 0 0 0.35 13 109 28 85 187 78 201 217 214 53 
244 0.2150463682367886 0.08019068276556314 0.9652572703425757 0 0 0 0.33 13 110 93 31 124 63 146 92 175 54 201 218 
245 0.09670952533261028 0.08381981787274823 0.9707484391700771 0 0 0 0.27 13 111 28 86 187 79 201 219 
246 0.09962329949616379 0.08885806232238508 0.9677152280573457 0 0 0 0.27 13 112 38 44 110 34 146 93 148 33 164 31 187 80 201 220 214 54 
247 0.22706717357094344 0.08783944761181195 0.9692811490235841 0 0 0 0.38 13 113 124 64 146 94 175 55 187 81 201 221 
248 0.2652328611781503 0.08699764936479096 0.9662783311277264 0 0 0 0.22 13 114 93 32 124 65 175 56 201 222 
249 0.2636339974358926 0.08828561367259491 0.9664916808317312 0 0 0 0.26 13 115 38 45 164 32 175 57 187 82 201 223 213 89 
250 0.21416318009191768 0.0933371245684754 0.962597997334043 0 0 0 0.33 13 116 44 36 175 58 201 224 213 90 
251 0.21089634059594684 0.09376469147643492 0.9637880626211643 0 0 0 0.26 13 117 93 33 175 59 187 83 201 225 
252 0.2108798807677911 0.09370936005046877 0.9637559021242361 0 0 0 0.18 13 118 175 60 187 84 201 226 
253 0.20514882180886387 0.098688714172628 0.96226489466813 0 0 0 0.27 13 119 28 87 146 95 175 61 187 85 201 227 
254 0.083079003287677 -0.09225169130615132 1.0001389981276736 0 0 0 0.23 13 120 124 66 201 228 
255 0.03215304058802195 -0.08295909997612133 0.9993110420415893 0 0 0 0.49 13 121 124 67 201 229 
256 0.12701710053938833 -0.08660174068249529 0.9960224876876452 0 0 0 0.25 13 122 98 24 201 230 
257 0.12299503592327743 -0.08489178153420356 0.9962701420219368 0 0 0 0.15 13 123 39 21 92 58 93 34 201 231 
258 0.1756124567082299 -0.08813008146677949 0.9971481966375506 0 0 0 0.35 13 124 38 46 201 232 
259 0.13735764039196988 -0.08456694799752082 0.9954923712070919 0 0 0 0.22 13 125 16 54 28 88 39 22 92 59 98 25 112 56 124 68 135 19 157 31 158 12 175 62 176 67 187 86 197 26 201 233 214 55 234 41 
260 0.24193971812310808 -0.08251922927009989 0.9926408887083901 0 0 0 0.24 13 126 39 23 201 234 
261 0.2342103060757514 -0.064735393359043 0.9954377320228533 0 0 0 0.24 13 127 39 24 201 235 
262 0.033738910790029206 0.03203147590168375 0.9804095915656162 0 0 0 0.23 13 128 28 89 93 35 176 68 188 11 
263 0.2375428451278171 0.0303960400136024 0.9770360614188188 0 0 0 0.16 13 129 112 57 124 69 201 236 
264 0.14034697087401993 0.03608874110542504 0.9703967464127086 0 0 0 0.26 13 130 28 90 112 58 128 13 146 96 175 63 176 69 197 27 201 237 231 23 234 42 
265 0.16034823081689423 0.03730873466377977 0.9804438142679941 0 0 0 0.3 13 131 201 238 234 43 
266 0.2536428129474341 0.036013252115474965 0.97296073777576 0 0 0 0.22 13 132 112 59 201 239 
267 0.13604359458890622 0.040800446500736255 0.9715449322493107 0 0 0 0.18 13 133 28 91 98 26 112 60 201 240 
268 0.10387571036773996 0.044982806019524216 0.9706861394794762 0 0 0 0.25 13 134 146 97 201 241 213 91 231 24 
269 0.07539327980585217 0.04721440674667173 0.9754658342939181 0 0 0 0.28 13 135 28 92 39 25 112 61 175 64 176 70 201 242 213 92 
270 0.1040496558755632 0.04677067160175491 0.9696813032317394 0 0 0 0.35 13 136 16 55 112 62 146 98 176 71 187 87 201 243 
271 0.1832340378598172 0.045573663325528584 0.9721707929218815 0 0 0 0.17 13 137 175 65 176 72 201 244 
272 0.19030106247847067 0.04575144457905005 0.9744449263994575 0 0 0 0.09 13 138 92 60 135 20 175 66 201 245 
273 0.2860141040123955 0.043169823744034164 0.968250730029776 0 0 0 0.25 13 139 175 67 201 246 
274 0.13126272264564912 0.04907534215138457 0.9760951030624592 0 0 0 0.13 13 140 124 70 201 247 
275 0.1314559968275045 0.04903219130680385 0.9765242394685467 0 0 0 0.16 13 141 124 71 146 99 175 68 176 73 201 248 
276 0.24120094554412375 0.05296636605677359 0.9671957501747975 0 0 0 0.19 13 142 28 93 112 63 157 32 175 69 201 249 
277 0.24201651934447324 0.05703286030753617 0.9665841988771602 0 0 0 0.32 13 143 38 47 85 37 91 28 92 61 93 36 112 64 157 33 187 88 194 42 201 250 213 93 214 56 
278 0.23310872848195996 0.06220632606187166 0.9725056673945947 0 0 0 0.35 13 144 38 48 175 70 187 89 201 251 
279 0.20941462828740065 0.06283677918083776 0.9670107807247843 0 0 0 0.29 13 145 28 94 201 252 
280 0.2813387437606649 0.06161919027969312 0.9673832961198998 0 0 0 0.07 13 146 28 95 201 253 
281 0.24316612428970832 0.06510444065120416 0.9674059430336099 0 0 0 0.18 13 147 28 96 93 37 98 27 124 72 146 100 157 34 175 71 187 90 194 43 201 254 213 94 214 57 
282 0.3139800524779398 0.0685696892955876 0.9656299266223395 0 0 0 0.39 13 148 124 73 146 101 158 13 201 255 213 95 
283 0.0362332227915761 0.0843673009901677 0.9731247832311162 0 0 0 0.37 13 149 28 97 146 102 187 91 201 256 214 58 
284 0.2149771487562605 0.08318636382546522 0.9646559647984129 0 0 0 0.29 13 150 124 74 175 72 187 92 201 257 
285 0.22376060420563354 0.08316050632335133 0.9716809501731168 0 0 0 0.43 13 151 158 14 201 258 
286 0.30044084704858287 0.08183678064228234 0.9666555602526717 0 0 0 0.17 13 152 124 75 201 259 
287 0.21723707599682662 0.08461387945121816 0.9650829571137165 0 0 0 0.22 13 153 28 98 124 76 135 21 146 103 175 73 187 93 201 260 
288 0.0979435774118656 0.08695684306634802 0.9685976155819409 0 0 0 0.37 13 154 28 99 201 261 
289 0.07903269828227333 0.09660224440712745 0.9702972785221436 0 0 0 0.44 13 155 176 74 187 94 
290 0.04050164132587416 -0.09041133716100201 0.9998481743452727 0 0 0 0.24 13 156 92 62 201 262 
291 0.034142767711650736 -0.08828187134273102 1.0015685390034645 0 0 0 0.39 13 157 36 9 61 23 110 35 201 263 
292 0.052024925374149815 -0.0880016185889001 0.9997508929301234 0 0 0 0.17 13 158 124 77 201 264 
293 0.07036286822881582 -0.08499607916967787 0.9982683357241376 0 0 0 0.5 13 159 187 95 201 265 213 96 
294 0.0899614281487685 -0.08300013493026505 0.9983187426069386 0 0 0 0.23 13 160 16 56 77 51 110 36 112 65 118 38 124 78 148 34 176 75 187 96 194 44 201 266 
295 0.15846480560284404 -0.08418389375561502 0.9963180554832073 0 0 0 0.14 13 161 28 100 92 63 93 38 109 32 201 267 
296 0.15078956463903517 -0.0816604208794409 0.9964171106639449 0 0 0 0.13 13 162 92 64 201 268 
297 0.19413799340460508 -0.08363692794114523 0.9956404204435615 0 0 0 0.23 13 163 39 26 118 39 172 6 176 76 201 269 
298 0.21073928953018015 -0.08352587732132784 0.9950094869923203 0 0 0 0.25 13 164 28 101 92 65 148 35 176 77 194 45 201 270 
299 0.22764003912237152 -0.08294714160605422 0.9939157447638168 0 0 0 0.03 13 165 92 66 201 271 
300 0.2279266846275572 -0.08308289863973288 0.9942016853568186 0 0 0 0.24 13 166 28 102 39 27 85 38 92 67 112 66 148 36 194 46 201 272 214 59 
301 0.20061151505965055 -0.08030053111498069 0.9930837078997612 0 0 0 0.43 13 167 93 39 187 97 201 273 
302 0.27336521431430055 -0.08264292583522306 0.9924148809785945 0 0 0 0.2 13 168 28 103 112 67 201 274 
303 0.27336521431430055 -0.08264292583522306 0.9924148809785945 0 0 0 0.2 13 169 28 104 112 68 201 275 
304 0.287291378952393 -0.08269653076578881 0.9930934656666206 0 0 0 0.1 13 170 92 68 112 69 201 276 
305 0.29298105562871224 -0.08247782411659592 0.9920326384461716 0 0 0 0.26 13 171 92 69 146 104 176 78 201 277 213 97 
306 0.30507345331847774 -0.08238539147111852 0.9912417448313761 0 0 0 0.25 13 172 201 278 232 20 234 44 
307 0.04975945863611198 -0.02479054803714002 0.9923423380811291 0 0 0 0.2 13 173 110 37 124 79 201 279 
308 0.2390189277642928 0.026302864491636813 0.9790477751917613 0 0 0 0.28 13 174 28 105 98 28 112 70 146 105 157 35 175 74 201 280 
309 0.1461484136062942 0.031467676800972406 0.974001431708102 0 0 0 0.36 13 175 28 106 53 27 176 79 201 281 204 29 231 25 
310 0.157942394940642 0.03917846186145369 0.9803309218397787 0 0 0 0.2 13 176 17 25 28 107 172 7 176 80 201 282 231 26 234 45 
311 0.2433156665179493 0.03838161286312237 0.9705596405952913 0 0 0 0.14 13 177 61 24 146 106 175 75 176 81 201 283 
312 0.15289208925880837 0.04180271572298595 0.9755324099330055 0 0 0 0.14 13 178 175 76 176 82 201 284 
313 0.15641179431669744 0.041789656448851395 0.9762512410007957 0 0 0 0.16 13 179 28 108 201 285 234 46 
314 0.1372300370384629 0.043266793706935466 0.9684977708568686 0 0 0 0.23 13 180 28 109 98 29 112 71 187 98 201 286 
315 0.23702317367947204 0.040599721540252265 0.9784648225818009 0 0 0 0.28 13 181 112 72 146 107 201 287 234 47 
316 0.23593173639236348 0.04066233634181827 0.9769825386675302 0 0 0 0.15 13 182 112 73 201 288 
317 0.29787482478882227 0.04279387159848002 0.9756643265131429 0 0 0 0.48 13 183 112 74 201 289 
318 0.1307603791009251 0.05389095288655527 0.9727769422004334 0 0 0 0.27 13 184 50 38 61 25 146 108 176 83 201 290 
319 0.1831874983142404 0.05418007257259731 0.9703784445245848 0 0 0 0.32 13 185 112 75 146 109 176 84 201 291 
320 0.13299473899886308 0.06684799793690634 0.968905389086663 0 0 0 0.32 13 186 201 292 204 30 223 14 
321 0.32284755054658515 0.06250345729888242 0.9654790140191796 0 0 0 0.33 13 187 124 80 201 293 234 48 
322 0.23903106447871295 0.06836539192452853 0.9680206558910613 0 0 0 0.11 13 188 175 77 201 294 
323 0.27068349225346616 0.07090252363384981 0.9682871875772255 0 0 0 0.37 13 189 93 40 124 81 187 99 201 295 
324 0.04302231652221961 -0.13331709880774742 1.0068391144516726 0 0 0 0.36 13 190 85 39 109 33 214 60 
325 0.07316554483325634 -0.08870573250045208 1.0016394786474616 0 0 0 0.56 13 191 53 28 146 110 201 296 
326 0.14012477959304684 -0.0882140232119026 0.9964486177067121 0 0 0 0.27 13 192 197 28 201 297 
327 0.14896047484555414 -0.08826990118367896 0.9970088544155228 0 0 0 0.24 13 193 197 29 201 298 
328 0.1343001861693511 -0.08241361745344701 0.9963210124897935 0 0 0 0.48 13 194 28 110 39 28 92 70 112 76 124 82 158 15 187 100 197 30 201 299 234 49 
329 0.3490264293340008 -0.085297145792779 0.9909928642888811 0 0 0 0.35 13 195 92 71 176 85 197 31 201 300 
330 0.17323177675867296 0.04862369723299756 0.9674347298175117 0 0 0 0.39 13 196 50 39 98 30 112 77 124 83 152 6 201 301 
331 0.19704567531990513 0.05120795210196401 0.9724564868748857 0 0 0 0.31 13 197 15 20 28 111 50 40 53 29 112 78 152 7 158 16 175 78 187 101 201 302 204 31 234 50 
332 0.23836062445896228 0.052129119013201 0.9692531396438545 0 0 0 0.31 13 198 17 26 146 111 157 36 201 303 
333 0.21626318572319875 0.05882049636283738 0.968195352592091 0 0 0 0.16 13 199 17 27 28 112 118 40 201 304 
334 0.2529215635284311 0.06494994494699385 0.9668381005444485 0 0 0 0.22 13 200 146 112 158 17 201 305 
335 0.31939878870663263 0.08607280484375052 0.9610568710804458 0 0 0 0.31 13 201 50 41 61 26 172 8 201 306 234 51 
336 0.09294478754315802 0.0964711630442921 0.9699439966559757 0 0 0 0.39 13 202 28 113 92 72 110 38 234 52 
337 0.19516381711808742 -0.08734990076215551 0.9965902716391394 0 0 0 0.34 13 203 92 73 93 41 109 34 164 33 194 47 201 307 204 32 
338 0.25798337319069176 -0.08689106111378267 0.9949334101876093 0 0 0 0.18 13 204 53 30 201 308 
339 0.27804927909308236 -0.08641498050732223 0.992999965166539 0 0 0 0.17 13 205 38 49 61 27 92 74 93 42 124 84 146 113 176 86 201 309 
340 0.2896066362442163 -0.08661490572773246 0.9944201986786677 0 0 0 0.42 13 206 44 37 61 28 85 40 92 75 93 43 112 79 146 114 164 34 197 32 201 310 214 61 
341 0.30500053119679216 -0.08662358145376184 0.9934594193548747 0 0 0 0.21 13 207 28 114 53 31 85 41 91 29 92 76 112 80 146 115 164 35 176 87 197 33 201 311 204 33 213 98 234 53 
342 0.30506875318880844 -0.08665915925519194 0.9936738019280433 0 0 0 0.15 13 208 28 115 53 32 77 52 85 42 91 30 92 77 146 116 176 88 187 102 197 34 201 312 213 99 234 54 
343 0.31146849470556837 -0.08636902515953092 0.9935736649559959 0 0 0 0.24 13 209 28 116 187 103 197 35 201 313 234 55 
344 0.1668629113070015 0.03856822068318023 0.979324593002988 0 0 0 0.35 13 210 16 57 118 41 128 14 201 314 204 34 
345 0.09638907587152366 0.044495821651167146 0.9784676810001485 0 0 0 0.2 13 211 16 58 61 29 146 117 158 18 175 79 201 315 204 35 231 27 
346 0.21394153244308903 0.08756853208468339 0.9644507519699487 0 0 0 0.27 13 212 175 80 201 316 232 21 
347 0.21683773604106135 0.09482497733599295 0.9617123686463328 0 0 0 0.41 13 213 118 42 172 9 175 81 201 317 
348 0.049219217712633774 -0.13218405619900905 1.0074342835202328 0 0 0 0.49 13 214 110 39 172 10 201 318 
349 0.2393393718142322 0.03958364856249581 0.9729454042087238 0 0 0 0.36 13 215 17 28 50 42 61 30 128 15 146 118 158 19 175 82 201 319 
350 0.12936036624180702 0.07841589110282192 0.96796708283908 0 0 0 0.44 13 216 28 117 187 104 194 48 231 28 
351 0.20936383627308702 -0.09814196134795927 1.00099166287186 0 0 0 0.36 13 217 92 78 201 320 
352 0.14053797679688917 0.07121028770000656 0.9705389826054417 0 0 0 0.49 13 218 53 33 172 11 201 321 
353 0.27667450757684503 0.07343702306494364 0.9656551940482865 0 0 0 0.22 13 219 53 34 201 322 
354 0.2612435089863731 0.07162760602578697 0.9678230045428279 0 0 0 0.29 13 220 17 29 50 43 61 31 128 16 146 119 201 323 
355 0.4639136842787161 -0.05924110945924935 0.8967803717158594 0 0 0 0.28 17 30 53 35 77 53 118 43 158 20 201 324 232 22 
356 0.4629965325074965 -0.05967974591225855 0.907287108611036 0 0 0 0.09 53 36 201 325 232 23 
357 0.46297191441185814 -0.05957617222089532 0.9072373244660857 0 0 0 0.19 17 31 53 37 118 44 197 36 201 326 232 24 
358 0.18454492450183202 0.009353761771197695 0.9825871487346508 0 0 0 0.34 15 21 28 118 53 38 118 45 146 120 152 8 158 21 172 12 175 83 201 327 213 100 
359 0.26874047502311277 0.06002788264185578 0.9694137800451039 0 0 0 0.19 15 22 118 46 146 121 176 89 197 37 201 328 204 36 232 25 
360 0.23828843512415745 0.06189027811843861 0.9680771219583172 0 0 0 0.21 15 23 92 79 128 17 146 122 176 90 201 329 234 56 
361 0.30157913641081113 0.046613696746822676 0.9727603018786989 0 0 0 0.38 15 24 175 84 176 91 201 330 213 101 234 57 
362 0.19661956503643147 0.05121167968674259 0.9716598684293528 0 0 0 0.31 15 25 50 44 112 81 124 85 152 9 158 22 175 85 201 331 204 37 
363 0.4594757641973258 -0.05457312975976968 0.8974855678515186 0 0 0 0.25 158 23 201 332 234 58 
364 0.43161805755009297 -0.04639209055325405 0.8825391259198888 0 0 0 0.72 15 26 201 333 234 59 
365 0.1840571577080907 0.0647441012397441 0.9681445600062826 0 0 0 0.35 15 27 53 39 201 334 
366 0.17999097224091268 0.010424878159765198 0.980703501105148 0 0 0 0.27 15 28 53 40 61 32 172 13 201 335 
367 0.24913474507440794 0.03329670492099156 0.9729790827037643 0 0 0 0.64 15 29 175 86 201 336 
368 0.07479998348217666 -0.08270284654477165 0.9984702580021467 0 0 0 0.27 16 59 38 50 98 31 124 86 146 123 201 337 213 102 214 62 
369 0.15633009309481136 -0.025438156552669986 0.987868386847442 0 0 0 0.26 16 60 28 119 39 29 109 35 110 40 124 87 157 37 201 338 
370 0.09312883842549835 0.04445708643854034 0.9777662970732909 0 0 0 0.26 16 61 28 120 39 30 112 82 124 88 175 87 187 105 201 339 
371 0.057667697700870824 0.04520813445024635 0.9825205289017334 0 0 0 0.21 16 62 146 124 157 38 201 340 
372 0.05574808088701025 0.04633497410041476 0.9823770864686551 0 0 0 0.05 16 63 28 121 146 125 201 341 213 103 
373 0.20087545661134332 0.04561919961662717 0.9737742237273984 0 0 0 0.16 28 122 112 83 124 89 175 88 187 106 201 342 
374 0.055599647612367686 0.051603961690696955 0.9808872596592527 0 0 0 0.1 16 64 146 126 201 343 213 104 
375 0.12806128033439707 0.05141382677170988 0.9764361878893616 0 0 0 0.14 16 65 201 344 213 105 
376 0.20271622353365684 0.05126016037967873 0.9737107444314163 0 0 0 0.38 28 123 91 31 112 84 201 345 
377 0.17368543396588268 0.05305048809356996 0.967318659566797 0 0 0 0.18 28 124 146 127 175 89 201 346 214 63 
378 0.24330734829438752 0.05398688072512869 0.9662977461636784 0 0 0 0.15 28 125 38 51 146 128 157 39 187 107 194 49 201 347 214 64 
379 0.2373786987972778 0.057486135486837314 0.971338469743951 0 0 0 0.4 112 85 124 90 146 129 176 92 201 348 
380 0.030734771163959618 0.059768100826556356 0.9766538233565522 0 0 0 0.11 16 66 146 130 187 108 194 50 
381 0.0487991262098913 0.060315315331609866 0.9797853293016693 0 0 0 0.22 16 67 146 131 187 109 188 12 201 349 214 65 
382 0.07530942033900467 0.06005855279117469 0.9744555307870536 0 0 0 0.17 16 68 85 43 146 132 176 93 188 13 201 350 
383 0.17229685017466154 0.06091867903871514 0.9687026147384696 0 0 0 0.2 28 126 85 44 91 32 109 36 146 133 176 94 194 51 201 351 213 106 
384 0.21179488240870112 0.06129777650767218 0.9665364590485082 0 0 0 0.26 146 134 164 36 201 352 
385 0.10914817240305778 0.06201419819954712 0.9707599154788797 0 0 0 0.16 16 69 28 127 91 33 146 135 187 110 201 353 
386 0.3386646273496817 0.06381850168285057 0.9636035497603074 0 0 0 0.23 28 128 93 44 201 354 
387 0.03482788139991704 0.07598636010992939 0.9742085900905897 0 0 0 0.1 16 70 28 129 187 111 
388 0.06602803267390574 0.08690001630676106 0.97042776518137 0 0 0 0.23 16 71 28 130 38 52 201 355 
389 0.13143723420075715 0.08670984658009769 0.9671296835176495 0 0 0 0.14 28 131 146 136 187 112 234 60 
390 0.13895039035343082 0.09748112481463474 0.9632619472996463 0 0 0 0.3 28 132 109 37 110 41 201 356 214 66 
391 0.08724509553952048 -0.08781157685781574 0.999700047748634 0 0 0 0.35 16 72 98 32 112 86 201 357 
392 0.13027309206394924 -0.08209117493424571 0.9962293283106193 0 0 0 0.28 16 73 77 54 92 80 110 42 176 95 197 38 201 358 
393 0.045633959813813914 -0.01322778659122257 0.9934582973072895 0 0 0 0.16 16 74 176 96 201 359 
394 0.17097591436738732 0.04397824732708583 0.9702838307028266 0 0 0 0.26 28 133 112 87 146 137 175 90 176 97 187 113 201 360 
395 0.19039928300574221 0.04571354628994307 0.9745035920289362 0 0 0 0.21 112 88 124 91 146 138 164 37 201 361 213 107 214 67 234 61 
396 0.04995361784454223 0.050587531532598526 0.9818872445700333 0 0 0 0.13 16 75 188 14 201 362 
397 0.053845722852511844 0.050777835371999785 0.981752629801261 0 0 0 0.14 16 76 50 45 146 139 201 363 
398 0.03275601080441127 0.051754949363022676 0.9742726690746631 0 0 0 0.32 16 77 28 134 39 31 85 45 98 33 109 38 110 43 112 89 124 92 146 140 157 40 175 91 187 114 213 108 
399 0.035330029694924145 0.05720446208726573 0.9753792294600062 0 0 0 0.2 16 78 17 32 28 135 50 46 53 41 61 33 92 81 118 47 124 93 146 141 157 41 175 92 187 115 188 15 213 109 
400 0.1095638725578623 0.05755986776821708 0.9712819147049262 0 0 0 0.22 16 79 38 53 77 55 146 142 176 98 197 39 201 364 213 110 214 68 234 62 
401 0.27586631253914584 0.08134846967200556 0.9642070493471986 0 0 0 0.32 38 54 85 46 187 116 194 52 201 365 
402 0.28077459223376033 0.08183301628187789 0.9640389599663463 0 0 0 0.36 28 136 91 34 148 37 201 366 213 111 
403 0.3417659625321085 0.08605466332763376 0.9616503274284732 0 0 0 0.18 91 35 146 143 201 367 
404 0.1328890934163302 0.08736070226687215 0.9651419389290056 0 0 0 0.2 28 137 53 42 110 44 128 18 172 14 187 117 197 40 201 368 214 69 232 26 234 63 
405 0.09749304249098449 0.08866529318101889 0.9674403843246278 0 0 0 0.21 16 80 28 138 146 144 187 118 201 369 
406 0.09755061939388517 0.08868478930450557 0.9675876177730777 0 0 0 0.23 16 81 146 145 175 93 201 370 
407 0.328815941428542 0.08861065322355662 0.9656737676126492 0 0 0 0.37 146 146 148 38 194 53 201 371 
408 0.19364310097480905 -0.0765638989782248 0.9945811612847535 0 0 0 0.2 50 47 61 34 112 90 146 147 157 42 172 15 201 372 204 38 234 64 
409 0.3768902811184016 0.0001904574616087003 0.9788899828825065 0 0 0 0.38 44 38 92 82 176 99 201 373 
410 0.06562013930779356 0.0434855201374409 0.9756181920058964 0 0 0 0.23 16 82 28 139 50 48 61 35 92 83 98 34 112 91 118 48 128 19 146 148 175 94 176 100 187 119 201 374 204 39 231 29 
411 0.06039266258882614 0.057820500772612055 0.976919459171704 0 0 0 0.19 16 83 118 49 201 375 
412 0.24539656907080556 -0.08645616792028274 0.9933784128572688 0 0 0 0.41 50 49 91 36 93 45 112 92 124 94 158 24 201 376 204 40 
413 0.09920479129891654 0.03764176881533978 0.9761758157435266 0 0 0 0.23 16 84 118 50 146 149 176 101 201 377 204 41 
414 0.06409065407437042 0.03832211823932558 0.978835640780316 0 0 0 0.35 16 85 50 50 61 36 98 35 128 20 146 150 152 10 175 95 201 378 
415 0.05596898339276941 0.05393401980060172 0.9802218966994988 0 0 0 0.27 16 86 118 51 146 151 188 16 201 379 204 42 
416 0.20180239734401387 0.05836941646747472 0.9687388585222885 0 0 0 0.26 146 152 201 380 204 43 213 112 
417 0.46602150568013384 -0.0648816045548574 0.8860978250348108 0 0 0 0.27 17 33 61 37 77 56 91 37 165 4 235 6 
418 0.46649836726158544 -0.05171090229286307 0.8805308446412925 0 0 0 0.93 17 34 201 381 
419 0.16705713761786686 0.05433219976765256 0.9708209315176392 0 0 0 0.18 17 35 146 153 175 96 176 102 201 382 
420 0.10351376518883056 0.04833095927428161 0.9716859922708128 0 0 0 0.36 17 36 28 140 50 51 92 84 112 93 124 95 135 22 146 154 152 11 157 43 176 103 201 383 204 44 213 113 231 30 232 27 
421 0.46637599472074653 -0.07104738252610739 0.8887798608227453 0 0 0 0.23 17 37 53 43 61 38 91 38 118 52 165 5 197 41 232 28 234 65 235 7 
422 0.23163530293303122 0.011418183289461932 0.983373870358073 0 0 0 0.45 17 38 53 44 201 384 234 66 
423 0.17479392058884113 0.050961838917580236 0.9662102592472029 0 0 0 0.33 17 39 28 141 44 39 53 45 61 39 92 85 118 53 128 21 152 12 176 104 187 120 201 385 213 114 
424 0.23779497333931218 0.05873641294807407 0.9708827954982447 0 0 0 0.17 17 40 146 155 201 386 
425 0.29557520841102736 -0.0801635094060801 0.9921021609496038 0 0 0 0.21 85 47 91 39 92 86 112 94 146 156 148 39 197 42 201 387 204 45 235 8 
426 0.09693023940796898 -0.014714945325702973 0.9894268349734319 0 0 0 0.22 61 40 124 96 158 25 175 97 176 105 201 388 231 31 
427 0.305314224062662 0.05917890057473225 0.9649167954412653 0 0 0 0.2 28 142 118 54 197 43 201 389 
428 0.09387287135685407 0.04889438286875324 0.9737354791029188 0 0 0 0.49 53 46 112 95 152 13 158 26 201 390 
429 0.0808559031984743 -0.13211048825996272 1.0027117432151096 0 0 0 0.21 28 143 124 97 201 391 
430 0.12048763970087702 -0.11144475296054043 0.997993277333696 0 0 0 0.28 28 144 39 32 124 98 146 157 201 392 
431 0.03882065393449953 -0.09262731028839741 1.0012891514486628 0 0 0 0.58 28 145 109 39 201 393 
432 0.08410606030735614 -0.08788660694260775 0.9999309305806569 0 0 0 0.29 28 146 92 87 112 96 124 99 146 158 187 121 201 394 
433 0.10841452938435425 -0.08057637392068061 0.9966718523584001 0 0 0 0.12 28 147 39 33 201 395 
434 0.031262000149827454 -0.00830520550294851 0.989330419893267 0 0 0 0.21 28 148 112 97 187 122 201 396 
435 0.03342140223909608 -0.008666176377278768 0.9899800860696127 0 0 0 0.35 28 149 109 40 112 98 175 98 176 106 187 123 201 397 214 70 231 32 
436 0.036986113658858906 -0.008889698981380303 0.990069234769574 0 0 0 0.2 28 150 187 124 201 398 
437 0.06411701790357252 -0.005406067336290418 0.9876622964043384 0 0 0 0.18 28 151 124 100 175 99 187 125 201 399 
438 0.1039951294796906 -0.007627965859298331 0.9861713023476125 0 0 0 0.26 28 152 175 100 176 107 201 400 231 33 
439 0.3075556598698177 0.022145889927006415 0.9753299554710081 0 0 0 0.2 28 153 187 126 201 401 
440 0.30569400054205736 0.024142014113571055 0.975422879461928 0 0 0 0.3 28 154 93 46 187 127 201 402 
441 0.1687919727143192 0.032058263263757485 0.980272609969696 0 0 0 0.23 28 155 187 128 201 403 
442 0.034944227076706864 0.04299484064457171 0.9739988935964071 0 0 0 0.18 28 156 112 99 175 101 201 404 
443 0.04820856177992002 0.041717824454048646 0.9832809477439626 0 0 0 0.1 28 157 175 102 187 129 201 405 
444 0.0593878329572111 0.0417817668919216 0.9818244962839244 0 0 0 0.13 28 158 98 36 112 100 146 159 175 103 187 130 201 406 
445 0.059368253992949246 0.04178137441292935 0.9817746842905607 0 0 0 0.14 28 159 112 101 146 160 175 104 187 131 201 407 
446 0.06807293641926145 0.0434245677638807 0.9740391831644454 0 0 0 0.19 28 160 187 132 201 408 
447 0.1704827998792423 0.042281883866037165 0.9689857258787873 0 0 0 0.05 28 161 112 102 201 409 
448 0.17168828688300894 0.04381690186732796 0.967465348940317 0 0 0 0.26 28 162 112 103 201 410 
449 0.20582021195586578 0.04296594942194791 0.96876873449499 0 0 0 0.18 28 163 175 105 201 411 
450 0.034916927685071916 0.05027077408837665 0.9747776514831644 0 0 0 0.2 28 164 39 34 124 101 175 106 201 412 
451 0.06238942024323113 0.05343455262243467 0.9725476941101029 0 0 0 0.24 28 165 112 104 187 133 201 413 
452 0.03036102962309253 0.054597501260559164 0.9730578900671499 0 0 0 0.23 28 166 112 105 187 134 201 414 
453 0.06734812071747658 0.05347844490753062 0.9719937319292979 0 0 0 0.15 28 167 112 106 201 415 
454 0.06968627755579887 0.053586817720713255 0.9717053662713657 0 0 0 0.25 28 168 112 107 187 135 201 416 
455 0.13642757466054808 0.05189504579103678 0.9696619012856725 0 0 0 0.28 28 169 124 102 187 136 201 417 
456 0.20964979039629592 0.05256822608554753 0.9668593930660774 0 0 0 0.23 28 170 93 47 146 161 201 418 214 71 
457 0.16575940684749013 0.0560850545265108 0.9674173512963784 0 0 0 0.24 28 171 187 137 201 419 
458 0.03555504707799135 0.061566005598249825 0.9754441202679291 0 0 0 0.12 28 172 124 103 146 162 175 107 
459 0.06307395404290134 0.06166731287875072 0.9737794570254873 0 0 0 0.07 28 173 175 108 187 138 201 420 
460 0.06490084967919908 0.061690626621882495 0.9731592724053135 0 0 0 0.27 28 174 187 139 201 421 
461 0.060843554541263306 0.06218637247174822 0.9742744338122273 0 0 0 0.21 28 175 187 140 201 422 
462 0.10190461942141595 0.06206514819727905 0.9711577131269188 0 0 0 0.16 28 176 187 141 201 423 214 72 
463 0.06197953453497848 0.06330411038422183 0.9738684449001417 0 0 0 0.3 28 177 175 109 187 142 234 67 
464 0.07215163991776803 0.06322390131036301 0.971524175332024 0 0 0 0.18 28 178 187 143 201 424 
465 0.1363940252925956 0.06267543259164798 0.9694274655484807 0 0 0 0.25 28 179 91 40 187 144 201 425 
466 0.10733822321850366 0.06373481934257898 0.971188897271599 0 0 0 0.18 28 180 91 41 109 41 201 426 214 73 
467 0.13496620266562945 0.06398604583739714 0.9689857630138907 0 0 0 0.23 28 181 109 42 187 145 201 427 
468 0.10529804621401974 0.06508761781381463 0.9707177044532387 0 0 0 0.08 28 182 187 146 201 428 
469 0.27538350134721595 0.061722955322987244 0.9670490865314412 0 0 0 0.34 28 183 38 55 91 42 110 45 146 163 201 429 
470 0.30805580875127114 0.06181281596982895 0.9658931186854843 0 0 0 0.16 28 184 91 43 201 430 
471 0.03522102410210156 0.06841594406438146 0.9755991775127645 0 0 0 0.09 28 185 124 104 175 110 187 147 
472 0.24548871995028987 0.0635000624916392 0.96724471694571 0 0 0 0.16 28 186 93 48 187 148 201 431 
473 0.3133008292035494 0.062013952492603205 0.9655503157495728 0 0 0 0.15 28 187 85 48 194 54 201 432 
474 0.10573943066558325 0.06768187728001458 0.9712096293550172 0 0 0 0.2 28 188 109 43 187 149 201 433 
475 0.062183198944313706 0.06943811293791564 0.9734038879071009 0 0 0 0.16 28 189 187 150 201 434 
476 0.207109410752063 0.06736753056488068 0.9685496768725044 0 0 0 0.3 28 190 187 151 201 435 
477 0.244223913655963 0.06653538735430739 0.9669000594191401 0 0 0 0.1 28 191 187 152 201 436 
478 0.244223913655963 0.06653538735430739 0.9669000594191401 0 0 0 0.1 28 192 187 153 201 437 
479 0.06640608230455643 0.07115729369632258 0.9730605029642501 0 0 0 0.15 28 193 187 154 201 438 
480 0.10558372283509455 0.07454790508122791 0.9699649733559911 0 0 0 0.11 28 194 201 439 213 115 214 74 
481 0.06639452327357154 0.0753704860362996 0.9726012027519233 0 0 0 0.04 28 195 187 155 201 440 
482 0.2732373030370891 0.0751127376300414 0.9650468533965078 0 0 0 0.26 28 196 187 156 201 441 
483 0.057623710440712246 0.08127077732556978 0.9756105940120557 0 0 0 0.16 28 197 187 157 201 442 213 116 
484 0.09330160042776524 0.08161783990282193 0.9711850101660628 0 0 0 0.22 28 198 187 158 231 34 
485 0.21253282160563264 0.08051716260172564 0.9657294473014091 0 0 0 0.11 28 199 187 159 201 443 
486 0.16704252476842046 0.08339902960971961 0.9707200912833854 0 0 0 0.04 28 200 187 160 201 444 
487 0.13964266195604882 0.08518282319743954 0.9655026728837681 0 0 0 0.17 28 201 109 44 194 55 
488 0.03470840999999818 0.0869120358195434 0.9721982818204826 0 0 0 0.06 28 202 175 111 187 161 
489 0.13964387000916706 0.08814387362921969 0.9650666532133739 0 0 0 0.15 28 203 187 162 201 445 214 75 
490 0.0660489460212418 0.09045422805427784 0.9697912215194495 0 0 0 0.2 28 204 187 163 201 446 
491 0.13918568741592305 0.09154122046068222 0.9641304721763961 0 0 0 0.09 28 205 187 164 201 447 
492 0.10666036481830053 0.09184554885864517 0.9669939713899174 0 0 0 0.1 28 206 187 165 201 448 
493 0.20711420191300714 0.09198464845393022 0.9645400290949195 0 0 0 0.16 28 207 187 166 201 449 
494 0.2798367715573575 0.09193578144948784 0.9619536161510897 0 0 0 0.18 28 208 146 164 201 450 213 117 
495 0.14549251496383847 0.09277645382169422 0.9630822152198587 0 0 0 0.26 28 209 201 451 214 76 
496 0.13757640935692608 0.09398149378148696 0.9637491213735624 0 0 0 0.25 28 210 109 45 187 167 201 452 
497 0.21260202615989618 0.09402225683172019 0.9634155456651581 0 0 0 0.32 28 211 93 49 124 105 187 168 201 453 
498 0.13275791461872916 0.09498615732206428 0.9641352189582978 0 0 0 0.05 28 212 187 169 201 454 
499 0.14494041858610238 0.09503593929799133 0.9621217442923078 0 0 0 0.11 28 213 124 106 175 112 187 170 
500 0.2021632676471376 -0.15027983209982135 1.0027494207394192 0 0 0 0.48 28 214 39 35 146 165 201 455 234 68 
501 0.13748667691268057 -0.08469377835837923 0.995767171377716 0 0 0 0.19 28 215 112 108 187 171 197 44 201 456 
502 0.27101359413236514 -0.08007080043501213 0.9923719462750915 0 0 0 0.24 28 216 91 44 201 457 
503 0.27073480830460384 -0.07999643739792114 0.9920569652965512 0 0 0 0.26 28 217 61 41 201 458 
504 0.30861612316921466 -0.07969263334390425 0.9903716397777461 0 0 0 0.51 28 218 112 109 118 55 201 459 232 29 
505 0.11352106995741024 -0.018277913308693904 0.9881889840939861 0 0 0 0.28 28 219 175 113 201 460 
506 0.18466610917106546 0.022919529152110502 0.981196891869115 0 0 0 0.26 28 220 124 107 172 16 175 114 201 461 234 69 
507 0.09798029165432894 0.034613343139101256 0.9758458956133584 0 0 0 0.27 28 221 39 36 201 462 
508 0.06792618794778191 0.03791620868482487 0.976210522882962 0 0 0 0.09 28 222 98 37 112 110 146 166 175 115 187 172 201 463 234 70 
509 0.1335574270287072 0.03570249566296095 0.9737382744613746 0 0 0 0.16 28 223 112 111 124 108 201 464 
510 0.07594792795423225 0.04006813762555994 0.9772288462862005 0 0 0 0.31 28 224 112 112 146 167 187 173 201 465 
511 0.09656302342294089 0.040005984510491796 0.975728272927025 0 0 0 0.25 28 225 175 116 187 174 201 466 
512 0.04819085128584863 0.04637251279648489 0.9829466241447411 0 0 0 0.16 28 226 175 117 187 175 201 467 
513 0.1632935062141179 0.04198420123122671 0.9766368611362922 0 0 0 0.27 28 227 39 37 175 118 201 468 234 71 
514 0.053799717633116306 0.04838356820925779 0.9822318675906485 0 0 0 0.22 28 228 50 52 146 168 201 469 
515 0.035371921124835906 0.051843683732964434 0.9744630633844872 0 0 0 0.04 28 229 109 46 175 119 187 176 
516 0.17229126107896856 0.05222412294584043 0.9692937031576984 0 0 0 0.1 28 230 91 45 112 113 146 169 201 470 
517 0.037025846626833364 0.06006176383306213 0.9761419273996147 0 0 0 0.3 28 231 38 56 146 170 175 120 187 177 188 17 201 471 214 77 
518 0.16252027746814363 0.058636801516728995 0.9717754732602489 0 0 0 0.16 28 232 201 472 234 72 
519 0.12900820861285942 0.06134871183227994 0.9728337354635325 0 0 0 0.25 28 233 187 178 201 473 
520 0.1755625219866655 0.06089241130531562 0.9679942513610776 0 0 0 0.2 28 234 91 46 109 47 201 474 
521 0.1601376406066982 0.06150337145008302 0.9724007575664082 0 0 0 0.07 28 235 109 48 201 475 234 73 
522 0.10392669174221345 0.06360879388423071 0.9707757274262783 0 0 0 0.33 28 236 146 171 187 179 201 476 
523 0.20650247325381293 0.06122239418103919 0.9687726830188454 0 0 0 0.22 28 237 38 57 176 108 197 45 201 477 213 118 234 74 
524 0.1381023142325275 0.06417097322790971 0.9689333463816537 0 0 0 0.15 28 238 91 47 109 49 187 180 201 478 214 78 
525 0.337392492710546 0.062194443256977 0.9645005233052371 0 0 0 0.14 28 239 146 172 187 181 201 479 
526 0.3337630411613345 0.06254966393935883 0.9692944917651364 0 0 0 0.15 28 240 91 48 187 182 201 480 
527 0.36297644282368413 0.06324935670022976 0.9671930569556598 0 0 0 0.23 28 241 201 481 234 75 
528 0.035170071715549575 0.07233364864316302 0.975178608851246 0 0 0 0.09 28 242 124 109 175 121 187 183 
529 0.14008706021786702 0.0722397715169819 0.9677716216062846 0 0 0 0.15 28 243 38 58 85 49 109 50 110 46 194 56 201 482 
530 0.0973950265766741 0.08038210146400909 0.968725825125974 0 0 0 0.07 28 244 187 184 201 483 
531 0.09248439364599702 0.08157937200606899 0.9727038327469906 0 0 0 0.12 28 245 175 122 201 484 
532 0.30306638094533017 0.08185028354507953 0.9697775349716852 0 0 0 0.1 28 246 124 110 201 485 
533 0.06125891448502732 0.08713288988151738 0.9723697264951802 0 0 0 0.18 28 247 187 185 201 486 
534 0.06565794797938074 0.09256044922126125 0.9694309694914568 0 0 0 0.3 28 248 38 59 201 487 214 79 
535 0.03285373800929647 0.09307717653497173 0.9717296385354319 0 0 0 0.15 28 249 146 173 187 186 
536 0.03448011753102967 0.0947447084991856 0.9712563124701258 0 0 0 0.15 28 250 187 187 214 80 
537 0.22797283081079028 0.09508329257786576 0.96645605973209 0 0 0 0.34 28 251 146 174 201 488 
538 0.09729655059530411 0.09611268806831173 0.9660775752613519 0 0 0 0.11 28 252 175 123 187 188 201 489 
539 0.11831476643144809 0.040965277173044504 0.9775249032810163 0 0 0 0.22 28 253 112 114 157 44 175 124 201 490 234 76 
540 0.12617222264993236 0.04110420392914601 0.9773990238922158 0 0 0 0.29 28 254 112 115 157 45 175 125 201 491 
541 0.20247399324264861 0.039899909098541686 0.9790916983352935 0 0 0 0.36 28 255 112 116 146 175 175 126 201 492 
542 0.05844236990545716 0.05383156338504992 0.9741480269690298 0 0 0 0.22 28 256 124 111 157 46 175 127 187 189 201 493 
543 0.0879155207360385 0.05581607729003975 0.9757661506827222 0 0 0 0.25 28 257 38 60 92 88 201 494 213 119 214 81 231 35 234 77 
544 0.0985906737094869 0.05746117514041466 0.971907143986531 0 0 0 0.48 28 258 197 46 201 495 
545 0.1274590192488448 0.057953027766920316 0.973268615242369 0 0 0 0.14 28 259 176 109 201 496 
546 0.12474734586468755 0.06106517234141008 0.9736501871531423 0 0 0 0.3 28 260 187 190 201 497 234 78 
547 0.16526150585762633 0.0611528828960299 0.9733207439650418 0 0 0 0.3 28 261 146 176 201 498 234 79 
548 0.36703953945531326 0.06606778070830108 0.9680672698743593 0 0 0 0.49 28 262 53 47 158 27 201 499 234 80 
549 0.03422773140805096 0.0831100484719373 0.9728618942954927 0 0 0 0.16 28 263 110 47 231 36 
550 0.0734797089688352 0.08421110153836855 0.970845744997657 0 0 0 0.39 28 264 38 61 110 48 201 500 214 82 
551 0.09554775686703226 0.08574874817842171 0.9686096495344472 0 0 0 0.3 28 265 164 38 187 191 231 37 
552 0.07107434098187015 0.08641854746721916 0.9699466253568427 0 0 0 0.29 28 266 38 62 77 57 110 49 146 177 148 40 188 18 201 501 213 120 214 83 223 15 
553 0.23131197067298162 0.08559868363946689 0.9693483259578778 0 0 0 0.34 28 267 38 63 148 41 194 57 201 502 213 121 234 81 
554 0.33563156380718623 0.0889712496732529 0.9617085899989515 0 0 0 0.13 28 268 165 6 201 503 235 9 
555 0.2763949589439557 0.09087599968306663 0.9621056156284739 0 0 0 0.17 28 269 118 56 128 22 201 504 234 82 
556 0.2764891891600085 0.09086484759528894 0.962261178458706 0 0 0 0.19 28 270 118 57 128 23 187 192 201 505 234 83 
557 0.23261058080251165 0.09616881682547529 0.9587358245970649 0 0 0 0.09 28 271 187 193 234 84 
558 0.07557238156181299 -0.011234961317856253 0.9897210794602053 0 0 0 0.19 28 272 187 194 201 506 
559 0.1483454341315457 -0.017510577689912654 0.9876158776821812 0 0 0 0.54 28 273 36 10 53 48 124 112 146 178 157 47 187 195 197 47 201 507 
560 0.17709485751734336 0.028248008706663993 0.9778051451551223 0 0 0 0.28 28 274 201 508 204 46 
561 0.13908825903209424 0.0408094611340186 0.9692340471552994 0 0 0 0.33 28 275 50 53 98 38 112 117 146 179 152 14 176 110 201 509 204 47 
562 0.13912920501971218 0.04084491927283157 0.9692325321141945 0 0 0 0.22 28 276 98 39 112 118 146 180 176 111 187 196 201 510 234 85 
563 0.18157022698592679 0.0582678911379131 0.9687081138650565 0 0 0 0.32 28 277 176 112 187 197 201 511 232 30 234 86 
564 0.20422019552927442 0.05859494303056571 0.9695996286857684 0 0 0 0.16 28 278 201 512 213 122 234 87 
565 0.14348569829972066 -0.17367674691899768 1.0110247061532531 0 0 0 0.35 28 279 124 113 187 198 201 513 
566 0.19855070946088152 -0.006729625280438831 0.9873149293067752 0 0 0 0.25 28 280 112 119 201 514 
567 0.2144351328034445 0.04942703343627274 0.9718505301781514 0 0 0 0.49 28 281 77 58 112 120 175 128 201 515 234 88 
568 0.21402446636600303 0.08381686236633369 0.9647116846743442 0 0 0 0.71 28 282 175 129 201 516 214 84 
569 0.3390962471111528 0.09135689432144939 0.9602801189116457 0 0 0 0.27 28 283 50 54 61 42 187 199 201 517 
570 0.3481367134582547 0.09200740799838668 0.9592584582557374 0 0 0 0.12 28 284 158 28 201 518 
571 0.12630721391516306 0.09576156953211151 0.9682044636262833 0 0 0 0.06 28 285 92 89 172 17 
572 0.16748040580996837 0.045660365612683176 0.9798098216990473 0 0 0 0.59 28 286 112 121 201 519 
573 0.20199172155337108 0.058209490454198085 0.9691265480185628 0 0 0 0.26 28 287 146 181 201 520 
574 0.07861342116796284 0.07808682993469102 0.9709766901790503 0 0 0 0.64 28 288 187 200 201 521 
575 0.3431777523221096 0.0739136725788003 0.9644346613404053 0 0 0 0.28 28 289 50 55 118 58 201 522 
576 0.20858295223118356 0.07218136256906448 0.9671064863840533 0 0 0 0.76 28 290 98 40 118 59 124 114 187 201 201 523 232 31 234 89 
577 0.2098886703317659 0.07228678980610109 0.9685273845216739 0 0 0 0.49 50 56 98 41 231 38 
578 0.09572448222414559 -0.01874383386448253 0.9907661931769879 0 0 0 0.2 36 11 109 51 112 122 157 48 175 130 201 524 231 39 
579 0.12074165955063591 -0.11478782127864683 0.9977849672084319 0 0 0 0.27 36 12 124 115 187 202 201 525 
580 0.12077645351098898 -0.1148266121042819 0.9978306606325427 0 0 0 0.24 36 13 112 123 124 116 187 203 201 526 
581 0.12659982437599168 -0.11031434570679087 0.9965916437402413 0 0 0 0.16 36 14 124 117 201 527 
582 0.12671264588417935 -0.11036800309128962 0.9967423966074922 0 0 0 0.22 36 15 124 118 157 49 201 528 
583 0.12158678031619556 -0.10181479375544247 1.000562075137239 0 0 0 0.09 36 16 77 59 201 529 232 32 
584 0.031082735144002834 -0.09882516258230573 1.0043161566885563 0 0 0 0.28 36 17 124 119 201 530 
585 0.08231367093476044 -0.09370053326063443 1.0038977912438194 0 0 0 0.4 36 18 92 90 124 120 201 531 
586 0.1635055528013172 -0.07701517070976767 0.9959432079860095 0 0 0 0.5 36 19 91 49 109 52 118 60 148 42 201 532 
587 0.16914449804113346 0.06481727773637297 0.968307262841077 0 0 0 0.2 36 20 128 24 146 182 201 533 213 123 
588 0.34419301996666957 0.08921929577569888 0.9603680910680628 0 0 0 0.39 146 183 187 204 201 534 
589 0.09479306121289593 -0.13338391898106366 0.998522079124315 0 0 0 0.19 36 21 77 60 85 50 176 113 201 535 
590 0.12492935381258374 -0.10539673463155402 1.0002584051305783 0 0 0 0.31 36 22 39 38 110 50 146 184 176 114 201 536 214 85 
591 0.11593666609458912 -0.014347239058050503 0.9901306775318325 0 0 0 0.48 36 23 172 18 175 131 201 537 204 48 
592 0.2035413268121162 -0.1428802296906669 1.0048183068324685 0 0 0 0.45 38 64 157 50 201 538 
593 0.20928640922593345 0.03740823744645372 0.9706004339089128 0 0 0 0.28 38 65 112 124 135 23 146 185 175 132 187 205 201 539 234 90 
594 0.12060430136836779 0.04571525436703058 0.9782878697360955 0 0 0 0.29 38 66 201 540 231 40 
595 0.1908276850206365 0.051385602928693826 0.9737002008798041 0 0 0 0.11 38 67 124 121 201 541 
596 0.2644754504350024 0.05944787612504515 0.9701283859494465 0 0 0 0.52 38 68 91 50 110 51 201 542 213 124 
597 0.06776888661650651 0.059947694806419594 0.9742097761508312 0 0 0 0.15 38 69 110 52 201 543 214 86 234 91 
598 0.2120931018977148 0.07767249039850684 0.9659014214339982 0 0 0 0.15 38 70 201 544 214 87 
599 0.11977392789647504 -0.10711887729089824 1.0010026157680603 0 0 0 0.41 38 71 44 40 77 61 85 51 93 50 124 122 146 186 164 39 176 115 194 58 201 545 204 49 
600 0.06862492571200088 0.09325621792769924 0.9685868884336711 0 0 0 0.11 38 72 223 16 234 92 
601 0.08252723503383967 -0.1350827874721222 1.0007325574007693 0 0 0 0.5 39 39 187 206 201 546 
602 0.08252723503383967 -0.1350827874721222 1.0007325574007693 0 0 0 0.5 39 40 187 207 201 547 
603 0.1781228159453824 -0.12208076843321186 1.0006498010955862 0 0 0 0.33 39 41 112 125 201 548 
604 0.13568773821226 -0.1066357169423452 0.9931309736026692 0 0 0 0.28 39 42 109 53 201 549 
605 0.13601265606225738 -0.1049605832238864 0.9934777431117087 0 0 0 0.27 39 43 112 126 201 550 
606 0.07501960606491313 -0.09957444473449108 1.0011398676786234 0 0 0 0.33 39 44 124 123 201 551 
607 0.1597667716794864 -0.08037432422532449 0.9958674128964833 0 0 0 0.16 39 45 112 127 201 552 
608 0.1896868827257502 -0.07786062712836977 0.9954367863696953 0 0 0 0.1 39 46 112 128 201 553 
609 0.26439073913323946 -0.07723703065182545 0.9935870766300055 0 0 0 0.28 39 47 112 129 201 554 
610 0.12089038285636082 -0.02123851373394792 0.9882736625027715 0 0 0 0.36 39 48 175 133 201 555 231 41 
611 0.10498117375565438 -0.019128822596388432 0.987350635021158 0 0 0 0.33 39 49 112 130 201 556 
612 0.0975234115057442 -0.01831147447070603 0.9901212389317977 0 0 0 0.23 39 50 112 131 201 557 
613 0.09754158735073823 -0.018420059112323344 0.9902070302417351 0 0 0 0.37 39 51 201 558 214 88 
614 0.07839398054921991 -0.01689226098223249 0.9906095967800004 0 0 0 0.18 39 52 112 132 201 559 
615 0.06317890356327181 -0.015433042376480638 0.990925301279644 0 0 0 0.09 39 53 112 133 201 560 
616 0.09734181077864462 -0.01684738424421795 0.9900166962888204 0 0 0 0.05 39 54 112 134 201 561 
617 0.09863789121466673 0.0002103687840947628 0.9868523214104578 0 0 0 0.31 39 55 124 124 201 562 
618 0.03313811566097011 0.03393083217478061 0.9786696520936319 0 0 0 0.23 39 56 112 135 201 563 
619 0.132496678448585 0.03386217347595998 0.9794221123400844 0 0 0 0.21 39 57 112 136 201 564 
620 0.08733693765372247 0.04741377340113219 0.9776113297062557 0 0 0 0.13 39 58 112 137 201 565 
621 0.03200216454093336 0.05317385522041122 0.977237569878003 0 0 0 0.48 39 59 187 208 201 566 
622 0.033972006896778484 0.05328614515726186 0.9744653949921811 0 0 0 0.21 39 60 112 138 201 567 
623 0.20009632586469156 -0.13215341366981692 1.0005784328314 0 0 0 0.55 39 61 112 139 201 568 
624 0.12113277868315141 -0.11385442762955227 0.9991302348111898 0 0 0 0.52 39 62 112 140 124 125 187 209 201 569 
625 0.12515961883042565 -0.10904504339609605 0.9954314530773181 0 0 0 0.26 39 63 124 126 201 570 
626 0.039990323381413874 -0.09817372715842397 1.0038931571310594 0 0 0 0.33 39 64 124 127 201 571 
627 0.1914000668463056 -0.10735194600155039 1.0008560302785148 0 0 0 0.5 39 65 146 187 201 572 
628 0.07501480980582753 -0.08080304546696582 0.9983816374403309 0 0 0 0.1 39 66 109 54 112 141 175 134 201 573 
629 0.1566912465445191 -0.01679381793304972 0.983962325265207 0 0 0 0.18 39 67 124 128 201 574 
630 0.19474963476024054 -0.01859608513997751 0.9885685750269119 0 0 0 0.1 39 68 112 142 201 575 
631 0.23802593495512123 -0.005884987381256618 0.9887133112245755 0 0 0 0.53 39 69 146 188 175 135 201 576 
632 0.10182726739881212 0.02593851228582266 0.9786868016544509 0 0 0 0.11 39 70 187 210 201 577 
633 0.07738609651695653 0.041646758385643086 0.9769949471908584 0 0 0 0.51 39 71 187 211 201 578 
634 0.09425862393497075 0.047177220127524816 0.9769347489922852 0 0 0 0.2 39 72 112 143 175 136 201 579 
635 0.09430916094605787 0.047169735377384614 0.9770173856456194 0 0 0 0.2 39 73 112 144 124 129 175 137 201 580 
636 0.038343754896827384 0.05456524691906058 0.9736951002590818 0 0 0 0.27 39 74 112 145 187 212 201 581 
637 0.06906092462929629 -0.09481845895113251 1.000710270335177 0 0 0 0.22 39 75 110 53 201 582 
638 0.10418399323726349 -0.08226257317966333 0.9967106204921389 0 0 0 0.29 39 76 146 189 148 43 201 583 
639 0.11209162946466822 -0.0819095776643542 0.9960182895849743 0 0 0 0.24 39 77 93 51 146 190 201 584 
640 0.1596413390665602 -0.019933117437307434 0.9845258702143835 0 0 0 0.17 39 78 98 42 201 585 
641 0.03798858969391814 0.04626601880164232 0.975767201096741 0 0 0 0.44 39 79 112 146 124 130 175 138 201 586 
642 0.13510124381512761 -0.016597854821171123 0.9863333071913517 0 0 0 0.23 39 80 124 131 146 191 201 587 231 42 
643 0.05966877858183751 -0.01307523725403644 0.9928686434000968 0 0 0 0.18 39 81 124 132 201 588 231 43 
644 0.07344153902531768 0.04385138433868153 0.9760064699426041 0 0 0 0.34 39 82 61 43 146 192 175 139 176 116 201 589 204 50 
645 0.04564446044944327 0.050746807387693244 0.9806342648027007 0 0 0 0.39 39 83 175 140 187 213 201 590 
646 0.19529931008322426 -0.12654084416021555 1.0016754047196441 0 0 0 0.36 39 84 53 49 124 133 201 591 
647 0.2042010047156964 -0.06818637723590716 0.9986452223485042 0 0 0 0.44 39 85 124 134 201 592 
648 0.13607226757932803 -0.10880041544982275 0.9936886761882439 0 0 0 0.21 39 86 124 135 201 593 
649 0.1411304514819731 -0.18011366181770358 1.008860441438716 0 0 0 0.23 39 87 124 136 201 594 
650 0.14076530346219296 -0.17976983841758531 1.008092614911398 0 0 0 0.21 39 88 112 147 201 595 
651 0.3751691274868021 -0.07855478155060033 0.9915477915733081 0 0 0 0.21 44 41 146 193 201 596 
652 0.09004199893906079 -0.13037200190956913 1.0022128434491078 0 0 0 0.16 44 42 146 194 201 597 
653 0.3076259945149784 0.04560227544992609 0.9677236792105459 0 0 0 0.35 44 43 50 57 146 195 175 141 201 598 
654 0.3099142074303323 0.04886893161022106 0.965401293251453 0 0 0 0.27 44 44 176 117 201 599 
655 0.0986598346887006 0.04672250339629557 0.9755319651998378 0 0 0 0.17 44 45 61 44 201 600 
656 0.31101636799646115 0.041647104017201717 0.9687781531240328 0 0 0 0.39 44 46 50 58 61 45 92 91 175 142 201 601 204 51 
657 0.09664186062316292 0.038344945863291985 0.9821523808364045 0 0 0 0.15 50 59 61 46 124 137 146 196 176 118 201 602 
658 0.05764607273621814 0.04837716121558515 0.9819781230235634 0 0 0 0.16 50 60 146 197 201 603 213 125 
659 0.3882431238533321 0.005877456115719063 0.9832141604225453 0 0 0 0.27 50 61 176 119 201 604 204 52 234 93 
660 0.16931079911277117 0.045304525849338285 0.9721814723129781 0 0 0 0.3 50 62 61 47 135 24 146 198 152 15 176 120 197 48 201 605 204 53 231 44 
661 0.37884764731577025 0.06213910576682024 0.9692153294190845 0 0 0 0.36 50 63 128 25 201 606 234 94 
662 0.3778135485596317 0.09432129347447558 0.9639608848988652 0 0 0 0.42 50 64 61 48 201 607 
663 0.05119935931127816 0.026117456124595474 0.9855075654137988 0 0 0 0.22 50 65 128 26 201 608 
664 0.2407913910980472 0.03234006034088447 0.9740817754446768 0 0 0 0.2 50 66 61 49 201 609 
665 0.06445041240784195 0.04653860490789161 0.9810867646781756 0 0 0 0.27 50 67 61 50 201 610 
666 0.3346786203434802 0.02469199687555105 0.9773168241564882 0 0 0 0.15 50 68 128 27 201 611 234 95 
667 0.18949430543182508 0.037737110329282855 0.9783728671667438 0 0 0 0.47 50 69 124 138 175 143 201 612 231 45 
668 0.24662945074253023 0.0527433876015241 0.9678999334068363 0 0 0 0.33 50 70 61 51 124 139 146 199 157 51 201 613 
669 0.22070847505820496 0.06636809128396996 0.9681127501416144 0 0 0 0.14 50 71 146 200 201 614 
670 0.470965884336629 -0.048915776433803376 0.8739160896236028 0 0 0 0.25 53 50 77 62 118 61 165 7 197 49 201 615 235 10 
671 0.4586824271502093 -0.028314845327670365 0.9049763195710759 0 0 0 0.23 53 51 77 63 85 52 91 51 118 62 165 8 197 50 201 616 232 33 234 96 235 11 
672 0.18520725702742452 -0.013176899323845245 0.9861787366464448 0 0 0 0.29 53 52 124 140 201 617 
673 0.23661512239298124 0.023899407397795135 0.9816067567389428 0 0 0 0.19 53 53 61 52 93 52 158 29 201 618 
674 0.36771169577989604 0.08206556096550421 0.9665802241689592 0 0 0 0.19 53 54 164 40 165 9 201 619 234 97 
675 0.20922845036871926 0.038937841919693496 0.9694481713719237 0 0 0 0.43 53 55 92 92 124 141 135 25 158 30 175 144 201 620 232 34 
676 0.1695951343048734 0.06649506719899326 0.9682291151397994 0 0 0 0.14 53 56 201 621 232 35 
677 0.1809103483177934 -0.11437359646244036 1.0029071908795308 0 0 0 0.51 53 57 92 93 135 26 158 31 201 622 
678 0.19540998246637406 -0.11588933606840499 1.0010586461780835 0 0 0 0.07 53 58 128 28 197 51 201 623 
679 0.3105176392141561 0.0727145795286706 0.9656928291698051 0 0 0 0.11 53 59 197 52 201 624 
680 0.19276423396749043 -0.028292277705201194 0.9885225277813082 0 0 0 0.19 61 53 146 201 175 145 201 625 
681 0.09698078985680246 0.034773855360435244 0.9830540273374708 0 0 0 0.15 61 54 124 142 176 121 201 626 204 54 
682 0.0939690966470383 0.03658958258780798 0.9810143633855277 0 0 0 0.14 61 55 201 627 213 126 
683 0.4970141436932948 0.05383904183478361 1.0278719767124498 0 0 0 0.62 61 56 92 94 201 628 
684 0.19617129034656255 0.03717216690562735 0.9812522187549743 0 0 0 0.16 61 57 157 52 201 629 
685 0.2045398067391514 0.03945885176347155 0.9723156908626129 0 0 0 0.21 61 58 146 202 152 16 157 53 201 630 204 55 
686 0.46079500067280443 -0.05647950269850946 0.9072017045621379 0 0 0 0.23 77 64 201 631 234 98 
687 0.4612307757502477 -0.05661570835095686 0.9075627449327663 0 0 0 0.26 77 65 165 10 201 632 234 99 235 12 
688 0.4661105987772286 -0.0034933182307341267 0.8682862673771248 0 0 0 0.32 77 66 91 52 165 11 201 633 235 13 
689 0.12167268768497883 0.05825192685746583 0.972922243234299 0 0 0 0.34 77 67 201 634 234 100 
690 0.4657269064701108 -0.04065845897418335 0.8800731931545371 0 0 0 0.23 77 68 201 635 234 101 
691 0.2987373102317888 0.04309415564703504 0.9730988982451698 0 0 0 0.25 77 69 146 203 201 636 
692 0.46640992528540876 -0.0847474814649981 0.8923842188284057 0 0 0 0.54 77 70 201 637 232 36 234 102 
693 0.4602661229563584 0.04249933873934212 0.8918522565254327 0 0 0 0.41 77 71 118 63 201 638 
694 0.458756443915507 0.04557391013317692 0.8963802058298294 0 0 0 0.58 77 72 197 53 201 639 
695 0.4595537763569938 0.037114834496460414 0.8910750711441617 0 0 0 0.1 77 73 201 640 234 103 
696 0.46857548905849483 -0.09221073399678112 0.8925560633391296 0 0 0 0.25 77 74 118 64 165 12 201 641 232 37 235 14 
697 0.46046932280429337 -0.03580250688850687 0.8939128024570552 0 0 0 0.44 77 75 201 642 234 104 
698 0.371053003307284 -0.11787778491307535 0.9975665197311615 0 0 0 0.34 93 53 124 143 146 204 201 643 
699 0.45688397081250837 -0.07152461107496959 0.8941177709792495 0 0 0 0.52 158 32 201 644 234 105 
700 0.16932194094483172 0.06079823381977346 0.9688251742934529 0 0 0 0.16 85 53 91 53 98 43 146 205 201 645 213 127 214 89 
701 0.09151757382957271 0.05783299147669048 0.9756955492265498 0 0 0 0.17 85 54 194 59 234 106 
702 0.17556970658191168 0.06090076597232547 0.9681548025627066 0 0 0 0.12 91 54 109 55 201 646 
703 0.306184717790175 0.06327441906877374 0.9652809310713917 0 0 0 0.16 91 55 146 206 201 647 
704 0.34728978878132105 0.06247550467637032 0.9641555645582943 0 0 0 0.18 91 56 146 207 148 44 164 41 165 13 176 122 201 648 213 128 235 15 
705 0.24987485975873805 0.08783996120795225 0.9633462851431439 0 0 0 0.14 91 57 175 146 201 649 
706 0.3392986502259412 -0.07904000234135032 0.9886470972325838 0 0 0 0.22 91 58 92 95 124 144 201 650 
707 0.2824306749479898 0.05917282359781853 0.9664398921604191 0 0 0 0.09 91 59 201 651 234 107 
708 0.33191801888851874 0.060341252506605596 0.9702982405260978 0 0 0 0.25 91 60 176 123 201 652 
709 0.2383390123204496 -0.08026162568335438 0.9930145131550465 0 0 0 0.31 91 61 112 148 118 65 157 54 172 19 187 214 201 653 
710 0.4704651608369173 -0.09079246625931667 0.8882942117431539 0 0 0 0.33 91 62 128 29 165 14 197 54 234 108 
711 0.10306649285973185 -0.0851701182890336 0.9970149503874078 0 0 0 0.15 92 96 109 56 201 654 
712 0.22091495009467751 -0.08009262297648155 0.9918403487143065 0 0 0 0.24 92 97 93 54 201 655 
713 0.06938973536948394 -0.005920497680291809 0.9872752550864304 0 0 0 0.37 92 98 124 145 201 656 231 46 
714 0.13896982366719013 -0.005082603588484128 0.9839868612765711 0 0 0 0.29 92 99 187 215 201 657 231 47 
715 0.13089407124804023 -0.0846521254644101 0.996215339601212 0 0 0 0.39 92 100 112 149 146 208 148 45 187 216 197 55 201 658 
716 0.2533794093247157 0.03613560159335349 0.9722315916367488 0 0 0 0.18 92 101 124 146 175 147 201 659 
717 0.15799752221454635 -0.08650492622379045 0.9930497222390826 0 0 0 0.69 92 102 124 147 201 660 
718 0.23368351467946766 -0.07851235243779077 0.9918039137548292 0 0 0 0.21 92 103 187 217 201 661 
719 0.08025529748644471 -0.08559203403607163 0.9998134944686538 0 0 0 0.31 93 55 124 148 201 662 
720 0.15759208544300626 -0.020196811057684606 0.9867163707851684 0 0 0 0.17 93 56 112 150 175 148 201 663 
721 0.25082338360494877 0.0368465382302402 0.9718152486806229 0 0 0 0.2 93 57 112 151 175 149 201 664 
722 0.23963743450604583 0.055493057176085936 0.968435348900774 0 0 0 0.41 93 58 112 152 201 665 
723 0.31194027838209293 0.06645796354193532 0.9650397293809064 0 0 0 0.18 93 59 124 149 201 666 
724 0.26611020747259445 0.08784204193831131 0.9648499332217226 0 0 0 0.23 93 60 124 150 201 667 
725 0.2669546757304853 0.09366195195876009 0.9653627097822218 0 0 0 0.14 93 61 175 150 201 668 
726 0.27419295581708153 -0.11604889238710099 0.9993948614336531 0 0 0 0.28 93 62 124 151 201 669 
727 0.3370645814871887 0.03887641668559428 0.9734412142316826 0 0 0 0.31 93 63 146 209 201 670 
728 0.33757805902021987 0.05428359641760861 0.9660437351435026 0 0 0 0.14 93 64 146 210 201 671 
729 0.2706880004941028 0.08454862367813705 0.9687248301271401 0 0 0 0.34 93 65 124 152 146 211 175 151 201 672 
730 0.17344169831699732 -0.013584943947014509 0.9843808009085988 0 0 0 0.43 93 66 135 27 201 673 
731 0.3655751329843512 -0.08478844842591664 0.9923585771964213 0 0 0 0.54 93 67 197 56 201 674 
732 0.06354634905811386 -0.046357632932856066 0.9962899962057569 0 0 0 0.33 98 44 124 153 201 675 231 48 
733 0.12313765851442296 -0.017680163669319984 0.9851746849749894 0 0 0 0.27 98 45 124 154 146 212 201 676 231 49 
734 0.06227238751720963 0.02401904549183534 0.9841783011389027 0 0 0 0.23 98 46 112 153 201 677 
735 0.34688185348677425 0.07013417984510363 0.9623508028953475 0 0 0 0.16 98 47 201 678 234 109 
736 0.06819200252581138 -0.008095316722823934 0.9884155339215326 0 0 0 0.07 109 57 187 218 201 679 
737 0.10329387490919834 0.039171916210971255 0.9734074441028576 0 0 0 0.06 109 58 176 124 231 50 
738 0.1735943317424683 0.05303891583307053 0.9673644729135797 0 0 0 0.19 109 59 146 213 175 152 
739 0.13955540527302226 0.05433805195698504 0.9678483779809102 0 0 0 0.12 109 60 112 154 187 219 201 680 
740 0.10648268533467656 0.05239318870743358 0.9711984468053442 0 0 0 0.3 109 61 124 155 175 153 
741 0.10579402518943905 0.05403569877148661 0.9705235770961306 0 0 0 0.1 109 62 112 155 187 220 201 681 
742 0.1394561949933346 0.06576434815569682 0.9687458791293981 0 0 0 0.17 109 63 187 221 201 682 
743 0.12664384917131755 -0.023777141514532186 0.9878790781917562 0 0 0 0.2 109 64 124 156 201 683 214 90 
744 0.13946327438814138 0.09241601078147314 0.9642361448849313 0 0 0 0.23 109 65 110 54 148 46 187 222 194 60 201 684 213 129 214 91 223 17 234 110 
745 0.14217917385857048 0.06959044452019192 0.968012338617749 0 0 0 0.22 110 55 194 61 201 685 
746 0.07451349572778264 -0.1266673863753797 1.006701136799567 0 0 0 0.47 110 56 201 686 204 56 
747 0.17803273652698484 0.04260677453070545 0.968632808235652 0 0 0 0.06 112 156 175 154 201 687 
748 0.13312400980719397 0.05427379177451464 0.9676633954959114 0 0 0 0.05 112 157 187 223 201 688 
749 0.13806962005046752 0.05540574524768889 0.9678403375985977 0 0 0 0.11 112 158 187 224 201 689 
750 0.3204194259039207 -0.08070841288468576 0.9915558964562505 0 0 0 0.2 112 159 194 62 201 690 
751 0.06920165391212474 -0.06188320716347805 0.9962148988883044 0 0 0 0.26 112 160 187 225 201 691 
752 0.1910606794597497 -0.018656879680782296 0.9881083418151775 0 0 0 0.2 112 161 175 155 201 692 
753 0.20327986698432723 -0.01861688470402113 0.9866560749073838 0 0 0 0.24 112 162 124 157 201 693 
754 0.0350312763705446 -0.00923526313898578 0.9892576275634223 0 0 0 0.46 112 163 187 226 201 694 
755 0.19224713640048668 -0.0018757116862583205 0.9849378923834591 0 0 0 0.16 112 164 175 156 201 695 
756 0.029699151800791707 0.03394667496480311 0.9789404913831673 0 0 0 0.44 112 165 175 157 187 227 201 696 
757 0.07307168984547886 0.034286580702235746 0.9778547525722359 0 0 0 0.18 112 166 175 158 187 228 201 697 
758 0.02925840025629637 0.03502585286766048 0.9794433635905331 0 0 0 0.25 112 167 187 229 201 698 
759 0.10063318643796947 0.03532290161180891 0.9766810930423095 0 0 0 0.27 112 168 175 159 187 230 201 699 
760 0.1375148555652508 0.035144986761422886 0.9729727357622884 0 0 0 0.08 112 169 175 160 201 700 
761 0.10361837263846951 0.036386464040853085 0.9771657360294997 0 0 0 0.21 112 170 187 231 201 701 
762 0.132132003206734 0.03697340532189841 0.9740606467165251 0 0 0 0.18 112 171 175 161 201 702 
763 0.22065966631889616 0.042320067704382174 0.9744745877268767 0 0 0 0.21 112 172 124 158 201 703 
764 0.05545461666183013 0.04369531300357793 0.982130372470319 0 0 0 0.14 112 173 187 232 201 704 
765 0.06679491920459106 0.04570357849264709 0.9728790864692103 0 0 0 0.2 112 174 175 162 201 705 
766 0.16636538518524244 0.048557957389280745 0.9762565743524503 0 0 0 0.14 112 175 175 163 201 706 
767 0.2871531609385353 0.05149639220911741 0.9732199374992705 0 0 0 0.31 112 176 124 159 201 707 
768 0.06423270301496734 0.053429277572623 0.9718889994703778 0 0 0 0.19 112 177 187 233 201 708 
769 0.20221971010606976 0.05372764106717348 0.9668273580818778 0 0 0 0.4 112 178 175 164 201 709 
770 0.24143762692871293 0.05545936671509329 0.9669465487481625 0 0 0 0.29 112 179 187 234 201 710 
771 0.1273169324261788 -0.09991665816002711 1.00149178133785 0 0 0 0.43 112 180 187 235 201 711 
772 0.0956525470129691 -0.018739180931700485 0.9906407798975413 0 0 0 0.22 112 181 175 165 201 712 231 51 
773 0.06432030589229504 -0.01415271252825056 0.9895756921239597 0 0 0 0.22 112 182 187 236 201 713 
774 0.1721318398563338 -0.010795631462101623 0.9857115247956841 0 0 0 0.41 112 183 124 160 201 714 
775 0.13357371541862242 0.028143074869455997 0.9766401000804198 0 0 0 0.17 112 184 175 166 187 237 201 715 
776 0.13261468649987962 0.036191640839801656 0.9782358247870777 0 0 0 0.26 112 185 175 167 201 716 
777 0.28603877254305315 0.0360640178981791 0.9715473022771022 0 0 0 0.3 112 186 146 214 175 168 201 717 
778 0.27034377933572307 0.03704349342023669 0.9708098135156474 0 0 0 0.19 112 187 175 169 201 718 
779 0.209779762510251 0.043118940706532646 0.967589068213957 0 0 0 0.26 112 188 175 170 176 125 201 719 
780 0.2144773524029106 0.04552967692319332 0.9692294382376543 0 0 0 0.38 112 189 175 171 201 720 
781 0.17623697679966113 0.05324305230293502 0.9671967980289041 0 0 0 0.22 112 190 146 215 201 721 
782 0.20711395200835991 0.05636986717370998 0.967185994677888 0 0 0 0.14 112 191 201 722 213 130 
783 0.1345759917493378 -0.02294577755845837 0.988881686232831 0 0 0 0.41 112 192 146 216 201 723 
784 0.17017723068355836 -0.013262996289365978 0.9861171367243469 0 0 0 0.09 112 193 157 55 201 724 
785 0.18487033754927823 0.004463352364061987 0.9841504132218554 0 0 0 0.27 112 194 118 66 157 56 201 725 234 111 
786 0.13832979435359258 0.036503918743217685 0.9718980297171085 0 0 0 0.16 112 195 135 28 175 172 201 726 231 52 
787 0.20297671813961998 0.03632887581802488 0.9794781260550335 0 0 0 0.22 112 196 146 217 201 727 
788 0.2433449047460432 0.038398851125518114 0.9705525054911741 0 0 0 0.15 112 197 146 218 175 173 176 126 201 728 
789 0.2538401076235601 0.04616937666728288 0.9698103849058203 0 0 0 0.52 112 198 175 174 201 729 204 57 
790 0.22140754008078778 0.038961364906973106 0.9735513833866257 0 0 0 0.27 112 199 124 161 175 175 201 730 234 112 
791 0.1334326366169159 0.04759870498713624 0.9721304871006314 0 0 0 0.25 112 200 152 17 176 127 231 53 
792 0.16021373386732377 -0.006780884529116956 0.9868489064985427 0 0 0 0.48 112 201 197 57 201 731 234 113 
793 0.13264446638033914 -0.01779936365809263 0.9869119781165167 0 0 0 0.27 118 67 146 219 176 128 201 732 204 58 223 18 
794 0.47003081302598515 -0.03448025522351074 0.8730277145850212 0 0 0 0.17 118 68 201 733 232 38 
795 0.09452750704201607 -7.286151136006338e-05 0.9879879750214331 0 0 0 0.13 118 69 201 734 232 39 
796 0.12346780330179816 0.038381532431852446 0.9835690399775654 0 0 0 0.3 118 70 157 57 175 176 201 735 
797 0.062336381875188356 0.041160129920685025 0.9755680788889542 0 0 0 0.24 118 71 152 18 197 58 201 736 
798 0.1483097689447708 0.05819311239756853 0.96965706718219 0 0 0 0.38 118 72 152 19 176 129 201 737 232 40 234 114 
799 0.46849595705350877 -0.09216815718179065 0.8925223824441565 0 0 0 0.23 118 73 165 15 201 738 232 41 235 16 
800 0.17357659226563574 -0.11941764286832261 1.0030070906854918 0 0 0 0.2 124 162 175 177 201 739 
801 0.04271868167033154 -0.09303837978489116 1.0030096175243632 0 0 0 0.42 124 163 176 130 201 740 
802 0.13268267523397445 0.03051307915877351 0.9762600725712232 0 0 0 0.25 124 164 175 178 201 741 
803 0.2774513805410613 0.03825151230698618 0.9630202443351681 0 0 0 0.24 124 165 175 179 201 742 
804 0.18635401743043392 0.04540777599382579 0.9724604834862367 0 0 0 0.14 124 166 157 58 176 131 
805 0.20431316280647457 0.051131685387323746 0.9700021678092311 0 0 0 0.18 124 167 187 238 201 743 
806 0.10314651305962179 0.05219882155103548 0.9730026848497781 0 0 0 0.23 124 168 175 180 201 744 
807 0.19888581572977376 0.05395427936737656 0.9728952418364185 0 0 0 0.29 124 169 157 59 175 181 201 745 
808 0.16985832482337274 0.06236885661307108 0.9675713056228301 0 0 0 0.08 124 170 175 182 187 239 201 746 
809 0.13332091472109836 -0.0024894821498973514 0.984004332432084 0 0 0 0.22 124 171 201 747 231 54 
810 0.13126132671956553 0.05106915554209945 0.9761423278594393 0 0 0 0.19 124 172 175 183 201 748 
811 0.1014780721572329 -0.08019828717033312 0.9961251934595331 0 0 0 0.3 124 173 201 749 204 59 
812 0.25973452372419115 0.042909123585343614 0.9740884011423834 0 0 0 0.14 124 174 157 60 175 184 201 750 
813 0.2575474517017112 0.059720502365382774 0.965758018221634 0 0 0 0.32 124 175 146 220 201 751 234 115 
814 0.14600971625711026 -0.11082280888521401 0.998895361563778 0 0 0 0.62 124 176 175 185 201 752 
815 0.18157837984712372 0.023983704606222088 0.981466139872826 0 0 0 0.23 124 177 175 186 201 753 
816 0.32132610158488756 0.06534507299342238 0.9664964743149318 0 0 0 0.45 124 178 158 33 201 754 
817 0.20043434390387263 0.03789664913085514 0.9783724317704009 0 0 0 0.24 124 179 146 221 157 61 172 20 201 755 232 42 
818 0.3045919708522729 0.03876871694278491 0.9749100405000016 0 0 0 0.22 146 222 176 132 201 756 
819 0.11544340880963129 -0.01665909711771252 0.9878987565065748 0 0 0 0.15 146 223 187 240 201 757 231 55 
820 0.10449029038306212 0.040631727861686416 0.9726491627360745 0 0 0 0.27 146 224 201 758 231 56 
821 0.14347454167370016 0.04181236403885083 0.9715032081421457 0 0 0 0.38 146 225 176 133 201 759 213 131 
822 0.1314859693739889 0.0458775626182914 0.9769378064548864 0 0 0 0.11 146 226 176 134 201 760 
823 0.05189841242614252 0.04648705475666175 0.9825880622899702 0 0 0 0.05 146 227 201 761 213 132 
824 0.1685629824757585 0.05327171395119487 0.9689271870989398 0 0 0 0.21 146 228 157 62 201 762 
825 0.09357299506998498 0.05600510007949905 0.9751232430287873 0 0 0 0.18 146 229 201 763 234 116 
826 0.15338510582918755 0.08187029135196747 0.9674553809279366 0 0 0 0.16 146 230 201 764 213 133 
827 0.04344990877348517 0.08264620789551586 0.9773615923053928 0 0 0 0.15 146 231 175 187 201 765 
828 0.21241779333658592 0.0980592002052744 0.9614234124030354 0 0 0 0.43 146 232 164 42 201 766 
829 0.06120765838858358 0.042224195776564846 0.9813067393964191 0 0 0 0.3 146 233 175 188 201 767 
830 0.04999238102595723 0.04247439885191404 0.982910932900397 0 0 0 0.19 146 234 175 189 176 135 188 19 201 768 
831 0.04999238102582497 0.042474398851919254 0.9829109329000323 0 0 0 0.19 146 235 175 190 176 136 188 20 201 769 
832 0.3448599573702563 0.043718017318524725 0.967684818273253 0 0 0 0.14 146 236 176 137 197 59 201 770 
833 0.060682668463334345 -0.07426010285952245 0.9991792027785774 0 0 0 0.21 146 237 176 138 201 771 
834 0.3212383890403063 0.025470840334102584 0.9770466790523135 0 0 0 0.31 146 238 176 139 201 772 
835 0.03375929417894104 0.09038909463743851 0.971207374274021 0 0 0 0.15 148 47 201 773 213 134 
836 0.13445699497079192 0.03828126611036988 0.9750893308878024 0 0 0 0.32 152 20 158 34 175 191 201 774 
837 0.11496390100739093 -0.020902480151473946 0.9889554935817012 0 0 0 0.47 157 63 175 192 201 775 
838 0.06444599967073356 0.03288151530253757 0.9786692481199774 0 0 0 0.19 157 64 201 776 213 135 231 57 
839 0.07446539893928664 -0.013853719002587306 0.9874877109036054 0 0 0 0.29 158 35 201 777 204 60 231 58 
840 0.21524899879651885 0.03177499621972403 0.9742227884741319 0 0 0 0.15 158 36 175 193 201 778 
841 0.4683197454699709 -0.0010235930044359832 1.0231737619278958 0 0 0 0.42 158 37 201 779 234 117 
842 0.45494305682158814 0.002870744815317937 1.0170104085711142 0 0 0 0.57 158 38 201 780 234 118 
843 0.14144275200895273 0.05077062551123834 0.9688292381575898 0 0 0 0.28 158 39 187 241 201 781 
844 0.09416252497422133 0.08445625468902283 0.9703766206818376 0 0 0 0.45 164 43 172 21 204 61 213 136 
845 0.14537176303969665 -0.1917089558066662 1.0166576187744794 0 0 0 0.56 172 22 197 60 201 782 
846 0.4346793094973746 -0.015059128063721443 0.8685005832659257 0 0 0 1.0 172 23 201 783 234 119 
847 0.11221389959800529 -0.014197141232365857 0.9876354364046103 0 0 0 0.27 175 194 201 784 223 19 
848 0.1243264992205361 -0.01622326113346762 0.9868110380807631 0 0 0 0.43 175 195 187 242 201 785 
849 0.06250415141249305 0.027970400245826806 0.9845771842723208 0 0 0 0.23 175 196 187 243 201 786 
850 0.10309835552904584 0.034320098171612086 0.9750219374775967 0 0 0 0.26 175 197 187 244 201 787 
851 0.1381788108398223 0.045734540301298664 0.9673935263247834 0 0 0 0.2 175 198 187 245 201 788 
852 0.1381788108398223 0.045734540301298664 0.9673935263247834 0 0 0 0.2 175 199 187 246 201 789 
853 0.15926858750707049 0.04844661429982102 0.9752902557751479 0 0 0 0.13 175 200 187 247 201 790 
854 0.20344027881991497 0.047884448301055406 0.9749452004472395 0 0 0 0.24 175 201 187 248 201 791 
855 0.21245106678005327 0.09205497536134714 0.9641689203811086 0 0 0 0.37 175 202 187 249 201 792 
856 0.08192172331972025 -0.028071169224962684 0.9915785713346135 0 0 0 0.18 175 203 201 793 234 120 
857 0.04630919456293112 0.04149630532747575 0.9835928635805256 0 0 0 0.12 175 204 187 250 201 794 
858 0.048274445210307874 0.04631943511728848 0.9831582788597064 0 0 0 0.17 175 205 176 140 187 251 
859 0.09419273212024916 0.03869159111252147 0.9768258959364792 0 0 0 0.3 175 206 201 795 231 59 
860 0.12053208279153836 0.0436135582067157 0.9782521931460801 0 0 0 0.26 176 141 201 796 223 20 
861 0.3210816450845845 0.060139556835815684 0.9662750176319544 0 0 0 0.13 176 142 201 797 234 121 
862 0.05216129283497605 0.002546519640834991 0.9907644735261688 0 0 0 0.31 176 143 201 798 204 62 
863 0.3440826460438976 0.05284936211847222 0.9623862804357746 0 0 0 0.38 176 144 201 799 204 63 
864 0.19930059035477984 0.06162796088699828 0.9728741275670625 0 0 0 0.33 187 252 201 800 213 137 
865 0.459049370349366 -0.01269068771707225 0.9008485510905966 0 0 0 0.34 197 61 201 801 234 122 
866 0.09737484822756666 -0.0019960956154562123 0.9880720891560486 0 0 0 0.12 197 62 201 802 204 64 
867 0.33560783960478696 0.04653633205169792 0.9722119357061815 0 0 0 0.32 201 803 204 65 232 43 
868 0.05828707191400205 0.00798152183579624 0.9947125808079863 0 0 0 0.19 201 804 204 66 231 60 
