# Image list with two lines of data per image:
#   IMAGE_ID, QW, QX, QY, QZ, TX, TY, TZ, CAMERA_ID, NAME
#   POINTS2D[] as (X, Y, POINT3D_ID)
# Number of images: 236, mean observations per image: 12.602
0 0.9999776682777145 0.00572883835876648 -0.0014986703110710662 0.00309864011740718 0.0041172696326970066 0.012840964626269479 -0.012281866615727574 0 image_000000.jpg
 214.231 190.148 0 212.153 193.024 1 262.784 194.582 2 283.290 194.382 3 289.780 195.499 4 183.298 198.420 5 484.716 199.391 6 375.477 203.312 7 194.157 210.608 8 501.145 215.130 9 501.145 215.130 10 568.725 217.496 11 564.931 224.568 12 173.024 225.304 13 542.302 230.259 14 451.958 230.447 15 373.079 233.429 16 211.495 234.273 17 404.661 236.756 18 571.231 244.014 19 480.401 244.431 20 477.779 246.490 21 431.788 250.559 22 462.721 254.912 23 578.745 255.849 24 578.745 255.849 25 501.386 260.411 26 590.789 261.371 27 468.240 263.454 28 561.057 263.311 29 587.949 265.664 30 528.159 271.266 31 613.009 328.250 32 478.725 335.068 33 523.474 336.198 34 537.517 341.098 35 514.853 343.571 36 514.853 343.571 37 460.118 185.856 38 165.022 188.581 39 198.849 190.383 40 291.886 198.226 41 199.702 199.519 42 273.163 200.051 43 217.886 200.951 44 196.476 202.163 45 539.967 220.187 46 449.654 223.775 47 149.470 224.006 48 592.088 226.142 49 525.162 227.296 50 584.477 230.044 51 561.268 231.679 52 146.490 233.960 53 156.378 241.174 54 577.823 244.272 55 577.823 244.272 56 478.838 250.765 57 424.459 251.794 58 421.321 254.652 59 482.657 256.400 60 524.372 265.442 61 537.375 272.121 62 515.997 300.568 63 451.098 331.984 64 440.768 337.757 65 444.721 337.787 66 448.104 339.906 67 369.381 195.660 68 463.751 196.786 69 239.113 209.143 70 248.080 209.691 71 389.846 210.621 72 534.706 220.224 73 352.323 223.698 74 452.661 226.441 75 424.588 229.697 76 371.344 230.195 77 159.854 235.348 78 559.433 236.897 79 603.331 241.197 80 395.088 245.091 81 468.647 251.782 82 407.838 253.016 83 480.894 262.488 84 458.688 293.060 85 489.763 302.606 86 534.093 305.443 87 508.602 333.802 88 160.802 184.778 89 209.454 187.987 90 279.397 192.632 91 177.640 205.239 92 218.474 207.756 93 189.598 211.341 94 206.356 212.429 95 485.737 220.741 96 165.701 230.789 97 255.061 235.624 98 228.580 239.080 99 138.520 242.150 100 138.520 242.150 101 473.165 243.426 102 533.339 246.358 103 143.405 248.011 104 490.486 253.465 105 594.467 351.076 106 261.012 196.856 107 573.474 220.527 108 502.894 230.938 109 565.060 237.115 110 482.767 243.144 111 482.767 243.144 112 377.384 206.741 113 211.229 207.757 114 211.229 207.757 115 173.459 217.667 116 512.228 230.362 117 521.056 244.471 118 561.506 247.311 119 593.566 259.121 120 489.549 298.077 121 199.845 185.563 122 198.789 204.707 123 198.789 204.707 124 415.977 203.866 125 166.592 227.955 126 470.537 231.397 127 501.473 243.513 128 502.053 254.805 129 511.819 263.973 130 431.417 268.812 131 574.015 268.841 132 454.902 271.505 133 478.110 273.256 134 500.607 274.256 135 543.682 277.386 136 466.313 277.667 137 466.313 277.667 138 511.684 301.063 139 532.936 302.233 140 532.936 302.233 141 511.852 314.073 142 511.852 314.073 143 532.031 314.693 144 532.031 314.693 145 553.610 331.096 146 553.610 331.096 147 400.783 216.287 148 489.807 262.351 149 522.975 293.808 150 475.039 217.336 151
64 0.9942601338271008 -0.04651641849516019 0.09548965855678228 -0.01283440999671549 -0.07612286917727258 0.04947479475043257 0.12119594383125551 64 image_000064.jpg
 350.616 317.216 0 339.978 325.537 42 545.185 427.009 64 313.765 351.411 97 292.581 361.870 101 588.996 337.859 109 348.221 330.909 115 597.553 368.847 130 526.967 375.305 131 562.958 324.305 151 343.005 317.488 173 593.254 346.089 223 408.186 319.796 255 573.128 338.378 267 596.840 321.904 276 467.526 337.482 394 572.451 336.404 452
71 0.9576631006790874 -0.0025503672080837182 0.2863863426478419 -0.02928749131935228 -0.2734961167941392 0.025901427325537997 0.276020805691707 71 image_000071.jpg
 473.587 251.386 0 628.193 241.842 7 438.838 291.404 13 664.611 274.375 18 754.420 271.687 20 905.138 279.850 30 815.733 377.316 34 646.091 247.505 72 606.195 267.722 74 627.401 271.707 77 757.372 292.977 84 433.362 297.494 97 747.064 271.721 102 825.608 264.482 103 414.901 316.898 104 870.724 248.502 110 758.654 269.333 111 471.504 269.726 114 471.504 269.726 115 437.930 284.455 116 797.430 249.625 117 784.472 280.132 129 828.578 332.963 141 706.469 237.479 154 545.729 248.538 171 465.814 252.449 173 777.241 229.360 181 841.007 250.018 182 611.777 269.684 189 615.681 261.980 196 843.966 263.864 199 857.584 273.403 200 634.139 239.616 208 710.986 238.652 209 722.931 242.763 212 610.516 251.027 213 653.958 268.293 219 619.295 266.021 241 878.315 269.715 245 867.493 417.328 254 460.744 269.590 259 761.359 253.971 267 699.750 232.897 282 594.995 237.154 287 448.854 255.969 288 674.135 247.790 290 549.817 245.224 307 602.154 256.165 310 667.280 267.606 311 462.932 289.898 313 944.870 267.881 317 700.619 211.189 325 487.680 281.055 334 812.609 279.401 336 636.292 247.205 349 668.779 287.942 362 750.429 282.010 363 911.535 270.798 371 442.928 291.131 377 701.099 235.952 393 783.586 266.727 402 784.472 280.132 403 780.735 259.551 455 503.852 297.297 456
97 0.9904952013102911 -0.037055456028922386 0.12928696872691145 -0.028827755983841918 -0.021052476592382255 0.04060478813424423 0.26842872277286856 97 image_000097.jpg
 389.094 334.145 1 546.263 329.688 7 373.042 352.656 8 577.335 360.933 18 657.379 361.807 20 655.749 364.500 21 640.281 374.520 23 377.050 332.734 40 463.688 332.034 41 377.473 341.360 42 624.926 343.220 47 334.878 369.246 48 629.315 465.907 67 561.974 335.496 72 523.388 353.291 74 627.698 345.508 75 672.347 423.054 86 357.940 349.164 92 369.470 353.786 94 663.939 336.701 96 329.702 392.471 104 669.714 370.340 105 377.138 347.448 124 350.044 371.272 126 682.057 371.049 129 646.009 398.434 138 626.765 362.205 152 710.964 329.682 167 459.307 332.124 172 674.915 325.093 181 549.427 339.083 187 355.734 355.085 192 322.443 392.816 194 532.773 347.690 196 743.239 367.059 200 638.601 300.826 206 623.114 346.297 216 669.027 364.489 229 568.621 333.609 237 733.528 366.814 246 459.307 332.124 255 335.505 356.427 293 629.677 461.775 303 638.936 306.334 304 467.973 328.342 307 619.713 361.350 314 759.403 501.490 327 581.561 315.910 333 647.433 419.141 339 659.599 409.560 346 635.121 348.466 359 661.801 364.189 361 801.372 361.905 378 674.930 345.907 381 693.327 370.153 401 680.459 358.783 402 772.670 331.792 413 339.499 372.510 414 615.056 374.465 417 324.881 380.730 422 381.602 375.676 430 388.741 354.071 431 623.114 346.297 453 427.559 363.813 457 562.989 344.466 462 708.457 325.393 463
11 0.9930637544966668 0.007319779491829397 0.11704814281583172 -0.008397712839876021 -0.10679768313325386 0.02079743066275791 0.2071189706705431 11 image_000011.jpg
 129.408 117.906 1 416.585 119.362 7 661.253 125.280 10 65.048 179.685 13 745.705 149.494 14 473.676 178.720 18 806.052 173.074 19 618.989 184.977 20 585.369 206.867 23 841.544 214.295 30 708.606 359.516 34 52.478 113.782 39 107.197 114.618 40 267.760 118.504 41 109.086 130.513 42 234.430 124.566 43 744.890 128.186 46 559.129 148.769 47 855.650 133.560 49 22.437 196.901 53 616.627 197.028 57 511.548 204.660 58 564.792 355.541 64 545.448 367.037 65 552.319 366.980 66 191.609 144.878 71 444.312 131.002 72 377.371 158.744 74 565.943 153.360 75 874.378 163.799 80 480.038 208.719 83 621.741 219.770 84 640.109 296.236 86 124.876 107.954 90 245.140 108.666 91 140.663 144.082 93 630.158 137.521 96 54.033 189.550 97 203.462 190.195 98 606.449 183.791 102 726.995 181.703 103 17.792 222.793 104 640.940 200.593 105 212.678 119.120 107 792.981 161.436 110 625.067 181.875 111 128.162 144.748 114 128.162 144.748 115 65.198 167.020 116 684.978 153.671 117 108.302 106.324 122 106.071 140.269 123 106.071 140.269 124 54.902 185.303 126 726.329 315.251 144 726.329 315.251 145 771.022 347.274 147 401.406 94.599 153 545.611 123.224 154 488.390 127.142 155 789.773 194.979 157 720.765 192.812 161 103.122 120.532 163 107.085 152.161 164 582.485 262.238 165 602.985 147.595 170 267.760 118.504 171 258.282 118.534 172 226.655 144.873 175 183.389 145.600 176 183.389 145.600 177 749.543 160.703 182 749.543 160.703 183 467.202 141.010 186 385.422 163.795 189 571.976 210.109 190 54.840 144.144 191 163.434 190.233 193 391.902 151.798 196 451.019 96.721 198 755.243 182.450 199 615.873 197.522 201 693.648 112.435 207 426.632 116.299 208 551.467 125.382 209 563.716 130.478 210 533.915 132.481 211 569.704 133.327 212 749.492 172.919 220 65.398 161.399 221 75.244 161.724 222 747.436 176.920 226 639.571 190.245 229 458.060 128.228 237 398.040 158.975 241 665.838 166.459 242 165.511 180.335 244 755.036 198.517 246 904.062 294.461 251 782.340 426.696 254 258.282 118.534 255 497.529 197.160 260 554.089 119.796 266 893.928 182.745 269 526.379 208.798 270 793.173 404.532 278 793.173 404.532 279 110.079 97.064 281 532.778 114.015 282 582.894 155.608 283 59.028 184.226 284 507.465 200.538 285 673.259 103.409 286 357.056 106.354 287 86.244 117.131 288 116.786 133.895 289 490.472 135.275 290 749.312 144.963 291 574.340 150.676 292 29.229 156.719 293 186.929 158.043 294 102.455 161.412 295 761.492 173.316 296 462.808 179.145 297 586.206 183.490 298 225.878 188.175 299 30.836 192.214 300 638.058 194.669 301 894.439 207.210 302 559.931 363.691 303 590.927 81.991 304 120.058 102.068 305 422.293 112.937 306 274.101 112.832 307 685.864 131.242 308 702.762 131.622 309 371.329 140.461 310 478.258 167.183 311 42.539 174.712 312 112.337 179.961 313 549.381 181.705 314 727.937 193.118 315 138.168 197.830 316 896.339 199.597 317 517.968 202.708 318 673.800 273.251 319 694.434 273.731 320 663.909 356.127 321 134.038 124.649 322 227.497 131.280 323 66.523 198.585 324 534.568 78.046 325 874.378 163.799 326 789.099 439.390 327 518.670 76.705 328 652.381 141.159 329 591.767 207.679 330 663.826 374.730 331 397.374 117.430 332 489.974 96.643 333 162.776 167.579 334 615.873 197.522 335 707.490 203.268 336 751.833 203.901 337 594.469 287.925 338 594.469 287.925 339
160 0.9859874973817887 0.12445385928996186 0.11088112981891114 -0.0067285591876170645 0.04395812413344166 -0.03500421680124259 0.14164840916562527 160 image_000160.jpg
 220.597 108.443 1 271.432 105.162 2 193.123 117.117 5 514.684 88.322 6 392.697 105.851 7 534.848 106.894 9 616.073 102.301 11 611.280 111.424 12 183.920 148.035 13 583.593 121.140 14 478.592 130.725 15 391.655 141.342 16 222.536 155.152 17 426.093 142.514 18 511.190 145.379 20 508.226 147.984 21 456.332 156.616 22 535.037 162.111 26 641.098 155.029 27 497.258 168.315 28 605.453 160.977 29 566.506 172.997 31 509.871 251.324 33 576.712 255.229 35 550.557 258.821 37 486.334 74.708 38 302.712 106.977 41 283.707 111.083 43 227.775 116.426 44 205.736 119.976 45 581.157 108.550 46 475.740 122.937 47 645.280 109.989 49 563.077 119.862 50 634.878 116.269 51 606.518 120.948 52 160.259 159.502 53 626.372 134.924 55 626.372 134.924 56 509.349 152.905 57 447.821 158.879 58 444.861 162.666 59 513.759 159.297 60 561.839 166.226 61 576.770 173.582 62 551.395 209.128 63 467.905 256.566 65 472.294 256.025 66 384.837 97.307 68 490.560 88.319 69 259.322 124.338 71 408.409 112.935 72 574.562 109.531 73 479.255 125.579 75 447.457 131.966 76 389.835 137.499 77 173.683 160.420 78 603.674 127.993 79 657.843 128.736 80 415.669 153.180 81 497.666 154.420 82 430.292 161.195 83 511.393 166.916 84 521.733 213.323 86 572.207 213.487 87 543.592 248.054 88 169.058 103.266 89 217.552 102.219 90 289.649 101.419 91 228.789 124.714 93 517.574 115.544 96 240.730 159.235 99 502.561 144.525 102 573.083 142.270 103 522.869 154.541 105 642.978 263.812 106 270.121 108.043 107 621.751 105.029 108 610.903 128.323 110 514.196 143.515 111 395.253 109.467 113 220.943 125.166 114 220.943 125.166 115 559.451 141.731 118 606.734 141.167 119 645.966 152.555 120 521.936 208.461 121 208.150 123.324 123 437.356 102.390 125 498.278 128.977 127 535.030 142.248 128 455.960 177.540 131 620.463 166.705 132 482.333 178.499 133 508.588 179.453 134 534.170 178.888 135 584.250 178.605 136 495.307 185.332 137 495.307 185.332 138 546.901 210.440 139 571.540 209.469 140 571.540 209.469 141 547.045 224.744 142 547.045 224.744 143 570.581 223.421 144 570.581 223.421 145 595.252 242.596 146 595.252 242.596 147 420.807 117.995 148 521.821 165.677 149 479.435 143.766 152 467.815 106.549 154 407.849 117.732 156 442.729 126.318 158 442.729 126.318 159 584.810 149.265 160 569.312 148.935 161 444.660 135.696 162 208.883 130.389 164 489.394 193.260 165 568.673 108.445 167 561.422 115.229 168 501.595 121.843 170 302.712 106.977 171 253.965 124.990 176 253.965 124.990 177 446.502 153.948 178 473.847 208.272 180 530.113 103.505 181 585.692 128.141 182 585.692 128.141 183 565.391 127.925 184 445.809 119.980 185 421.626 119.355 186 447.457 131.966 188 374.253 134.036 189 483.499 161.436 190 242.857 153.861 193 535.036 254.482 195 589.006 141.831 199 507.344 152.995 201 521.212 226.088 204 521.212 226.088 205 553.880 98.424 207 398.675 103.590 208 472.064 108.253 209 478.283 110.968 210 460.991 112.945 211 482.503 113.065 212 373.857 114.888 213 205.085 116.700 214 426.326 121.310 215 473.857 126.583 216 633.220 128.525 217 253.248 133.194 218 415.208 135.944 219 586.120 136.016 220 184.600 136.498 221 189.603 136.443 222 542.692 137.771 223 561.652 137.902 224 550.868 138.046 225 585.244 138.552 226 505.684 141.349 227 535.544 145.722 228 459.287 150.120 230 536.013 151.414 231 253.020 152.157 232 259.283 152.040 233 565.844 201.330 234 600.210 209.142 235 588.507 257.168 236 416.912 110.759 237 207.770 113.327 238 535.935 119.140 239 414.321 126.914 240 536.597 132.854 242 627.513 138.762 243 244.496 147.038 244 615.688 149.564 245 513.587 155.417 247 425.254 157.366 248 421.191 158.101 249 504.922 256.912 253 298.696 107.002 255 300.734 111.027 256 462.744 117.412 257 440.584 153.713 260 474.166 159.156 261 194.958 161.735 262 631.703 251.207 263 584.402 250.916 264 584.402 250.916 265 472.271 104.190 266 516.882 126.870 267 670.077 140.410 269 457.084 160.947 270 542.480 208.974 271 486.911 146.446 274 547.966 103.985 275 547.966 103.985 276 223.283 137.637 277 607.034 275.442 278 607.034 275.442 279 618.798 275.185 280 207.411 94.621 281 460.504 101.046 282 489.769 127.356 283 181.509 151.047 284 445.128 155.671 285 542.315 92.979 286 194.165 108.366 288 213.615 118.995 289 434.933 114.994 290 585.995 118.659 291 484.832 124.163 292 256.704 133.037 294 207.606 136.241 295 592.867 136.043 296 419.387 142.891 297 491.654 144.374 298 281.387 151.493 299 164.692 156.592 300 520.451 151.076 301 667.837 155.714 302 476.180 254.750 303 214.637 98.193 305 395.552 101.682 306 549.352 110.296 308 558.560 110.283 309 366.373 119.374 310 428.784 135.430 311 171.078 145.115 312 213.372 147.625 313 469.811 143.575 314 574.006 149.184 315 228.868 158.979 316 669.672 151.179 317 451.706 157.366 318 541.465 199.132 319 551.747 199.193 320 535.487 249.066 321 223.878 112.278 322 279.620 115.940 323 185.875 160.148 324 657.843 128.736 326 451.617 78.113 328 528.907 116.583 329 493.570 159.636 330 535.816 259.679 331 379.936 104.943 332 430.080 90.174 333 243.200 138.633 334 507.344 152.995 335 560.405 155.397 336 585.826 155.311 337 495.532 208.757 338 495.532 208.757 339 637.168 149.635 340 567.557 135.873 343 521.019 188.104 345 509.099 199.135 346 627.991 99.715 348 398.213 112.187 349 435.330 118.085 350 622.982 111.645 351 386.417 134.965 352 386.417 134.965 353 657.862 136.785 354 514.487 150.726 355 600.374 203.686 356 517.761 99.688 357 543.529 98.467 358 486.438 128.675 359 398.493 133.113 360 514.463 147.821 361 430.696 156.526 362 505.819 155.138 363 663.458 150.857 365 600.344 199.793 366 500.521 159.544 367 565.314 160.154 368 375.704 84.683 369 670.286 185.727 370 645.966 152.555 371 570.477 186.857 374 200.585 152.803 375 200.585 152.803 376 189.570 147.986 377 660.625 147.161 378 495.548 199.518 379 553.018 261.628 380 534.899 274.889 383 534.899 274.889 384 630.257 275.193 385 224.952 151.234 386 547.597 274.722 387 522.360 275.605 388 522.360 275.605 389 253.733 110.561 390 499.373 150.591 391 174.468 151.248 392 463.978 105.010 393 378.462 130.210 394 496.875 133.527 395 501.817 137.849 396 445.809 119.980 398 207.921 155.103 399 646.481 134.366 400 547.465 155.031 401 535.030 142.248 402 535.435 155.543 403 656.190 139.165 404 644.429 150.454 405 645.183 147.036 406 554.087 148.871 407 652.499 150.057 408 194.311 138.966 409 599.002 152.302 410 570.477 186.857 411 636.935 138.569 412 632.993 111.489 413 169.545 151.928 414 174.468 151.248 416 465.083 158.741 417 620.124 113.977 418 647.387 199.982 419 615.257 119.823 420 152.714 161.982 422 392.890 138.796 423 614.203 286.145 424 457.560 115.446 425 660.987 200.091 426 635.140 121.881 427 568.237 248.064 428 599.913 138.731 429 213.879 156.595 430 421.970 130.885 432 655.643 122.159 433 528.072 148.382 434 668.126 258.897 435 545.765 112.774 436 607.922 116.043 437 497.435 163.055 438 538.585 104.276 439 645.434 237.439 440 614.220 239.944 441 580.324 249.364 442 650.033 257.939 443 526.905 297.844 444 408.091 147.036 445 473.642 288.904 446 618.798 275.185 447 653.068 254.558 448 570.962 237.617 449 253.660 115.281 450 596.275 128.110 451 516.099 124.717 452 473.857 126.583 453 621.878 125.324 454 533.570 134.616 455 259.344 158.329 456 263.028 143.567 457 614.805 298.279 458 486.916 132.795 459 441.277 116.838 460 540.858 261.347 461 410.503 123.558 462 566.713 104.306 463
17 0.9919257420166981 -0.005963459456793076 0.1264357471460912 -0.007859297034971562 -0.10797768615806734 0.007420247303137662 0.04706471703991037 17 image_000017.jpg
 327.798 208.042 2 466.364 211.092 7 639.137 216.730 9 217.990 253.378 13 263.153 261.941 17 506.606 253.279 18 741.548 251.038 19 609.284 258.417 20 806.670 367.588 32 672.906 381.267 34 585.818 179.882 38 360.671 210.654 41 249.643 219.014 42 697.428 219.812 46 566.945 232.631 47 607.733 267.021 57 530.311 276.978 59 556.715 386.744 65 561.533 386.791 66 459.487 201.545 68 485.511 219.864 72 571.506 235.736 75 203.667 266.699 78 510.763 274.378 83 611.059 282.939 84 624.282 337.183 86 207.419 203.407 89 256.890 235.135 95 210.511 260.269 97 315.301 261.017 98 179.275 276.381 100 179.275 276.381 101 600.504 257.569 102 184.325 283.363 104 624.172 269.700 105 613.616 256.644 111 613.616 256.644 112 468.399 215.786 113 686.202 334.517 141 500.568 226.580 148 557.146 214.284 154 516.580 217.167 155 527.077 235.738 158 245.846 211.556 163 301.549 229.373 177 501.834 226.788 186 448.243 234.266 196 605.906 266.513 201 227.940 258.035 203 472.723 209.268 208 570.445 219.352 210 549.289 221.057 211 444.077 220.134 213 657.482 251.252 225 623.411 262.341 229 248.180 215.350 238 641.514 245.199 242 810.837 337.145 251 725.133 430.342 254 523.579 266.478 260 616.092 238.366 267 804.690 258.463 269 543.497 274.683 270 265.302 242.579 277 732.627 414.459 278 732.627 414.459 279 250.612 195.454 281 518.135 222.890 290 510.102 245.401 311 687.238 265.048 315 269.482 266.451 316 267.100 215.207 322 731.791 440.570 327 589.131 274.117 330 641.784 392.553 331 605.906 266.513 335 671.608 271.343 336 703.052 272.271 337 591.424 330.645 338 591.424 330.645 339 581.355 182.905 347 614.703 261.890 361 718.211 412.063 372 718.211 412.063 373 237.134 258.705 375 237.134 258.705 376 223.807 253.427 377 794.136 265.773 378 591.296 320.393 379 663.623 395.525 380 631.433 238.942 381 624.966 429.423 382 640.699 410.903 383 640.699 410.903 384 762.618 414.236 385 265.245 257.630 386 656.876 410.661 387 624.495 412.023 388 624.495 412.023 389
65 0.9776995924244153 -0.11258542676669837 0.17492182035993248 -0.028816342249635363 -0.21736746526782894 0.05548242749622677 0.21772089590620158 65 image_000065.jpg
 405.755 464.422 3 643.773 605.658 37 329.409 475.207 42 363.916 481.773 70 378.371 506.176 98 594.504 500.342 102 279.153 524.346 104 604.470 499.481 112 626.961 510.106 129 594.429 471.696 151 571.455 499.157 152 408.395 467.440 172 368.589 482.054 176 368.589 482.054 177 627.929 600.221 195 322.609 481.648 258 565.657 466.012 266 607.485 485.220 267 700.971 623.406 278 700.971 623.406 279 700.372 644.212 327 588.899 557.830 339 678.668 606.618 344 689.281 622.148 372 689.281 622.148 373 628.320 621.009 384 542.061 478.901 398 661.329 538.536 411 616.879 647.232 421 737.912 585.948 440 369.081 474.063 450 567.687 485.222 453
67 0.9860066702620247 0.006985675097017142 0.16649323205037517 0.0046953142972725355 -0.2408550653173132 0.027194571253504003 0.18594506558072996 67 image_000067.jpg
 347.651 224.233 3 441.744 229.640 7 643.173 250.319 14 679.260 264.996 19 263.475 224.353 40 261.647 237.389 45 696.945 247.689 51 313.103 242.458 71 416.959 253.715 74 343.352 222.438 91 283.517 241.915 93 270.032 247.273 95 317.810 269.576 98 207.020 280.561 100 207.020 280.561 101 210.571 286.517 104 275.723 241.931 114 275.723 241.931 115 238.335 254.834 116 667.421 270.109 119 438.156 214.646 153 643.815 277.120 160 261.333 227.493 163 350.345 227.770 172 331.450 242.868 175 307.024 243.109 176 240.346 247.519 192 427.120 248.558 196 647.383 270.365 199 658.859 280.421 200 303.123 268.145 232 309.428 268.451 233 677.297 278.481 245 648.323 279.661 246 737.616 330.533 250 735.923 385.956 252 276.534 254.065 277 408.915 221.281 287 644.831 247.934 291 228.535 264.630 392 709.582 265.755 400 250.294 254.129 409 658.859 280.421 410 276.131 266.673 415 274.960 248.061 431 714.236 387.903 443 682.978 256.313 454
53 0.9932648170299389 -0.07585661598405166 0.0862556806647252 -0.015190270839738795 -0.08413442793028575 0.023712135603200298 0.07891917406516792 53 image_000053.jpg
 307.097 377.511 3 548.423 370.153 6 413.495 382.749 7 449.820 421.079 18 544.246 540.148 33 211.508 377.612 40 212.244 387.994 42 208.410 391.747 45 505.868 403.058 47 505.677 547.371 67 431.872 390.421 72 509.049 405.797 75 583.207 537.267 88 187.482 396.255 92 273.320 427.228 98 143.656 440.413 101 535.104 425.470 102 612.237 425.141 103 148.380 446.969 104 664.507 390.320 108 572.704 408.534 109 545.164 424.190 112 182.256 411.057 116 585.097 407.633 117 650.903 425.062 119 212.849 371.507 122 463.907 380.521 125 535.628 392.029 151 496.720 386.085 154 368.965 361.517 169 311.066 381.436 172 182.434 377.928 174 289.546 397.793 175 174.894 396.682 191 246.093 426.986 193 138.257 447.103 194 573.706 543.708 195 435.099 369.238 198 630.911 425.785 199 488.460 401.804 202 524.493 355.994 206 450.682 399.638 215 647.540 496.177 235 248.042 420.515 244 630.864 435.753 246 725.021 488.581 250 725.370 498.529 251 650.938 584.731 254 210.627 396.267 259 577.902 415.642 268 673.106 590.511 272 584.697 386.547 275 176.751 422.421 284 217.494 390.204 289 158.504 403.778 293 524.704 361.342 304 718.918 437.680 317 573.408 538.147 321 490.087 357.538 325 575.048 549.723 331 400.862 380.912 332 599.980 438.937 336 725.511 492.929 341 607.008 418.000 343 659.397 551.774 344 665.643 397.147 351 711.665 436.316 365 647.179 486.182 366 604.620 442.867 368 403.227 363.154 369 187.082 419.595 377 594.558 552.310 380 528.674 414.407 395 535.094 419.406 396 571.317 437.404 403 194.798 410.022 409 223.542 424.198 415 662.306 398.915 418 610.976 538.297 428 445.220 409.310 432 708.587 547.365 448 615.590 526.253 449
96 0.9599442475254654 -0.04675184595209791 0.27179888876020464 -0.049463982324860364 -0.18085832276065417 0.02015235019935692 0.01930334928215277 96 image_000096.jpg
 600.138 313.100 4 704.164 305.449 7 996.154 277.878 11 475.918 368.035 13 814.045 324.450 15 705.282 344.256 16 747.485 342.281 18 857.288 337.460 20 991.331 346.306 29 828.602 262.043 38 500.788 324.179 40 602.805 315.691 41 809.491 315.850 47 460.780 388.279 54 953.655 363.929 62 821.856 475.371 67 544.307 338.942 70 677.036 336.632 74 814.359 318.476 75 492.688 349.569 94 509.767 348.336 95 443.899 391.938 101 846.991 337.518 102 941.889 327.427 103 448.468 397.782 104 1004.952 280.186 108 860.864 334.921 111 515.070 341.192 115 475.747 359.347 116 905.574 311.039 117 501.568 341.112 124 469.005 371.567 126 844.628 299.011 151 797.310 298.931 154 723.862 316.957 156 993.218 332.988 157 654.980 288.460 169 843.173 312.274 170 602.805 315.691 171 597.737 316.470 172 507.329 322.209 173 684.608 338.584 189 470.862 346.009 191 477.436 351.802 192 903.236 466.271 195 963.756 325.155 199 980.770 336.865 200 710.094 303.206 208 802.294 300.012 209 789.733 306.387 211 816.197 304.155 212 682.502 316.685 213 808.630 320.140 216 958.311 319.485 220 957.880 322.536 226 850.975 334.048 227 874.416 339.804 229 993.167 405.479 235 538.583 362.746 244 1004.259 332.381 245 1004.969 508.927 254 597.737 316.470 255 495.556 343.376 258 974.039 459.997 264 974.039 459.997 265 863.306 316.076 267 562.721 343.457 273 903.436 287.312 275 516.870 354.168 277 788.105 293.239 282 663.081 301.151 287 820.319 315.656 292 708.010 300.723 306 672.895 322.907 310 505.593 365.633 313 902.629 459.870 321 787.649 268.325 325 536.210 354.124 334 825.269 265.092 347 698.707 337.942 352 991.425 394.419 366 481.154 367.509 377 930.539 475.253 380 889.696 512.688 382 465.847 371.955 392 792.466 297.526 393 844.622 329.772 396 519.804 364.339 397 515.426 368.712 415 1003.221 290.617 418 514.867 348.523 431 973.905 309.131 451 558.568 357.475 457 765.314 313.162 460 913.104 475.241 461
3 0.989332022753257 0.015284100131901644 0.14415594863353576 -0.01440877919228707 -0.13780820634931068 0.00917845037594478 0.15946527230643096 3 image_000003.jpg
 216.641 333.945 4 310.325 335.598 7 97.442 377.081 13 136.037 383.971 17 437.164 482.104 33 122.158 336.692 40 218.973 336.993 41 123.678 346.615 42 571.047 344.902 51 81.629 395.606 54 370.480 387.140 58 400.766 489.694 67 163.395 354.240 70 327.434 342.460 72 285.302 361.633 74 403.491 354.595 75 597.048 357.056 80 423.148 382.591 82 350.782 389.768 83 438.431 395.390 84 142.618 354.485 93 130.360 360.170 95 90.534 383.247 97 64.534 397.644 101 429.160 372.777 102 69.110 403.572 104 450.681 383.283 105 465.380 354.969 109 439.487 372.255 111 439.487 372.255 112 135.322 354.226 115 97.161 369.034 116 477.141 353.690 117 123.308 330.650 122 121.632 353.371 124 424.550 358.717 127 464.252 370.076 128 429.086 340.444 151 401.642 372.854 152 301.013 320.515 153 389.688 336.135 154 543.892 377.967 157 500.706 377.300 161 414.901 422.361 165 426.912 351.274 170 214.499 337.147 172 128.418 336.100 173 96.522 337.238 174 107.048 390.911 179 518.341 356.662 182 291.987 363.562 189 408.261 389.798 190 98.396 361.772 192 156.549 382.432 193 378.919 351.603 202 420.115 304.897 206 482.837 327.808 207 316.372 333.481 208 394.620 337.720 209 401.898 340.517 210 382.573 342.012 211 405.892 342.433 212 291.359 343.981 213 119.652 346.600 214 346.702 350.649 215 398.149 355.430 216 569.221 356.866 217 168.139 362.433 218 335.548 364.635 219 518.023 364.483 220 97.434 365.357 221 102.925 365.622 222 472.288 366.025 223 491.295 366.158 224 479.680 366.333 225 517.733 367.046 226 432.099 370.306 227 463.972 374.069 228 449.623 376.882 229 382.447 379.056 230 464.827 379.932 231 165.801 381.096 232 173.313 380.903 233 499.154 429.829 234 538.859 438.078 235 526.072 488.103 236 335.885 340.344 237 122.112 343.460 238 463.780 347.860 239 335.573 356.123 240 299.747 360.179 241 465.595 361.450 242 563.166 367.320 243 158.261 376.258 244 552.974 378.050 245 522.437 380.452 246 440.368 384.018 247 345.563 385.835 248 342.034 386.556 249 616.393 429.469 250 616.451 439.055 251 617.518 486.153 252 432.775 487.907 253 540.897 522.314 254 214.499 337.147 255 216.867 340.916 256 385.416 346.534 257 115.487 354.148 258 122.969 354.229 259 361.608 382.675 260 398.614 387.507 261 107.048 390.911 262 574.380 482.540 263 520.842 482.725 264 520.842 482.725 265 394.865 333.496 266 443.016 355.756 267 470.694 362.099 268 609.417 369.546 269 380.548 389.813 270 472.635 438.169 271 561.820 527.902 272 179.931 359.667 273 412.234 374.355 274 476.895 333.092 275 476.895 333.092 276 136.505 366.306 277 547.463 508.354 278 547.463 508.354 279 560.847 508.254 280
50 0.9952911219966705 -0.01944329154614817 0.09462749049090471 -0.007948390557052189 -0.0355279414707223 -0.015583510062102611 -0.19218546904345096 50 image_000050.jpg
 315.735 168.517 4 454.759 175.571 7 740.142 210.754 14 192.689 236.216 17 505.329 229.764 18 632.164 238.276 20 603.446 257.175 23 806.306 252.318 24 806.306 252.318 25 613.429 271.086 28 633.827 392.472 33 712.141 392.687 34 319.586 173.103 41 175.890 181.806 42 735.916 195.113 46 579.436 205.277 47 828.773 201.811 49 814.740 207.030 51 773.839 212.158 52 538.119 253.938 58 533.838 260.499 59 637.866 258.579 60 568.385 398.188 65 574.928 397.952 66 236.108 195.349 70 478.683 187.226 72 726.693 195.756 73 585.538 209.531 75 537.412 216.271 76 449.009 220.302 77 770.765 221.328 79 849.084 226.289 80 613.617 250.571 82 509.794 255.954 83 634.104 268.473 84 651.322 336.895 86 729.217 339.965 87 685.933 389.400 88 119.329 161.991 89 141.582 192.563 92 204.075 194.163 93 159.415 200.634 94 260.896 235.713 98 219.554 243.295 99 81.826 253.308 100 81.826 253.308 101 621.302 237.088 102 671.591 214.437 109 780.639 221.579 110 637.483 236.186 111 637.483 236.186 112 192.796 194.078 114 192.796 194.078 115 133.454 212.840 116 706.536 236.591 118 833.947 257.758 120 175.748 159.727 122 173.163 189.641 123 173.163 189.641 124 123.399 228.799 126 615.652 216.111 127 668.721 235.968 128 688.536 272.236 130 550.445 282.499 131 797.861 278.097 132 630.398 287.325 134 610.683 294.646 137 610.683 294.646 138 497.412 196.012 148 649.874 269.431 149 568.070 182.151 154 530.788 207.801 158 744.677 249.250 160 719.747 247.861 161 533.554 221.920 162 618.996 205.191 170 312.495 172.989 172 134.863 169.482 174 282.603 196.034 175 243.408 195.953 176 243.408 195.953 177 536.520 246.942 178 743.816 220.044 182 743.816 220.044 183 535.698 199.322 185 498.455 197.132 186 459.627 192.085 187 537.412 216.271 188 426.134 215.044 189 591.152 259.320 190 138.775 202.121 192 223.568 235.354 193 748.664 238.911 199 630.440 252.151 201 462.843 173.294 208 557.968 190.509 211 241.093 206.170 218 744.154 230.199 220 142.490 207.729 222 708.802 231.336 224 691.971 230.653 225 743.627 233.575 226 625.425 233.017 227 649.398 243.694 229 173.851 176.786 238 489.056 207.696 240 672.399 223.209 242 789.965 251.723 245 637.428 253.034 247 502.867 250.708 248 875.515 325.625 250 876.102 338.976 251 878.985 404.719 252 776.276 453.640 254 312.495 172.989 255 526.647 246.401 260 821.553 397.586 263 550.403 257.439 270 805.166 462.433 272 596.707 238.638 274 194.781 212.401 277 785.376 434.018 278 785.376 434.018 279 803.513 433.617 280 175.227 151.103 281 519.241 192.232 290 168.779 207.941 295 754.286 231.138 296 603.792 235.953 298 281.991 234.013 299 581.668 395.710 303 689.719 193.519 308 176.918 225.399 313 680.201 317.025 319 285.119 184.419 323 849.084 226.289 326 782.364 463.987 327 607.188 258.088 330 224.339 214.435 334 611.204 327.969 339 820.741 253.793 340 875.349 331.795 341 717.199 228.015 343 797.057 200.717 351 638.903 242.767 361 860.279 256.566 365 770.966 321.274 366 618.562 258.050 367 873.705 305.530 370 833.947 257.758 371 725.152 302.228 374 854.991 251.305 378 610.850 315.051 379 653.718 451.839 382 672.966 429.364 383 821.236 434.123 385 194.375 231.474 386 653.119 430.564 388 653.119 430.564 389 433.091 210.047 394 611.484 221.349 395 535.698 199.322 398 833.526 232.518 400 688.176 254.543 401 668.721 235.968 402 848.198 239.605 404 831.112 254.829 405 832.256 249.909 406 152.725 212.205 409 725.152 302.228 411 811.154 201.262 413 792.579 203.257 418 454.857 222.692 423 860.445 325.104 426 815.579 214.918 427 764.606 234.916 429 178.714 237.927 430 192.619 202.690 431 499.237 213.090 432 845.546 217.267 433 659.211 244.015 434 878.428 410.848 435 684.414 196.422 436 613.476 264.042 438 673.531 185.641 439 841.570 378.430 440 793.375 380.144 441 742.747 393.585 442 849.969 408.716 443 662.205 463.649 444 476.930 234.719 445 577.416 447.810 446 803.513 433.617 447
118 0.9908151629459316 -0.04705081024056164 0.12352762481478134 -0.028503491484616915 -0.09931182163634114 0.015183624856129103 0.01667792767486205 118 image_000118.jpg
 365.111 312.885 4 471.936 313.293 7 228.121 362.124 13 701.799 328.839 14 272.466 369.137 17 513.244 353.440 18 744.202 344.330 19 614.322 355.347 20 592.034 371.175 23 814.787 457.340 32 682.569 476.159 34 703.564 481.699 35 221.010 318.224 39 257.571 316.872 40 280.510 327.241 44 255.409 331.531 45 699.713 315.493 46 572.648 331.461 47 776.266 317.588 49 210.301 383.674 54 678.404 379.174 61 567.372 484.229 65 572.241 484.157 66 594.253 294.682 69 491.603 321.171 72 577.172 334.581 75 468.642 348.498 77 791.196 336.772 80 517.968 374.194 83 617.456 379.533 84 632.536 432.835 86 217.253 313.600 89 247.335 343.326 94 220.954 368.953 97 324.492 366.604 98 190.574 385.966 100 190.574 385.966 101 606.073 354.660 102 195.602 392.599 104 331.624 317.749 107 619.127 352.959 111 272.289 337.383 114 272.289 337.383 115 228.219 353.250 116 659.182 332.857 117 631.997 426.644 121 258.497 311.177 122 257.551 334.410 124 601.030 338.861 127 647.029 366.392 129 693.509 428.535 141 693.357 444.224 144 693.357 444.224 145 725.953 466.871 146 725.953 466.871 147 574.138 353.210 152 561.966 313.658 154 522.955 317.978 155 533.134 335.407 158 535.781 346.233 162 591.483 409.354 165 603.201 330.300 170 228.767 318.387 174 310.398 336.354 176 310.398 336.354 177 637.199 310.230 181 451.070 344.614 189 296.556 367.408 193 455.141 336.507 196 650.260 487.530 197 496.330 297.724 198 708.732 352.008 199 723.491 363.086 200 612.095 363.975 201 592.066 280.353 206 575.014 318.379 210 553.728 320.465 211 450.817 322.677 213 704.758 344.746 220 228.736 349.150 221 644.159 327.166 239 500.374 336.633 240 459.891 341.089 241 298.048 360.398 244 512.039 369.856 248 508.033 370.380 249 815.835 416.215 250 736.331 522.383 254 257.917 336.250 259 530.245 366.179 260 572.161 371.237 261 550.277 373.452 270 743.372 506.538 278 743.372 506.538 279 758.138 505.369 280 259.410 304.595 281 536.302 367.884 285 313.046 344.374 294 253.729 348.539 295 592.273 354.681 298 203.196 371.247 300 627.851 361.863 301 373.308 312.205 307 441.039 328.349 310 261.327 361.385 313 791.196 336.772 326 741.030 530.834 327 543.609 283.276 328 652.242 487.556 331 612.095 363.975 335 600.150 427.435 338 768.364 360.115 340 816.182 421.469 341 584.050 282.583 347 464.698 345.387 352 464.698 345.387 353 620.111 361.566 355 620.305 358.821 361 801.045 360.677 365 797.014 357.301 378 599.360 417.149 379 636.286 335.198 381 652.226 505.986 383 557.459 311.948 393 605.089 347.781 396 660.420 366.149 401 643.583 351.163 402 559.788 370.944 417 753.236 518.203 424 692.122 473.302 428 655.216 319.943 436 758.138 505.369 447 642.609 343.517 455 754.858 533.519 458 678.590 310.950 463
111 0.9822593023241426 -0.021750025405185846 0.18481992545767165 -0.02313411067180403 -0.28971637831431785 0.03643234894674899 0.22376749226195988 111 image_000111.jpg
 229.768 264.039 5 434.133 249.315 7 219.186 294.507 13 567.180 286.892 20 716.643 301.192 30 627.052 398.518 34 341.870 251.906 41 246.610 263.329 42 527.241 264.498 47 565.547 294.692 57 527.522 408.315 67 285.830 270.245 70 452.408 255.856 72 409.211 275.768 74 532.320 267.488 75 496.880 274.717 76 551.893 296.347 82 568.223 308.948 84 540.516 348.359 85 212.743 301.057 97 302.592 298.629 98 186.556 315.917 101 559.173 285.829 102 191.080 321.790 104 597.391 266.478 109 569.927 285.580 111 569.927 285.580 112 565.615 322.917 134 595.826 321.204 135 681.522 289.743 157 653.975 289.796 160 492.553 278.635 162 337.406 252.043 172 317.124 269.192 175 438.691 260.443 187 415.459 278.255 189 419.475 270.156 196 564.213 295.266 201 521.659 249.661 209 414.183 258.221 213 708.876 266.874 217 602.540 278.171 223 287.645 297.707 232 294.551 297.629 233 633.603 344.402 234 245.085 260.031 238 460.014 269.990 240 702.824 278.091 243 280.278 293.029 244 570.513 297.382 247 761.047 342.791 250 678.459 442.452 254 337.406 252.043 255 339.528 256.142 256 513.032 259.031 257 487.523 296.910 260 573.614 267.692 267 247.858 293.825 313 220.242 306.280 324 597.187 409.148 331 761.064 347.488 341 535.486 298.927 364 582.207 442.372 382 612.203 426.536 387 208.392 297.945 392 261.303 293.491 397 208.392 297.945 416 687.581 258.901 420 468.332 273.686 432 525.565 441.705 446 291.678 261.153 450 294.072 303.740 456 540.726 275.340 459 489.759 259.339 460
12 0.9731171396378296 -0.04169095714257516 0.22406777674891953 -0.03314416182762471 -0.15332168362528603 0.0900512931273327 0.32952047501348825 12 image_000012.jpg
 615.266 369.243 7 874.864 403.474 24 436.492 375.547 40 383.468 434.608 100 383.468 434.608 101 811.253 398.145 103 771.088 383.126 109 448.906 392.255 114 412.466 407.567 116 783.882 382.214 117 850.714 396.250 119 407.544 417.342 126 786.854 423.112 130 758.533 423.089 149 574.135 351.558 169 442.644 374.679 173 831.617 397.453 199 687.362 409.531 230 932.784 454.605 250 666.965 413.680 260 877.640 557.456 272 716.526 404.085 274 686.975 340.641 325 797.460 410.809 336 730.300 467.841 338 730.300 467.841 339 886.716 403.595 340 932.938 459.050 341 797.643 526.260 342 805.659 391.171 343 757.586 445.816 345 744.591 457.066 346
15 0.9941061418116574 -0.024652158926544446 0.1053477156093087 -0.006863788176829206 -0.14694086616146473 0.00841500981644598 0.021142509777669963 15 image_000015.jpg
 391.903 260.189 7 648.749 266.172 11 430.004 300.163 18 652.147 300.224 19 527.346 305.933 20 524.965 308.947 21 464.706 316.180 22 487.117 281.125 47 587.325 330.886 61 577.137 376.717 63 489.681 419.223 64 476.385 426.710 65 481.142 426.597 66 410.060 268.523 72 388.344 293.337 77 636.178 291.872 79 697.594 295.414 80 434.019 320.032 83 528.835 328.827 84 519.035 305.103 102 600.967 305.080 103 643.730 292.379 110 531.897 303.949 111 583.814 303.982 118 514.626 289.419 127 628.790 415.330 147 586.256 367.718 150 382.470 244.011 153 477.884 263.796 154 440.340 266.298 155 409.536 273.270 156 450.288 283.818 158 450.288 283.818 159 452.160 293.929 162 532.540 255.044 166 518.201 282.019 170 614.879 291.449 182 614.879 291.449 183 395.783 272.654 187 454.880 289.462 188 496.814 322.487 190 555.382 432.503 197 419.238 245.452 198 617.535 305.780 199 524.996 313.960 201 469.046 280.952 202 511.389 233.540 206 577.256 259.160 207 397.301 258.576 208 483.390 265.823 209 541.937 309.603 229 468.962 309.409 230 620.852 431.915 236 418.678 283.596 240 650.822 315.073 245 530.926 316.880 247 428.503 315.655 248 716.414 371.238 250 716.567 381.417 251 717.099 431.872 252 635.644 468.645 254 473.172 275.295 257 485.300 262.269 266 570.853 264.817 275 643.342 454.048 279 470.066 257.863 282 564.088 253.072 286 441.878 271.775 290 506.363 304.121 298 486.126 424.892 303 395.449 256.089 306 601.093 312.621 315 459.731 316.398 318 472.502 234.073 325 697.594 295.414 326 509.048 320.488 330 510.297 374.833 338 510.297 374.833 339 674.611 316.001 340 716.715 375.787 341 504.259 235.383 347 662.174 264.074 348 399.499 267.139 349 441.110 274.557 350 656.759 276.248 351 384.023 290.575 352 384.023 290.575 353 696.577 303.265 354 532.102 312.067 355 634.455 372.847 356 536.179 258.597 357 566.387 258.619 358 500.559 287.755 359 398.941 289.286 360 532.875 308.858 361 434.010 315.369 362 522.486 316.477 363 495.988 317.406 364 704.788 317.822 365 634.501 368.138 366 516.458 320.591 367 591.542 323.678 368 384.027 239.693 369 715.403 356.384 370 684.863 319.226 371 629.586 451.900 372 629.586 451.900 373 599.752 353.583 374
27 0.9739041076261228 0.02139579207835747 0.22583884158463735 -0.00705904562251247 -0.2526190115582709 -0.017163291507874358 -0.1538409912001582 27 image_000027.jpg
 542.076 95.663 7 865.924 83.824 11 588.504 141.645 18 708.083 142.394 20 313.814 105.672 40 429.324 101.995 41 338.104 116.995 44 657.677 114.707 47 655.662 293.461 67 361.623 125.533 70 565.094 104.664 72 664.300 118.249 75 619.646 127.888 76 539.155 136.039 77 932.815 117.470 80 723.959 233.037 86 279.981 103.839 89 697.908 141.566 102 801.250 136.933 103 251.052 188.911 104 874.883 87.353 108 859.188 118.179 110 713.092 139.889 111 282.887 146.372 116 316.596 98.993 122 691.968 122.813 127 801.126 227.035 140 801.126 227.035 141 724.967 169.494 149 782.748 215.724 150 646.461 93.984 154 601.494 100.262 155 564.712 110.883 156 856.033 146.194 157 612.615 120.464 158 612.615 120.464 159 615.408 132.842 162 695.259 112.435 170 429.324 101.995 171 423.815 102.345 172 399.137 123.574 175 820.795 118.280 183 619.646 127.888 188 823.777 136.216 199 840.729 150.053 200 636.546 115.611 202 293.008 159.976 203 550.085 92.910 208 662.099 99.224 210 637.547 102.513 211 701.263 137.499 227 725.070 146.313 229 576.617 101.765 237 313.705 113.896 238 354.995 152.958 244 868.155 146.198 245 423.815 102.345 255 640.959 108.502 257 755.387 226.708 271 763.930 88.519 275 321.210 119.686 289 602.660 106.394 290 672.084 116.304 292 398.807 157.355 299 723.565 149.970 301 950.679 153.306 302 435.527 97.777 307 801.755 146.217 315 772.203 213.251 320 744.171 280.262 321 333.323 112.081 322 401.360 113.172 323 932.815 117.470 326 353.327 142.527 334 723.624 199.276 345 884.143 79.922 348 675.303 122.848 359 715.347 146.013 361 938.331 141.875 378 762.015 315.263 387 369.045 108.535 390 693.836 150.030 391 270.968 159.935 392 641.583 92.252 393 524.665 127.726 394 688.478 127.764 395 695.573 132.845 396 332.584 153.917 397 618.221 111.652 398 310.400 163.348 399 909.963 124.253 400
33 0.9617541199586869 -0.013978696904633693 0.27251144753346435 -0.023898123974491405 -0.45829202487381554 0.043618730689521566 0.43210138562160694 33 image_000033.jpg
 398.855 136.173 7 54.858 219.971 13 464.454 197.908 18 852.241 171.596 19 872.891 197.246 24 872.891 197.246 25 729.862 394.180 34 94.552 149.461 40 250.211 144.170 41 98.529 165.856 42 558.620 159.198 47 20.163 221.629 48 887.112 135.256 51 542.678 406.905 65 431.375 147.269 72 359.911 181.822 74 568.078 164.261 75 505.061 177.059 76 395.706 191.928 77 601.579 214.205 82 113.730 142.096 90 62.067 181.812 92 129.171 179.120 93 82.166 191.164 94 43.931 230.833 97 186.154 224.804 98 751.636 187.290 103 192.500 148.283 107 836.669 159.880 110 635.022 193.503 111 115.778 179.664 114 115.778 179.664 115 52.372 206.964 116 827.742 183.405 119 540.454 131.788 154 479.744 139.459 155 831.614 198.607 157 250.211 144.170 171 106.429 148.412 173 168.312 178.132 176 168.312 178.132 177 456.665 157.304 186 505.061 177.059 188 368.881 186.663 189 787.814 186.040 199 623.449 212.291 201 716.204 108.736 207 561.103 138.517 210 530.400 142.724 211 91.827 165.987 214 881.260 157.662 217 618.677 191.324 227 650.340 201.996 229 528.903 209.652 230 681.447 206.998 231 445.284 171.340 240 150.361 216.078 244 848.824 198.097 245 634.133 215.529 247 820.706 471.559 254 535.608 150.816 257 85.458 178.665 258 886.639 395.855 263 640.747 163.271 267 117.233 201.731 277 834.320 445.327 279 97.488 130.492 281 482.719 148.272 290 796.970 174.582 296 590.671 196.877 298 208.762 221.250 299 109.656 134.940 305 258.432 138.463 307 726.738 130.320 309 757.685 200.168 315 692.394 295.518 319 599.394 314.604 338 599.394 314.604 339 717.573 424.167 342 62.567 219.631 377 600.222 177.344 395 120.274 217.230 397 702.596 212.125 401 679.088 190.189 402 910.761 191.671 406 929.633 197.324 408 890.335 176.798 412 881.346 126.289 413 30.820 227.056 414 116.043 224.018 415
43 0.9772694280556498 0.028544691021935173 0.20903571774765817 -0.02082639896299666 -0.23699907740521198 0.008824912880531659 0.23021483964201583 43 image_000043.jpg
 514.087 186.080 7 327.764 230.150 13 766.770 227.046 30 350.917 202.197 42 367.804 200.762 44 599.008 325.081 67 531.083 191.755 72 513.592 214.604 77 537.493 227.897 81 619.948 226.022 82 301.113 249.603 101 624.267 216.635 102 304.686 254.482 104 350.546 187.915 122 349.342 207.232 123 671.737 235.285 130 543.564 194.979 148 692.629 218.266 161 350.712 214.253 164 476.363 169.705 169 355.233 192.991 173 580.911 197.929 202 591.748 185.017 209 596.077 201.365 216 539.782 189.364 237 381.103 227.619 244 743.349 217.141 245 731.885 353.257 254 562.212 227.989 260 710.047 189.658 291 801.529 216.505 317 363.854 197.888 322 713.066 324.309 344 748.535 181.647 351 804.897 249.851 370 332.568 229.971 377 679.162 326.559 380 745.598 183.893 418 780.848 264.368 419 740.419 189.334 420 646.642 366.849 421 300.499 242.484 422
120 0.9918915104577043 0.06561205378319888 -0.10844622655061062 -0.009257498381513183 -0.14659512599325014 -0.019595777389248944 0.26486956398766476 120 image_000120.jpg
 15.493 92.096 7 239.866 113.761 12 52.466 129.689 18 247.577 135.700 19 140.772 137.567 20 139.033 140.156 21 85.305 145.015 22 121.892 149.484 23 256.586 148.972 24 167.278 155.309 26 198.637 166.279 31 144.233 238.661 33 195.874 238.846 34 212.492 244.012 35 186.005 247.327 36 211.452 107.893 46 104.344 114.370 47 272.772 114.547 49 193.191 117.656 50 255.351 135.840 55 255.351 135.840 56 140.283 144.649 57 76.439 146.501 58 73.482 149.619 59 145.130 151.152 60 193.825 160.556 61 186.092 199.630 63 111.990 235.742 64 100.466 242.355 65 104.881 242.084 66 108.850 244.605 67 108.747 117.210 75 233.818 128.317 79 284.609 132.260 80 41.857 139.218 81 128.309 145.269 82 57.347 147.858 83 155.230 202.324 86 178.717 236.287 88 133.587 136.473 102 204.186 138.723 103 249.621 108.867 108 167.574 121.935 109 240.223 128.695 110 178.451 121.335 117 188.775 137.070 118 237.885 139.825 119 166.546 136.267 128 167.942 148.544 129 126.529 175.034 137 180.753 200.760 139 205.865 201.359 141 181.399 213.614 142 181.399 213.614 143 230.278 232.335 146 230.278 232.335 147 46.410 106.474 148 193.389 191.997 150 133.691 105.816 151 95.829 98.788 154 238.497 147.668 157 70.431 115.568 158 70.431 115.568 159 216.461 146.087 160 72.813 124.577 162 121.198 181.580 165 198.966 107.390 167 191.545 113.390 168 74.758 142.118 178 105.923 195.629 180 159.907 99.526 181 215.880 126.581 182 215.880 126.581 183 73.206 109.166 185 47.535 107.093 186 113.914 151.358 190 219.769 139.456 199 138.306 144.328 201 155.107 214.703 204 155.107 214.703 205 183.287 97.612 207 52.614 109.412 215 103.283 117.698 216 261.249 130.580 217 216.619 134.053 220 174.072 132.839 223 192.637 134.232 224 181.342 133.437 225 136.637 134.083 227 167.253 139.575 228 153.929 141.298 229 234.345 201.643 235 42.581 98.859 237 39.811 113.861 240 167.776 128.085 242 256.651 139.444 243 245.972 148.277 245 219.796 148.712 246 144.413 147.362 247 51.756 143.744 248 300.893 196.634 250 302.363 246.199 252 237.634 276.556 254 68.490 141.630 260 146.787 121.006 267 295.717 143.540 269 86.563 149.416 270 177.617 102.241 275 243.261 264.702 278 243.261 264.702 279 215.628 118.251 291 223.257 134.529 296 121.628 135.504 298 109.186 240.619 303 179.513 108.405 308 55.139 122.875 311 204.650 145.183 315 80.358 145.284 318 170.377 236.847 321 284.609 132.260 326 241.021 282.921 327 78.414 70.429 328 159.485 112.278 329 171.216 247.194 331 138.306 144.328 335 218.072 151.882 337 128.332 196.454 338 128.332 196.454 339 266.055 149.999 340 284.430 139.521 354 234.147 197.002 356 173.217 96.689 358 117.105 121.537 359 22.852 118.888 360 145.376 140.509 361 57.119 143.493 362 136.986 146.888 363 291.799 151.825 365 275.074 152.718 371 288.665 149.150 378 188.434 249.376 380 158.553 276.412 382 170.825 261.986 383 170.825 261.986 384 157.940 262.250 388 157.940 262.250 389 92.594 97.242 393 126.209 125.425 395 132.109 129.866 396 166.546 136.267 402 273.195 150.677 405 94.124 147.411 417 247.757 116.549 418 184.776 287.932 421 85.714 105.829 425 262.776 124.875 427 203.497 237.193 428 229.005 137.466 429 302.187 250.483 435 128.503 152.997 438 168.544 101.412 439 248.563 230.805 441 215.754 239.334 442 163.920 283.347 444 107.548 274.611 446 286.562 245.757 448 206.663 227.389 449 103.283 117.698 453 68.299 106.016 460 176.572 248.960 461 35.939 110.366 462
41 0.9922744069405188 -0.04770780386782427 0.11253967494541277 -0.021219919549771964 -0.05345822068278239 0.02907080396087179 0.13656254308166263 41 image_000041.jpg
 179.910 301.932 8 762.759 491.360 34 309.151 274.600 43 672.146 339.918 57 253.803 294.436 70 652.454 342.044 82 695.507 433.188 86 138.234 338.664 97 279.719 337.408 98 96.167 360.899 101 692.999 342.743 105 715.939 299.760 109 675.623 256.455 166 332.459 269.275 172 198.246 266.415 173 641.549 224.202 206 185.058 282.191 214 266.674 335.955 233 678.654 343.639 247 332.459 269.275 255 177.530 293.195 258 615.942 348.846 261 682.334 301.313 267 651.657 412.043 379 656.332 336.590 391 131.415 333.968 392 131.415 333.968 416 598.811 348.386 417
1 0.9263718241744637 -0.14350632666893584 0.33167235659724476 -0.10599367987326708 -0.02737446027135579 0.09910273358426439 0.2603463369794455 1 image_000001.jpg
 955.973 451.332 10 941.366 482.386 20 926.447 494.800 23 1012.973 562.132 34 1005.767 570.828 36 1005.767 570.828 37 769.020 477.157 41 702.977 492.961 42 984.175 457.434 50 678.586 529.987 54 993.476 493.313 61 924.115 574.209 65 927.948 573.852 66 731.406 494.402 70 738.234 493.455 71 849.468 470.182 72 819.734 488.475 74 884.658 479.466 76 837.732 489.401 77 932.123 490.221 82 946.356 498.445 84 708.004 482.341 90 758.530 474.646 91 688.273 500.444 92 716.856 496.419 93 697.055 503.066 94 708.589 501.915 95 941.320 459.452 96 683.821 520.744 97 746.399 512.157 98 667.455 533.037 100 667.455 533.037 101 934.275 482.582 102 998.881 472.681 103 670.914 536.604 104 943.299 480.361 111 711.665 497.360 114 711.665 497.360 115 972.979 463.091 117 700.923 482.461 122 702.584 497.180 123 702.584 497.180 124 683.873 518.930 126 935.522 514.999 137 935.522 514.999 138 860.420 473.223 148 1000.616 520.976 150 826.389 457.026 153 897.402 459.280 154 870.179 465.190 155 849.417 473.407 156 1036.074 474.931 157 879.770 475.987 158 879.770 475.987 159 1012.644 477.127 160 996.789 478.512 161 882.719 482.721 162 699.799 488.646 163 704.235 501.725 164 931.301 521.346 165 934.610 445.370 166 986.125 447.969 167 981.954 454.163 168 801.086 457.413 169 929.308 466.528 170 769.020 477.157 171 764.823 477.818 172 705.324 485.133 173 683.657 489.039 174 753.302 491.135 175 734.762 494.116 176 734.762 494.116 177 887.107 495.626 178 695.600 524.920 179 921.383 534.613 180 951.076 448.863 181 1008.208 461.300 182 1008.208 461.300 183 988.033 463.214 184 881.614 471.144 185 861.063 473.476 186 839.605 474.735 187 884.658 479.466 188 825.091 489.217 189 920.089 497.384 190 680.749 501.785 191 687.605 505.260 192 728.986 514.630 193 665.162 537.303 194 987.814 567.672 195 826.804 483.281 196 989.844 572.271 197 849.781 454.058 198 1014.102 471.145 199 1028.835 477.904 200 940.660 488.460 201 892.427 471.915 202 694.028 518.311 203 968.499 545.911 204 968.499 545.911 205
32 0.9831071826685316 -0.0346718136462362 0.17778127590765613 -0.0263050309545378 -0.2313875547374578 -0.07313722068465295 -0.37293141557558 32 image_000032.jpg
 158.505 220.356 13 313.929 165.222 41 194.248 181.494 42 772.107 189.766 55 554.381 182.096 75 428.338 199.931 77 581.293 217.991 82 149.763 228.469 97 208.675 191.490 114 672.427 201.030 118 582.833 186.628 127 635.999 202.059 128 523.846 250.139 131 562.146 250.574 133 600.650 251.260 134 536.973 157.757 154 313.929 165.222 171 714.925 200.698 199 527.991 166.423 211 548.061 182.908 216 646.398 194.766 223 234.922 216.913 244 530.733 171.987 257 209.815 205.720 277 141.790 217.255 312 193.707 218.710 313 693.145 209.917 315 582.133 289.099 339 178.035 225.231 375 251.060 172.249 390 635.999 202.059 402 799.123 210.591 405 800.224 205.608 406 665.058 210.132 407 813.565 209.939 408 175.068 208.622 409 695.172 261.202 411
44 0.9801872917944252 -0.036263824883481184 0.1929947711229214 -0.02590034844249386 -0.27493868414619743 -0.06290940959994787 -0.47038405464257443 44 image_000044.jpg
 150.161 143.286 13 490.487 123.598 18 622.609 123.919 20 814.881 127.924 24 814.881 127.924 25 780.285 143.886 29 313.101 83.007 41 565.752 94.785 47 707.142 153.468 61 735.477 164.672 62 556.999 288.988 65 463.599 84.022 72 404.230 110.269 74 573.192 98.757 75 524.755 108.894 76 434.394 117.998 77 602.420 137.580 82 258.513 145.615 98 611.183 123.547 102 110.732 180.386 104 628.098 121.413 111 628.098 121.413 112 201.811 111.868 115 702.408 117.865 118 604.171 102.794 127 663.418 119.384 128 747.661 173.181 136 728.886 218.043 140 728.886 218.043 141 516.349 100.814 158 516.349 100.814 159 717.889 128.607 161 518.733 114.059 162 608.530 92.808 170 195.215 87.972 173 521.830 138.328 178 743.877 99.223 182 743.877 99.223 183 411.727 114.605 189 469.977 55.084 198 749.909 116.900 199 619.595 136.562 201 543.721 81.873 211 543.316 132.790 230 473.912 103.035 240 813.504 111.061 243 796.212 128.220 245 487.978 144.073 248 482.415 145.565 249 547.479 88.290 257 512.248 138.518 260 837.413 279.509 263 585.276 126.097 274 797.381 319.856 278 797.381 319.856 279 670.366 292.736 331 225.330 127.491 334 705.484 137.249 336 831.011 128.378 340 876.454 128.605 365 608.659 145.130 367 777.027 318.228 373 156.099 142.970 377 870.561 123.764 378 648.747 341.689 382 670.084 317.704 383 135.177 147.989 392 418.855 108.904 394 600.809 108.844 395 608.195 113.621 396 860.799 110.841 404 843.470 128.913 405 844.001 123.570 406 830.132 110.796 412 135.177 147.989 416 858.218 201.184 419 440.304 120.361 423 811.189 335.791 424 539.962 85.577 425 880.288 201.203 426 823.519 88.683 427 726.472 274.371 428
77 0.9785550195291671 -0.03464554021732601 0.20212838386491297 -0.019335604058227426 -0.31545231752079506 -0.043735614897512404 -0.35721178002337944 77 image_000077.jpg
 186.969 229.391 13 712.018 187.666 14 488.067 216.230 18 605.717 217.753 20 849.581 338.169 32 332.243 177.581 41 221.367 192.914 42 557.428 191.274 47 544.649 364.927 65 278.537 199.422 71 464.998 180.498 72 562.396 194.615 75 518.506 202.898 76 572.343 294.107 85 623.646 307.178 86 242.729 200.905 93 283.288 232.862 98 595.714 217.075 102 696.063 213.180 103 152.056 261.668 104 625.275 229.409 105 752.198 196.317 110 610.767 215.012 111 232.916 202.072 115 178.669 232.937 126 589.464 198.827 127 585.445 270.810 137 585.445 270.810 138 544.862 170.599 154 500.214 176.409 155 511.246 195.793 158 511.246 195.793 159 690.966 222.554 161 513.924 208.004 162 593.534 189.316 170 227.226 180.321 173 715.360 196.550 183 516.940 188.272 185 447.084 186.220 187 518.506 202.898 188 418.626 206.921 189 470.842 154.282 198 719.822 213.116 199 736.939 226.561 200 603.602 228.742 201 536.282 179.116 211 623.930 221.975 229 477.367 177.785 237 762.009 223.018 245 748.257 413.757 254 539.454 184.855 257 614.017 195.661 267 234.917 216.580 277 574.787 194.934 283 398.604 164.861 287 501.638 182.456 290 568.742 191.874 292 843.491 224.697 317 753.397 423.921 327 586.044 300.643 338 586.044 300.643 339 623.556 273.821 345 605.151 287.641 346 573.706 199.020 359 833.782 224.173 365 743.752 288.859 366 828.569 219.599 378 173.740 233.328 392 540.899 168.995 393 424.405 202.217 394 585.909 203.635 395 736.939 226.561 410 173.740 233.328 416 818.498 188.070 433 613.372 192.675 452 278.298 221.899 457
112 0.993171574762914 -0.09869387163386104 -0.057739432553646136 -0.023149183140616803 0.2593535049813954 -0.09762173521018261 -0.27582758297907983 112 image_000112.jpg
 837.880 302.167 14 368.872 325.191 18 825.201 699.337 34 780.126 563.143 63 569.768 694.182 64 546.261 715.696 66 560.364 724.408 67 309.938 225.538 72 171.051 276.630 74 537.309 287.403 75 245.742 300.064 77 613.790 350.349 102 914.810 329.250 110 836.986 566.949 141 392.666 225.795 155 421.437 278.296 158 853.511 384.324 160 430.719 309.360 162 846.897 322.915 183 265.164 235.771 187 204.861 260.842 196 477.115 241.842 211 196.935 216.533 213 703.867 283.054 239 655.114 720.551 253 528.335 390.643 261 650.921 299.990 267 395.379 241.810 290 348.775 324.349 297 559.434 712.100 303 379.632 303.698 311 395.081 250.717 350 207.879 272.410 394
38 0.9779801174199637 -0.06006610611711171 0.19728652844484304 -0.032015053160766346 -0.2780199189894192 -0.04001587077211804 0.04099092267783985 38 image_000038.jpg
 489.483 300.585 18 575.645 267.966 47 563.999 484.358 65 459.766 255.756 72 427.545 294.576 77 614.605 316.397 82 518.784 275.261 158 518.784 275.261 159 525.650 282.891 188 402.272 289.939 189 588.470 327.870 190 408.479 278.308 196 552.528 260.098 257 505.539 258.069 290 603.146 300.335 298 613.025 403.860 338 613.025 403.860 339
60 0.9647343649083797 0.0009892913897051585 0.2600984726723369 -0.040440317810015745 -0.4024808547627734 0.096853805483397 0.30503230845836915 60 image_000060.jpg
 494.338 293.556 18 574.445 258.245 47 841.506 257.911 56 612.873 304.206 82 622.072 288.424 102 637.486 286.676 111 637.486 286.676 112 677.479 281.053 128 558.545 235.647 154 808.270 283.972 157 153.201 344.486 179 446.215 239.751 208 565.354 237.192 209 577.541 241.318 210 550.114 245.505 211 582.726 243.271 212 408.622 258.287 213 688.244 272.945 223 679.438 286.471 228 822.835 283.028 245 640.667 304.165 247 644.790 259.765 267 697.912 219.609 276 745.542 287.472 315 708.325 494.945 387 552.729 233.883 393 666.521 291.186 434
63 0.9467170447732145 -0.026926959200869547 0.31935011468776503 -0.03189502633727597 -0.460579155825531 0.01679802531435768 0.19980280337318979 63 image_000063.jpg
 568.101 305.674 18 622.599 282.738 47 620.903 424.445 67 412.946 298.503 71 549.410 277.770 72 530.287 303.152 77 556.592 316.773 81 646.569 312.874 82 662.627 324.728 84 675.073 373.561 86 652.178 302.465 102 794.782 252.601 108 705.142 278.686 117 647.736 287.995 127 689.878 311.489 129 610.748 266.965 154 450.273 279.771 171 428.273 296.983 175 514.708 301.207 189 767.014 303.307 200 604.438 283.189 202 522.668 297.075 241 866.291 352.730 250 775.248 458.057 254 607.735 277.960 257 668.183 283.430 267 417.400 303.472 273 704.903 258.056 275 604.581 262.471 282 561.530 305.958 297 634.426 288.048 359 689.878 311.489 403 407.224 290.754 450 765.247 278.190 451
85 0.9407371322751756 -0.052172165342993675 0.3308877026294233 -0.052962696996625265 -0.6247859688327309 -0.04787519777746181 -0.29032940542749686 85 image_000085.jpg
 442.553 219.555 18 568.945 205.363 20 515.379 182.117 47 156.510 293.645 54 504.001 380.980 65 514.612 383.543 67 249.097 227.864 71 418.320 183.389 72 520.367 185.029 75 392.767 219.812 77 548.974 221.493 82 557.883 206.345 102 673.374 187.138 103 738.031 177.730 119 548.681 185.886 127 435.479 187.773 148 669.388 199.273 161 698.063 164.621 182 698.063 164.621 183 372.283 219.423 189 428.985 151.930 198 704.225 182.782 199 490.640 185.945 202 492.599 171.789 211 427.346 200.956 240 496.652 177.768 257 844.148 175.291 378 159.278 274.407 392 378.312 212.909 394 720.058 162.156 451
92 0.9811653402852765 -0.05577706180331496 0.1829274953945356 -0.027221690862291214 -0.24665908009366294 -0.08832584623766217 -0.4537689201435298 92 image_000092.jpg
 497.429 239.158 18 193.297 215.590 42 471.818 199.862 72 442.727 233.288 77 864.353 220.618 80 480.653 253.846 81 609.046 254.153 82 144.555 264.950 97 109.471 285.330 100 109.471 285.330 101 727.174 235.906 103 207.402 224.868 115 144.747 260.795 126 610.265 219.874 127 714.325 320.322 150 618.400 197.329 151 722.916 245.864 161 200.568 201.305 173 230.563 261.149 193 754.866 235.109 199 483.353 196.907 237 478.737 218.625 240 799.279 246.356 245 518.852 254.669 260 191.722 254.631 313 658.279 203.408 329 676.774 408.287 331 708.464 418.438 342 174.802 261.422 376 160.211 255.893 377 706.998 412.226 380 253.643 205.701 390 183.272 264.466 399 844.583 247.036 405 801.029 198.503 418 109.947 274.871 422 766.174 217.621 451
110 0.9643136845758158 -0.004709424031689379 0.2640071292219557 -0.019421124018523722 -0.41334034784125556 -0.0008109256389079812 0.3516943660872104 110 image_000110.jpg
 500.823 195.411 18 580.256 162.932 47 565.552 365.980 65 572.257 364.773 66 584.891 166.987 75 830.545 127.111 108 716.668 186.515 118 764.053 196.494 160 581.663 145.608 210 555.633 148.896 211 523.493 210.342 260 702.500 130.575 275 743.555 196.869 315 556.419 99.150 325 711.238 380.491 342 710.646 197.384 407
127 0.9587004923831102 -0.04767921218868626 0.27982258941177257 -0.01787126820853904 -0.47294144835805313 0.023788097932297185 0.376803432300599 127 image_000127.jpg
 472.051 343.981 18 820.301 328.525 19 839.427 352.149 25 739.527 535.741 35 558.010 311.631 47 548.148 536.138 67 411.709 336.600 77 632.216 297.696 96 605.248 345.484 102 733.449 341.427 103 806.539 316.491 110 624.780 343.650 111 799.063 338.691 119 596.551 321.462 127 541.743 286.198 154 499.865 317.331 159 757.751 352.052 160 720.323 316.811 184 423.525 304.654 187 509.152 326.056 188 386.659 331.926 189 393.149 320.241 196 762.626 341.007 199 782.055 357.672 200 664.037 347.455 228 836.632 333.949 243 817.561 352.254 245 785.645 597.985 254 630.740 316.121 267 577.413 348.813 274 490.649 300.036 290 759.460 301.482 291 419.743 280.771 306 657.710 522.619 321 589.576 452.021 338 589.576 452.021 339 693.198 552.359 342 405.017 332.912 352 508.453 307.357 398 663.877 341.754 402 782.055 357.672 410 822.151 293.020 418 781.001 334.640 429
29 0.9871541890446904 0.053336863201626575 0.1506034506499636 -0.0006187432966403717 -0.3142327735109168 -0.05165663298850279 0.12972921042563126 29 image_000029.jpg
 594.602 85.671 19 467.174 93.954 20 617.672 113.130 30 417.592 213.503 65 422.050 213.176 66 452.924 103.121 82 469.194 117.020 84 480.549 167.599 86 459.210 92.920 102 482.614 104.009 105 471.179 91.263 111 497.428 105.062 129 429.428 91.791 152 555.118 99.540 160 572.732 102.884 200 464.131 101.798 201 541.559 99.056 315 658.978 161.608 341 511.285 105.162 401 497.428 105.062 403
73 0.9397265956676325 -0.04042776823328388 0.33704958855029427 -0.04095258997128224 -0.32453349560082534 0.02233681743013509 0.09653444553621653 73 image_000073.jpg
 926.942 298.042 24 926.942 298.042 25 940.739 308.121 30 856.122 399.157 34 760.350 285.851 47 933.028 266.658 51 502.443 341.548 54 764.542 288.386 75 733.258 296.056 76 783.157 311.900 82 798.729 321.871 84 509.650 291.970 89 788.694 302.682 102 862.670 295.856 103 799.524 301.027 111 799.524 301.027 112 507.925 328.795 126 823.048 297.816 128 853.811 351.683 150 788.044 274.145 151 730.182 299.764 162 882.339 293.059 199 931.185 277.569 217 807.663 304.876 229 907.589 438.064 254 526.913 306.882 258 801.525 286.123 267 829.548 290.058 268 914.036 424.572 278 720.877 282.649 290 849.953 414.552 342 802.115 262.490 357 768.129 314.939 364 972.064 296.241 365 967.817 293.269 378 848.976 410.617 380 895.039 302.526 410 489.962 337.995 422 933.075 271.638 427
81 0.9854516649170358 0.07896721744075283 0.15047721656798269 -0.002407631366955286 -0.23616483572653163 -0.04022649105867345 0.2140925295225759 81 image_000081.jpg
 619.160 190.398 27 387.574 158.549 41 339.672 164.188 44 563.527 167.058 50 614.492 165.032 51 301.789 196.626 54 526.438 188.463 57 359.379 169.732 71 457.249 162.661 72 506.147 170.918 75 484.366 174.837 76 593.574 172.688 79 461.900 188.576 81 333.058 155.660 90 379.547 154.718 91 339.638 169.791 93 331.693 173.996 95 306.854 188.734 97 290.865 198.089 101 521.880 182.812 102 570.610 181.580 103 294.045 202.192 104 535.311 189.554 105 621.736 261.862 106 368.764 158.691 107 597.860 172.294 110 529.669 182.406 111 334.981 170.064 114 334.981 170.064 115 310.427 179.331 116 594.599 180.774 119 326.894 154.481 122 326.460 168.975 123 522.086 161.525 151 442.120 148.025 153 327.579 173.203 164 418.778 144.624 169 521.033 168.893 170 387.574 158.549 171 330.028 157.542 173 355.992 170.086 176 355.992 170.086 177 483.544 189.063 178 317.239 193.605 179 541.881 155.828 181 580.013 172.421 182 311.469 174.484 192 348.465 188.516 193 581.743 181.088 199 525.651 188.430 201 488.758 169.418 202 386.354 161.073 256 322.555 169.072 258 317.239 193.605 262 638.962 180.911 269 604.205 282.424 272 511.305 184.650 274 553.627 156.335 276 335.179 177.994 277 595.790 270.199 278 595.790 270.199 279 604.298 270.019 280 337.196 161.947 322 348.408 178.533 334 442.542 144.891 369 544.377 269.148 383 535.417 269.635 389 600.023 167.632 420 614.449 168.397 427 595.924 164.403 437 456.871 184.455 445 605.025 170.931 454 601.100 285.490 458 510.503 176.098 459
88 0.8892589410657857 0.07984685169393434 0.45036618033948833 -0.0036495206961905963 -0.21338643167252686 -0.03842346540444159 0.5158680915593703 88 image_000088.jpg
 728.960 176.662 41 768.569 186.992 74 799.513 196.871 81 682.508 180.189 90 722.078 174.143 91 687.859 191.839 93 680.266 196.308 95 877.615 163.301 96 659.859 211.595 97 649.154 224.157 104 676.359 192.079 123 676.359 192.079 124 846.008 185.384 152 728.960 176.662 171 679.889 182.019 173 804.775 175.107 186 787.318 175.623 187 772.059 188.064 189 828.981 174.614 202 683.922 199.741 277 732.375 174.539 307 693.554 199.072 334 682.706 207.313 415 647.182 216.662 422 957.074 153.954 437 794.534 193.145 445
104 0.9957947226079389 0.08316292276849412 -0.037982792431031746 -0.005838637173611152 -0.08449115075699795 0.015733865411404677 -0.16740374878174027 104 image_000104.jpg

113 0.9462925110745259 0.03984386973876417 0.3207408605202544 -0.008260151096086564 -0.2737396853487803 0.00036515515826441073 0.19328587456452873 113 image_000113.jpg

123 0.9934540046864032 -0.056998131120785334 -0.09865299911950726 0.008242294367563593 -0.16425447487831432 0.07788883454303969 0.3807041565863087 123 image_000123.jpg

