# 3D point list with one line of data per point:
#   POINT3D_ID, X, Y, Z, R, G, B, ERROR, TRACK[] as (IMAGE_ID, POINT2D_IDX)
# Number of points: 324, mean track length: 20.46
0 -0.34635913372039795 -0.048779964447021484 0.6595548987388611 107 102 104 4.92 21 0 22 0 23 0 24 0 26 0 28 0 30 0 32 0 34 0 36 0 38 0 39 0 40 0 41 0 42 0 43 0 44 0 48 0 
1 0.4794914424419403 0.02263326197862625 1.0374088287353516 44 36 34 1.52 21 1 22 1 23 1 26 1 27 0 28 1 29 0 30 1 31 0 32 1 33 0 34 1 35 0 36 1 37 0 38 1 39 1 40 1 41 1 42 1 43 1 44 1 45 0 46 0 47 0 48 1 
2 0.2813083529472351 0.20025037229061127 0.6723435521125793 59 56 60 3.23 21 2 22 2 23 2 24 1 25 0 26 2 27 1 28 2 29 1 30 2 31 1 32 2 33 1 34 2 35 1 36 2 38 2 39 2 40 2 41 2 42 2 43 2 44 2 45 1 46 1 
3 -0.2894666790962219 -0.16933982074260712 0.7199769616127014 111 100 93 2.07 21 3 22 3 23 3 24 2 25 1 26 3 28 3 30 3 32 3 34 3 38 3 39 3 40 3 41 3 43 3 44 3 48 2 
4 -0.04442421719431877 -0.11845961213111877 0.6767653822898865 67 58 55 5.22 21 4 22 4 23 4 24 3 25 2 26 4 27 2 28 4 30 4 32 4 34 4 38 4 39 4 40 4 41 4 42 3 43 4 44 4 45 2 46 2 47 1 48 3 
5 -0.418254017829895 -0.20265835523605347 0.6736752986907959 59 47 42 1.71 21 5 22 5 23 5 24 4 26 5 28 5 30 5 32 5 34 5 38 5 41 5 42 4 
6 -0.014624680392444134 -0.22493833303451538 0.6688727736473083 58 62 48 2.07 21 6 22 6 23 6 24 5 25 3 26 6 27 3 28 6 29 2 30 6 32 6 34 6 36 3 38 6 39 5 40 5 41 6 42 5 43 5 44 5 45 3 46 3 47 2 48 4 
7 0.14372478425502777 0.17701055109500885 0.6111862063407898 134 136 138 6.04 21 7 22 7 23 7 24 6 25 4 26 7 27 4 28 7 29 3 30 7 31 2 32 7 33 2 34 7 35 2 36 4 37 1 38 7 39 6 40 6 41 7 42 6 43 6 44 6 45 4 46 4 47 3 
8 0.11373656243085861 -0.01902010664343834 0.8664456605911255 36 30 25 1.41 21 8 22 8 25 5 26 8 27 5 28 8 29 4 30 8 31 3 32 8 33 3 35 3 36 5 39 7 40 7 41 8 42 7 44 7 45 5 46 5 47 4 48 5 
9 0.45786362886428833 -0.16465961933135986 0.8857376575469971 109 124 136 1.68 21 9 22 9 23 8 24 7 25 6 26 9 27 6 28 9 29 5 32 9 33 4 34 8 35 4 36 6 37 2 38 8 39 8 40 8 41 9 42 8 43 7 44 8 45 6 46 6 47 5 48 6 
10 -0.15359941124916077 0.11402520537376404 0.7198935151100159 118 124 127 2.07 21 10 22 10 23 9 24 8 25 7 26 10 30 9 32 10 34 9 36 7 37 3 38 9 39 9 40 9 41 10 42 9 44 9 45 7 47 6 48 7 
11 0.11298802495002747 -0.10307244211435318 0.7247698903083801 82 82 80 1.33 21 11 22 11 23 10 24 9 25 8 26 11 27 7 28 10 29 6 30 10 31 4 32 11 33 5 34 10 35 5 36 8 37 4 38 10 39 10 40 10 41 11 42 10 43 8 44 10 45 8 46 7 47 7 48 8 
12 -0.005447486415505409 -0.2748757004737854 0.6658403277397156 38 36 27 1.31 21 12 22 12 23 11 24 10 26 12 28 11 30 11 32 12 36 9 38 11 39 11 40 11 41 12 42 11 43 9 44 11 45 9 46 8 47 8 48 9 
13 0.20527999103069305 -0.3397156596183777 0.8069434762001038 76 78 78 2.27 21 13 22 13 23 12 37 5 38 12 39 12 40 12 41 13 42 12 43 10 44 12 45 10 46 9 47 9 48 10 
14 0.004858039319515228 0.09584347158670425 0.5947815775871277 84 87 90 1.54 21 14 22 14 23 13 24 11 25 9 26 13 27 8 28 12 30 12 32 13 34 11 36 10 38 13 39 13 40 13 41 14 42 13 43 11 44 13 45 11 46 10 47 10 48 11 
15 0.2715790867805481 0.07281657308340073 0.9194934368133545 31 23 21 1.16 21 15 22 15 23 14 24 12 27 9 28 13 29 7 30 13 31 5 32 14 33 6 34 12 35 6 36 11 37 6 38 14 40 14 41 15 42 14 43 12 44 14 45 12 46 11 47 11 48 12 
16 0.6312844753265381 0.08185272663831711 1.1097376346588135 122 111 107 8.84 21 16 22 16 23 15 25 10 27 10 29 8 31 6 33 7 35 7 36 12 37 7 38 15 39 14 40 15 41 16 42 15 43 13 44 15 45 13 46 12 47 12 48 13 
17 0.22568216919898987 0.19943198561668396 0.5614264011383057 53 46 49 2.37 21 17 22 17 23 16 24 13 25 11 26 14 27 11 28 14 30 14 32 15 34 13 36 13 
18 -0.20795421302318573 -0.18921421468257904 0.7603467702865601 47 36 30 1.39 21 18 22 18 23 17 24 14 25 12 26 15 27 12 28 15 38 16 39 15 42 16 48 14 
19 -0.0837235376238823 0.17734231054782867 0.46365758776664734 22 28 22 6.14 21 19 22 19 23 18 24 15 25 13 26 16 28 16 30 15 32 16 34 14 36 14 40 16 41 17 44 16 45 14 46 13 47 13 
20 -0.09370481967926025 0.0895472839474678 0.7287918329238892 135 123 110 1.88 21 20 22 20 23 19 26 17 27 13 28 17 29 9 30 16 32 17 34 15 35 8 36 15 37 8 39 16 40 17 41 18 42 17 44 17 45 15 47 14 48 15 
21 -0.2998601496219635 -0.09096798300743103 0.7073197364807129 16 18 16 2.26 21 21 22 21 23 20 24 16 25 14 26 18 28 18 30 17 32 18 34 16 38 17 39 17 40 18 41 19 42 18 43 14 44 18 48 16 
22 0.3115781843662262 0.20916393399238586 0.8901295065879822 29 26 26 4.48 21 22 22 22 25 15 26 19 27 14 28 19 29 10 30 18 31 7 32 19 33 8 34 17 35 9 36 16 37 9 39 18 40 19 42 19 43 15 44 19 45 16 46 14 47 15 48 17 
23 -0.02318580448627472 -0.2497386485338211 0.6524633765220642 41 48 58 1.53 21 23 22 23 23 21 24 17 25 16 26 20 28 20 30 19 32 20 36 17 38 18 39 19 40 20 41 20 42 20 43 16 44 20 45 17 46 15 47 16 48 18 
24 -0.3304208517074585 0.1831369549036026 0.6040083169937134 101 70 60 2.87 21 24 22 24 23 22 24 18 26 21 34 18 36 18 38 19 39 20 40 21 41 21 48 19 
25 0.2803778052330017 -0.0898829773068428 0.7825533747673035 145 146 148 1.34 21 25 22 25 23 23 24 19 25 17 26 22 27 15 28 21 29 11 30 20 31 8 32 21 33 9 34 19 36 19 37 10 38 20 39 21 40 22 41 22 42 21 43 17 44 21 45 18 46 16 47 17 48 20 
26 -0.2907840311527252 0.09735266119241714 0.6603176593780518 0 0 0 2.47 21 26 22 26 23 24 24 20 25 18 26 23 28 22 30 21 32 22 34 20 38 21 39 22 40 23 42 22 43 18 48 21 
27 -0.019581053406000137 0.03251701593399048 0.5961408615112305 146 149 151 1.74 21 27 22 27 23 25 24 21 25 19 26 24 27 16 28 23 30 22 32 23 34 21 36 20 38 22 39 23 40 24 41 23 42 23 43 19 44 22 45 19 46 17 47 18 48 22 
28 -0.4241166114807129 -0.225221648812294 0.6434359550476074 19 20 26 2.94 21 28 22 28 24 22 26 25 28 24 30 23 32 24 34 22 38 23 39 24 
29 -0.02632329985499382 -0.15968264639377594 0.6417228579521179 112 116 117 2.82 21 29 22 29 23 26 24 23 25 20 26 26 27 17 28 25 29 12 30 24 32 25 34 23 38 24 39 25 40 25 41 24 42 24 43 20 44 23 45 20 46 18 47 19 48 23 
30 0.4771583080291748 -0.10963551700115204 1.083618402481079 22 21 21 2.21 21 30 22 30 23 27 26 27 27 18 28 26 29 13 30 25 32 26 33 10 34 24 35 10 36 21 37 11 38 25 39 26 40 26 41 25 42 25 43 21 44 24 45 21 46 19 47 20 48 24 
31 -0.2046426236629486 -0.10741058737039566 0.7408057451248169 131 117 105 3.0 21 31 22 31 23 28 24 24 25 21 26 28 27 19 28 27 30 26 34 25 36 22 37 12 38 26 39 27 41 26 42 26 43 22 45 22 47 21 48 25 
32 -0.23949019610881805 0.07905635982751846 0.6735160946846008 83 72 71 2.34 21 32 22 32 23 29 24 25 25 22 26 29 28 28 30 27 32 27 36 23 38 27 39 28 40 27 42 27 43 23 48 26 
33 -0.19325532019138336 0.0365944467484951 0.7065351009368896 99 101 98 2.51 21 33 22 33 23 30 24 26 25 23 26 30 27 20 28 29 30 28 32 28 34 26 36 24 38 28 39 29 41 27 42 28 43 24 45 23 48 27 
34 -0.09749696403741837 -0.027035066857933998 0.7583766579627991 127 112 101 2.4 21 34 22 34 23 31 26 31 27 21 28 30 29 14 30 29 32 29 34 27 35 11 36 25 37 13 39 30 40 28 41 28 42 29 44 25 45 24 47 22 48 28 
35 0.16749614477157593 -0.13555696606636047 0.7290470004081726 71 64 67 1.54 21 35 22 35 23 32 24 27 25 24 26 32 27 22 28 31 29 15 30 30 31 9 32 30 33 11 34 28 36 26 37 14 38 29 39 31 40 29 41 29 42 30 43 25 44 26 45 25 46 20 47 23 48 29 
36 0.3082979619503021 -0.08526626974344254 0.7994545698165894 49 37 35 3.12 21 36 22 36 23 33 24 28 25 25 26 33 27 23 28 32 29 16 30 31 31 10 32 31 33 12 34 29 35 12 36 27 37 15 38 30 39 32 40 30 41 30 42 31 43 26 44 27 45 26 46 21 47 24 48 30 
37 -0.06493590027093887 0.1420821249485016 0.504958987236023 61 53 37 8.13 21 37 22 37 23 34 24 29 25 26 26 34 28 33 30 32 32 32 34 30 44 28 46 22 
38 -0.195602685213089 0.1796177327632904 0.4799211025238037 98 104 76 2.71 21 38 22 38 23 35 24 30 26 35 28 34 30 33 32 33 34 31 40 31 41 31 43 27 44 29 
39 0.1125764399766922 -0.1629868745803833 0.7096351981163025 174 184 188 1.7 21 39 22 39 23 36 24 31 25 27 26 36 27 24 28 35 30 34 32 34 33 13 36 28 37 16 38 31 39 33 40 32 41 32 42 32 43 28 44 30 45 27 46 23 47 25 48 31 
40 -0.2112584412097931 -0.07577888667583466 0.7286727428436279 144 126 108 3.1 21 40 22 40 23 37 24 32 25 28 26 37 27 25 28 36 30 35 34 32 36 29 37 17 38 32 39 34 41 33 42 33 43 29 47 26 48 32 
41 -0.035299599170684814 -0.1782446950674057 0.64542156457901 153 169 179 1.25 21 41 22 41 23 38 24 33 25 29 26 38 27 26 28 37 30 36 32 35 34 33 38 33 39 35 40 33 41 34 42 34 43 30 44 31 45 28 46 24 47 27 48 33 
42 -0.37851113080978394 -0.022874338552355766 0.6406919360160828 142 131 119 5.7 21 42 22 42 23 39 24 34 26 39 28 38 30 37 32 36 34 34 36 30 38 34 39 36 40 34 41 35 43 31 44 32 46 25 48 34 
43 -0.2995823323726654 -0.10313776135444641 0.7112552523612976 15 16 17 2.84 21 43 22 43 23 40 24 35 25 30 26 40 28 39 30 38 32 37 34 35 38 35 39 37 40 35 41 36 42 35 43 32 44 33 48 35 
44 -0.2235659509897232 0.18052689731121063 0.43474891781806946 48 63 48 4.54 21 44 22 44 24 36 26 41 30 39 32 38 34 36 36 31 
45 -0.20777826011180878 0.1699024885892868 0.5097998976707458 101 86 87 3.62 21 45 22 45 23 41 24 37 26 42 28 40 30 40 32 39 40 36 41 37 42 36 43 33 44 34 45 29 
46 -0.04412426799535751 -0.19669684767723083 0.6723140478134155 212 221 226 1.74 21 46 22 46 23 42 24 38 25 31 26 43 27 27 28 41 29 17 30 41 32 40 34 37 38 36 39 38 40 37 41 38 42 37 43 34 44 35 45 30 46 26 47 28 48 36 
47 -0.32389259338378906 -0.09778289496898651 0.7007189989089966 166 181 194 3.68 21 47 22 47 23 43 24 39 25 32 26 44 28 42 30 42 32 41 34 38 38 37 39 39 40 38 41 39 42 38 43 35 44 36 48 37 
48 0.08327265828847885 0.15984386205673218 0.8015289306640625 111 98 87 1.9 21 48 22 48 23 44 24 40 27 28 28 43 29 18 30 43 31 11 32 42 33 14 34 39 35 13 36 32 37 18 38 38 39 40 40 39 41 40 42 39 43 36 45 31 46 27 47 29 48 38 
49 -0.36469554901123047 -0.11182402819395065 0.6700515151023865 123 124 121 4.52 21 49 22 49 23 45 24 41 26 45 28 44 30 44 32 43 34 40 38 39 39 41 40 40 41 41 43 37 44 37 48 39 
50 0.6944522261619568 -0.05465616285800934 1.1755291223526 147 143 143 2.8 21 50 22 50 23 46 25 33 27 29 29 19 31 12 33 15 35 14 37 19 38 40 39 42 40 41 41 42 42 40 43 38 44 38 45 32 46 28 47 30 48 40 
51 -0.03533056750893593 -0.24377529323101044 0.6461071372032166 112 123 123 2.87 21 51 22 51 23 47 24 42 25 34 26 46 28 45 29 20 30 45 32 44 36 33 38 41 39 43 40 42 41 43 42 41 43 39 44 39 45 33 46 29 47 31 48 41 
52 0.5044225454330444 0.20159918069839478 0.9970093965530396 83 76 76 3.57 21 52 22 52 23 48 25 35 26 47 27 30 28 46 29 21 31 13 32 45 33 16 34 41 35 15 36 34 37 20 38 42 39 44 40 43 41 44 42 42 43 40 44 40 45 34 46 30 47 32 48 42 
53 0.09717042744159698 0.21161888539791107 0.5304704904556274 28 21 20 3.59 21 53 22 53 23 49 24 43 25 36 26 48 27 31 28 47 29 22 30 46 32 46 34 42 36 35 38 43 39 45 40 44 41 45 42 43 43 41 44 41 45 35 47 33 
54 -0.005426553077995777 -0.2574214041233063 0.6630713939666748 39 45 32 1.27 21 54 22 54 23 50 24 44 25 37 26 49 28 48 30 47 32 47 36 36 38 44 39 46 40 45 41 46 42 44 43 42 44 42 45 36 46 31 47 34 48 43 
55 -0.3546430170536041 -0.140004962682724 0.6824501752853394 132 117 109 3.65 21 55 22 55 23 51 24 45 26 50 28 49 30 48 32 48 34 43 38 45 39 47 40 46 41 47 43 43 44 43 48 44 
56 -0.25342923402786255 0.18301479518413544 0.47513628005981445 57 50 53 2.51 21 56 22 56 24 46 26 51 30 49 32 49 34 44 
57 -0.28732141852378845 0.07985011488199234 0.6648452877998352 174 189 200 2.43 21 57 22 57 23 52 24 47 25 38 26 52 28 50 30 50 32 50 34 45 38 46 39 48 40 47 42 45 43 44 48 45 
58 -0.029593465849757195 -0.15143436193466187 0.6365403532981873 100 112 123 3.3 21 58 22 58 23 53 24 48 25 39 26 53 27 32 28 51 30 51 32 51 34 46 38 47 39 49 40 48 41 48 42 46 43 45 44 44 45 37 46 32 47 35 48 46 
59 0.015484052710235119 0.059676457196474075 0.8097900152206421 31 27 25 2.72 21 59 22 59 23 54 24 49 25 40 26 54 27 33 28 52 29 23 32 52 33 17 34 47 35 16 36 37 37 21 38 48 39 50 41 49 42 47 43 46 44 45 46 33 47 36 48 47 
60 0.6218820810317993 0.02445054240524769 1.1201212406158447 98 96 102 4.46 21 60 22 60 23 55 25 41 27 34 29 24 31 14 33 18 35 17 36 38 37 22 38 49 39 51 40 49 41 50 42 48 43 47 44 46 45 38 46 34 47 37 48 48 
61 0.11600005626678467 -0.05115090683102608 0.7189038991928101 88 89 87 3.91 21 61 22 61 23 56 24 50 25 42 26 55 27 35 28 53 29 25 30 52 31 15 32 53 33 19 34 48 35 18 36 39 37 23 38 50 39 52 40 50 41 51 42 49 43 48 44 47 45 39 46 35 47 38 48 49 
62 0.620530903339386 -0.14432214200496674 1.1231768131256104 33 29 33 3.17 21 62 22 62 23 57 25 43 27 36 29 26 33 20 35 19 37 24 
63 -0.1954738050699234 -0.029692096635699272 0.7218855023384094 42 31 25 2.7 21 63 22 63 23 58 24 51 25 44 26 56 27 37 28 54 30 53 32 54 34 49 36 40 37 25 38 51 39 53 41 52 42 50 43 49 45 40 47 39 48 50 
64 0.015209636650979519 0.1500224769115448 0.7959488034248352 91 96 96 4.01 21 64 22 64 23 59 24 52 25 45 26 57 27 38 28 55 29 27 32 55 33 21 34 50 35 20 36 41 37 26 38 52 39 54 41 53 42 51 43 50 44 48 46 36 47 40 48 51 
65 -0.1570209115743637 0.16221699118614197 0.4948435127735138 73 74 70 6.3 21 65 22 65 23 60 24 53 26 58 28 56 30 54 32 56 34 51 
66 0.2602072060108185 -0.33178839087486267 0.8200734257698059 67 81 82 3.32 21 66 22 66 23 61 37 27 38 53 39 55 40 51 41 54 42 52 43 51 44 49 45 41 46 37 47 41 48 52 
67 -0.03441048413515091 0.16078823804855347 0.5714150667190552 140 137 136 1.89 21 67 22 67 23 62 24 54 25 46 26 59 27 39 28 57 30 55 32 57 34 52 36 42 38 54 39 56 40 52 41 55 42 53 43 52 44 50 45 42 46 38 47 42 48 53 
68 -0.08036685734987259 0.12669780850410461 0.5153620839118958 55 55 36 3.11 21 68 22 68 23 63 24 55 25 47 26 60 28 58 30 56 32 58 34 53 36 43 40 53 41 56 43 53 44 51 45 43 46 39 
69 -0.03954876586794853 0.19606748223304749 0.4816267490386963 78 70 73 3.34 21 69 22 69 23 64 24 56 25 48 26 61 28 59 30 57 32 59 34 54 36 44 40 54 41 57 43 54 44 52 45 44 47 43 
70 0.6943677663803101 0.09771787375211716 1.1418635845184326 125 115 112 2.04 21 70 22 70 23 65 25 49 27 40 29 28 31 16 33 22 35 21 37 28 38 55 39 57 40 55 41 58 42 54 43 55 44 53 45 45 46 40 47 44 48 54 
71 0.7039451599121094 -0.13800667226314545 1.1832692623138428 29 24 27 3.27 21 71 22 71 23 66 25 50 27 41 29 29 31 17 33 23 35 22 37 29 38 56 39 58 40 56 41 59 42 55 43 56 44 54 45 46 46 41 47 45 48 55 
72 0.5798410773277283 0.20498377084732056 0.9199084639549255 52 43 42 3.46 21 72 22 72 31 18 33 24 34 55 35 23 36 45 37 30 38 57 39 59 40 57 41 60 42 56 43 57 44 55 45 47 46 42 47 46 48 56 
73 0.4626670777797699 0.17499972879886627 0.8219974637031555 44 32 32 2.36 21 73 22 73 23 67 24 57 25 51 26 62 27 42 28 60 29 30 30 58 31 19 32 60 33 25 34 56 35 24 36 46 37 31 38 58 39 60 40 58 41 61 42 57 43 58 44 56 45 48 46 43 47 47 48 57 
74 0.5460264682769775 0.11052501946687698 1.0529786348342896 120 110 102 1.44 21 74 23 68 24 58 25 52 27 43 28 61 29 31 31 20 32 61 33 26 34 57 35 25 36 47 37 32 38 59 39 61 40 59 41 62 42 58 43 59 44 57 45 49 46 44 47 48 48 58 
75 0.5897243022918701 0.220438152551651 1.0687651634216309 125 135 153 1.13 22 74 23 69 25 53 27 44 29 32 31 21 33 27 35 26 36 48 37 33 38 60 39 62 40 60 41 63 42 59 43 60 44 58 45 50 46 45 47 49 48 59 
76 0.7337369322776794 0.25060465931892395 0.9320172667503357 30 28 28 2.25 29 33 31 22 33 28 35 27 37 34 38 61 39 63 40 61 41 64 42 60 43 61 44 59 45 51 46 46 47 50 48 60 
77 0.4755948781967163 0.19081157445907593 0.8597989678382874 27 26 30 7.05 21 75 22 75 23 70 25 54 27 45 28 62 29 34 30 59 31 23 32 62 33 29 34 58 35 28 36 49 37 35 38 62 39 64 40 62 41 65 42 61 43 62 44 60 45 52 46 47 47 51 
78 0.45864203572273254 -0.15417294204235077 0.886391818523407 185 199 211 1.42 21 76 22 76 23 71 24 59 25 55 26 63 27 46 28 63 29 35 32 63 33 30 34 59 35 29 36 50 37 36 38 63 39 65 40 63 41 66 42 62 43 63 44 61 45 53 46 48 47 52 48 61 
79 0.631410539150238 0.2258753478527069 1.0782719850540161 100 88 86 1.17 21 77 22 77 23 72 25 56 27 47 29 36 31 24 33 31 35 30 37 37 38 64 39 66 40 64 41 67 42 63 43 64 44 62 45 54 46 49 47 53 48 62 
80 0.2202850878238678 0.18308258056640625 0.5645734071731567 29 23 26 2.34 21 78 22 78 23 73 24 60 25 57 26 64 27 48 28 64 29 37 30 60 31 25 32 64 33 32 34 60 36 51 38 65 39 67 40 65 41 68 42 64 43 65 44 63 45 55 46 50 47 54 
81 0.41780683398246765 0.11742618680000305 0.9998928308486938 83 91 106 1.25 21 79 22 79 23 74 24 61 25 58 26 65 27 49 30 61 31 26 32 65 33 33 34 61 35 31 36 52 37 38 38 66 39 68 40 66 41 69 42 65 43 66 44 64 45 56 46 51 47 55 48 63 
82 0.6405786275863647 0.12069449573755264 1.1040481328964233 122 104 100 1.0 21 80 22 80 23 75 25 59 27 50 29 38 31 27 33 34 35 32 37 39 38 67 39 69 40 67 41 70 42 66 43 67 44 65 45 57 46 52 47 56 48 64 
83 -0.010757507756352425 -0.0783228948712349 0.6633524298667908 81 80 78 1.88 21 81 22 81 23 76 24 62 25 60 26 66 27 51 28 65 29 39 30 62 32 66 34 62 36 53 38 68 39 70 40 68 41 71 42 67 43 68 44 66 45 58 46 53 47 57 48 65 
84 -0.020461952313780785 -0.15094362199306488 0.8512375950813293 24 15 11 1.98 21 82 22 82 23 77 24 63 25 61 26 67 27 52 28 66 29 40 30 63 31 28 32 67 34 63 36 54 37 40 38 69 39 71 40 69 42 68 43 69 44 67 46 54 47 58 48 66 
85 0.6238157749176025 0.02543366327881813 1.1271848678588867 146 138 141 1.46 21 83 22 83 23 78 25 62 27 53 29 41 31 29 33 35 35 33 37 41 38 70 39 72 40 70 41 72 42 69 43 70 44 68 45 59 46 55 47 59 48 67 
86 0.14042262732982635 -0.06599830836057663 0.7333826422691345 70 71 73 1.88 21 84 22 84 23 79 24 64 25 63 26 68 27 54 28 67 29 42 30 64 31 30 32 68 33 36 34 64 35 34 36 55 37 42 38 71 39 73 40 71 41 73 42 70 43 71 44 69 45 60 46 56 47 60 48 68 
87 0.659207820892334 0.24936780333518982 0.8315673470497131 32 42 21 1.57 27 55 29 43 31 31 33 37 35 35 38 72 39 74 40 72 41 74 42 71 
88 0.483682245016098 0.09144116193056107 1.0258525609970093 79 76 76 1.41 21 85 22 85 23 80 26 69 27 56 28 68 29 44 30 65 31 32 32 69 33 38 34 65 35 36 36 56 37 43 38 73 39 75 40 73 41 75 42 72 43 72 44 70 45 61 46 57 47 61 48 69 
89 0.5763782262802124 0.21933811902999878 1.036294937133789 72 59 57 1.87 22 86 23 81 25 64 27 57 29 45 31 33 33 39 35 37 36 57 37 44 38 74 39 76 40 74 41 76 42 73 43 73 44 71 45 62 46 58 47 62 48 70 
90 0.7018880248069763 0.2578553557395935 1.06759774684906 47 33 38 1.84 25 65 27 58 29 46 31 34 33 40 35 38 37 45 38 75 39 77 40 75 41 77 42 74 43 74 44 72 45 63 46 59 47 63 48 71 
91 0.6618379354476929 0.13771280646324158 1.110024094581604 117 105 98 1.12 21 86 22 87 23 82 25 66 27 59 29 47 31 35 33 41 35 39 37 46 38 76 39 78 40 76 41 78 42 75 43 75 44 73 45 64 46 60 47 64 48 72 
92 0.46215102076530457 0.07367674261331558 0.8405380249023438 152 157 161 1.11 21 87 22 88 23 83 24 65 25 67 26 70 27 60 28 69 29 48 30 66 31 36 32 70 33 42 34 66 35 40 36 58 37 47 38 77 39 79 40 77 41 79 42 76 43 76 44 74 45 65 46 61 47 65 48 73 
93 0.3157024383544922 0.2204182893037796 0.5927224159240723 80 55 49 2.28 21 88 22 89 23 84 24 66 25 68 26 71 27 61 28 70 29 49 30 67 31 37 32 71 33 43 34 67 35 41 36 59 38 78 39 80 40 78 41 80 42 77 43 77 44 75 45 66 46 62 47 66 
94 0.6070786118507385 -0.05720524117350578 1.1537002325057983 225 234 238 1.95 21 89 22 90 23 85 25 69 27 62 29 50 33 44 35 42 36 60 37 48 38 79 39 81 40 79 41 81 42 78 43 78 44 76 45 67 46 63 47 67 48 74 
95 0.6878458261489868 -0.11944428086280823 1.1977201700210571 60 65 70 2.68 21 90 22 91 23 86 25 70 27 63 29 51 31 38 33 45 35 43 37 49 38 80 39 82 40 80 41 82 42 79 43 79 44 77 45 68 46 64 47 68 48 75 
96 0.7076922655105591 0.24677860736846924 0.9184888601303101 63 59 65 1.37 27 64 29 52 31 39 33 46 35 44 37 50 38 81 39 83 40 81 41 83 42 80 43 80 44 78 45 69 46 65 47 69 48 76 
97 0.6794137954711914 -0.0687994435429573 1.1819030046463013 146 138 133 2.24 21 91 22 92 23 87 25 71 27 65 29 53 31 40 33 47 35 45 37 51 38 82 39 84 40 82 41 84 42 81 43 81 44 79 45 70 46 66 47 70 48 77 
98 0.35790714621543884 0.22336623072624207 0.6579751372337341 46 43 48 2.75 21 92 22 93 23 88 25 72 26 72 27 66 28 71 29 54 30 68 31 41 32 72 33 48 34 68 35 46 36 61 38 83 39 85 40 83 41 85 42 82 43 82 44 80 45 71 46 67 47 71 
99 0.471137136220932 -0.10722187161445618 1.080281138420105 14 12 12 1.51 21 93 22 94 23 89 26 73 27 67 28 72 29 55 30 69 32 73 33 49 34 69 35 47 36 62 37 52 38 84 39 86 40 84 41 86 42 83 43 83 44 81 45 72 46 68 47 72 48 78 
100 0.1947433203458786 0.191987544298172 0.8477972745895386 98 92 88 1.89 22 95 23 90 24 67 25 73 26 74 27 68 28 73 29 56 30 70 31 42 32 74 33 50 34 70 35 48 36 63 37 53 38 85 39 87 40 85 41 87 43 84 44 82 45 73 46 69 47 73 48 79 
101 0.4206518828868866 0.16057462990283966 0.9872392416000366 106 111 123 1.09 21 94 22 96 23 91 24 68 25 74 26 75 27 69 30 71 31 43 32 75 33 51 34 71 35 49 36 64 37 54 38 86 39 88 40 86 41 88 42 84 43 85 44 83 45 74 46 70 47 74 48 80 
102 0.32184267044067383 0.17676417529582977 0.7024052143096924 133 134 133 5.5 21 95 22 97 23 92 24 69 25 75 26 76 27 70 28 74 29 57 30 72 31 44 32 76 33 52 34 72 35 50 36 65 37 55 38 87 39 89 40 87 41 89 42 85 43 86 44 84 45 75 46 71 47 75 
103 0.5681279301643372 0.05467773601412773 1.0820951461791992 102 86 81 1.52 22 98 23 93 24 70 25 76 27 71 28 75 29 58 31 45 33 53 35 51 36 66 37 56 38 88 39 90 40 88 41 90 42 86 43 87 44 85 45 76 46 72 47 76 48 81 
104 0.5750144124031067 0.19494909048080444 1.0559762716293335 138 154 172 1.03 22 99 23 94 25 77 27 72 29 59 31 46 33 54 35 52 36 67 37 57 38 89 39 91 40 89 41 91 42 87 43 88 44 86 45 77 46 73 47 77 48 82 
105 0.37769439816474915 0.20651964843273163 0.630527913570404 21 26 30 1.98 21 96 22 100 23 95 24 71 25 78 26 77 27 73 28 76 29 60 30 73 31 47 32 77 33 55 34 73 35 53 36 68 38 90 39 92 40 90 41 92 42 88 43 89 44 87 45 78 46 74 47 78 
106 0.48621463775634766 0.18669664859771729 1.0032706260681152 82 78 79 1.33 21 97 22 101 23 96 26 78 27 74 28 77 29 61 30 74 31 48 32 78 33 56 34 74 35 54 36 69 37 58 38 91 39 93 40 91 41 93 42 89 43 90 44 88 45 79 46 75 47 79 48 83 
107 0.6665410995483398 0.09955497086048126 1.1236525774002075 130 118 112 1.32 21 98 22 102 23 97 25 79 27 75 29 62 31 49 33 57 35 55 37 59 38 92 39 94 40 92 41 94 42 90 43 91 44 89 45 80 46 76 47 80 48 84 
108 0.6243560314178467 0.23638156056404114 0.8942083716392517 94 83 85 3.4 29 63 31 50 33 58 35 56 36 70 37 60 38 93 39 95 40 93 41 95 42 91 43 92 44 90 45 81 46 77 47 81 48 85 
109 0.14397504925727844 -0.09648099541664124 0.7182355523109436 124 128 133 0.99 21 99 22 103 23 98 24 72 25 80 26 79 27 76 28 78 29 64 30 75 31 51 32 79 33 59 34 75 35 57 36 71 37 61 38 94 39 96 40 94 41 96 42 92 43 93 44 91 45 82 46 78 47 82 48 86 
110 0.6351611018180847 0.08931504189968109 1.109371542930603 117 89 86 1.15 21 100 22 104 23 99 25 81 27 77 29 65 31 52 33 60 35 58 37 62 38 95 39 97 40 95 41 97 42 93 43 94 44 92 45 83 46 79 47 83 48 87 
111 0.6786410212516785 -0.08814369142055511 1.1860204935073853 134 129 123 2.49 21 101 22 105 23 100 25 82 27 78 29 66 31 53 33 61 35 59 37 63 38 96 39 98 40 96 41 98 42 94 43 95 44 93 45 84 46 80 47 84 48 88 
112 0.4471234977245331 0.23082725703716278 0.7387319803237915 61 63 63 1.4 21 102 22 106 23 101 24 73 25 83 26 80 27 79 28 79 29 67 30 76 31 54 32 80 33 62 34 76 35 60 36 72 38 97 39 99 40 97 41 99 42 95 43 96 44 94 45 85 
113 0.4616906940937042 -0.13387438654899597 0.8748002052307129 63 56 54 1.6 21 103 22 107 23 102 24 74 25 84 26 81 27 80 28 80 29 68 30 77 32 81 33 63 34 77 35 61 36 73 37 64 38 98 39 100 40 98 41 100 42 96 43 97 44 95 45 86 46 81 47 85 48 89 
114 0.5661726593971252 0.2026033252477646 0.7625464200973511 23 26 21 2.27 25 85 27 81 29 69 31 55 32 82 33 64 34 78 35 62 36 74 37 65 38 99 39 101 40 99 41 101 42 97 43 98 44 96 45 87 46 82 47 86 48 90 
115 0.13368570804595947 -0.1207457110285759 0.7184996604919434 144 148 152 1.21 21 104 22 108 23 103 24 75 25 86 26 82 27 82 28 81 29 70 30 78 31 56 32 83 33 65 34 79 35 63 36 75 37 66 38 100 39 102 40 100 41 102 42 98 43 99 44 97 45 88 46 83 47 87 48 91 
116 0.2719138264656067 -0.1313270628452301 0.7787269353866577 135 137 138 1.13 21 105 22 109 23 104 24 76 25 87 26 83 27 83 28 82 29 71 30 79 31 57 32 84 33 66 34 80 35 64 36 76 37 67 38 101 39 103 40 101 41 103 42 99 43 100 44 98 45 89 46 84 47 88 48 92 
117 -0.018643904477357864 0.12340810894966125 0.784174382686615 106 107 107 2.16 22 110 23 105 24 77 25 88 26 84 27 84 28 83 29 72 30 80 31 58 32 85 34 81 35 65 36 77 37 68 38 102 39 104 40 102 42 100 43 101 44 99 46 85 47 89 48 93 
118 0.4830380082130432 -0.20660780370235443 0.8974158763885498 21 21 25 1.64 21 106 22 111 23 106 24 78 25 89 27 85 28 84 33 67 35 66 37 69 38 103 39 105 40 103 41 104 42 101 43 102 44 100 45 90 46 86 47 90 48 94 
119 0.3396444320678711 0.21045231819152832 0.7218524813652039 42 36 33 2.64 21 107 22 112 23 107 24 79 25 90 26 85 27 86 28 85 29 73 30 81 31 59 32 86 33 68 34 82 35 67 36 78 38 104 39 106 40 104 41 105 42 102 43 103 44 101 45 91 
120 0.6912816166877747 0.23190289735794067 1.098372459411621 107 94 90 1.24 21 108 22 113 23 108 25 91 27 87 29 74 31 60 33 69 35 68 37 70 38 105 39 107 40 105 41 106 42 103 43 104 44 102 45 92 46 87 47 91 48 95 
121 0.40225985646247864 -0.14490288496017456 1.0386053323745728 27 27 28 1.08 21 109 22 114 23 109 24 80 34 83 35 69 36 79 37 71 38 106 39 108 40 106 41 107 42 104 43 105 44 103 45 93 46 88 47 92 48 96 
122 0.12088744342327118 -0.15968084335327148 0.7151613831520081 57 47 41 1.03 21 110 22 115 23 110 24 81 25 92 26 86 27 88 28 86 29 75 30 82 31 61 32 87 33 70 34 84 36 80 37 72 38 107 39 109 40 107 41 108 42 105 43 106 44 104 45 94 46 89 47 93 48 97 
123 0.6922271251678467 0.16209718585014343 1.1198481321334839 121 105 100 1.46 21 111 22 116 23 111 25 93 27 89 29 76 31 62 33 71 35 70 37 73 38 108 39 110 40 108 41 109 42 106 43 107 44 105 45 95 46 90 47 94 48 98 
124 0.4412463307380676 0.22512774169445038 0.7201269268989563 58 62 74 1.9 21 112 22 117 23 112 24 82 25 94 26 87 27 90 28 87 29 77 30 83 31 63 32 88 33 72 34 85 35 71 36 81 38 109 39 111 40 109 41 110 42 107 43 108 44 106 45 96 46 91 
125 0.005285127088427544 0.13082057237625122 0.6109371781349182 79 73 72 2.49 21 113 22 118 23 113 24 83 25 95 26 88 27 91 28 88 29 78 30 84 32 89 34 86 36 82 38 110 39 112 40 110 41 111 42 108 43 109 44 107 45 97 46 92 47 95 48 99 
126 0.5881244540214539 -0.037559330463409424 1.139164686203003 223 236 239 1.81 22 119 23 114 24 84 25 96 27 92 29 79 33 73 35 72 36 83 37 74 38 111 39 113 40 111 41 112 42 109 43 110 44 108 45 98 46 93 47 96 48 100 
127 0.545384407043457 0.19983144104480743 1.026082992553711 65 54 52 1.74 21 114 23 115 24 85 25 97 27 93 28 89 29 80 31 64 33 74 34 87 35 73 36 84 37 75 38 112 39 114 40 112 41 113 42 110 43 111 44 109 45 99 46 94 47 97 48 101 
128 0.4455554187297821 0.11580466479063034 1.0226272344589233 143 164 176 1.32 21 115 22 120 23 116 24 86 25 98 28 90 29 81 30 85 31 65 32 90 33 75 34 88 35 74 36 85 37 76 38 113 39 115 40 113 41 114 42 111 43 112 44 110 45 100 46 95 47 98 48 102 
129 0.6894643306732178 0.21425732970237732 1.1027450561523438 102 94 92 1.06 21 116 22 121 23 117 25 99 27 94 29 82 31 66 33 76 35 75 37 77 38 114 39 116 40 114 41 115 42 112 43 113 44 111 45 101 46 96 47 99 48 103 
130 0.43072831630706787 -0.10751549154520035 1.0665570497512817 34 28 25 1.57 21 117 22 122 23 118 24 87 29 83 30 86 32 91 33 77 34 89 35 76 36 86 37 78 38 115 39 117 40 115 41 116 42 113 43 114 44 112 45 102 46 97 47 100 48 104 
131 0.2123454213142395 -0.33309128880500793 0.8147837519645691 100 98 93 0.9 21 118 22 123 23 119 37 79 38 116 39 118 40 116 41 117 42 114 43 115 44 113 45 103 46 98 47 101 48 105 
132 0.2895175516605377 -0.12198355793952942 0.7879886627197266 92 90 89 1.05 21 119 22 124 23 120 24 88 25 100 26 89 27 95 28 91 29 84 30 87 31 67 32 92 33 78 34 90 35 77 36 87 37 80 38 117 39 119 40 117 41 118 42 115 43 116 44 114 45 104 46 99 47 102 48 106 
133 -0.1923370361328125 0.0656871497631073 0.7164308428764343 45 40 40 2.07 21 120 22 125 23 121 24 89 25 101 26 90 27 96 28 92 30 88 32 93 34 91 36 88 37 81 38 118 39 120 41 119 42 116 43 117 45 105 47 103 48 107 
134 0.4813808798789978 0.21628743410110474 0.8063717484474182 105 111 111 2.34 21 121 22 126 23 122 24 90 25 102 26 91 27 97 28 93 29 85 30 89 31 68 32 94 33 79 34 92 35 78 36 89 37 82 38 119 39 121 47 104 48 108 
135 0.4619138538837433 0.13609576225280762 0.8299358487129211 104 103 103 1.81 21 122 22 127 23 123 24 91 25 103 26 92 27 98 28 94 29 86 30 90 31 69 32 95 33 80 34 93 35 79 36 90 37 83 38 120 39 122 40 118 41 120 42 117 43 118 44 115 45 106 46 100 47 105 48 109 
136 0.14342188835144043 -0.1195979043841362 0.7467293739318848 46 41 39 1.25 21 123 22 128 23 124 24 92 25 104 26 93 27 99 28 95 29 87 30 91 31 70 32 96 33 81 34 94 36 91 37 84 38 121 39 123 40 119 41 121 42 118 43 119 44 116 45 107 46 101 47 106 48 110 
137 0.6739152669906616 0.16483847796916962 1.1070419549942017 123 111 106 1.04 21 124 22 129 23 125 25 105 27 100 29 88 31 71 33 82 35 80 37 85 38 122 39 124 40 120 41 122 42 119 43 120 44 117 45 108 46 102 47 107 48 111 
138 0.48274362087249756 0.2123095989227295 0.9963736534118652 68 68 73 1.38 21 125 22 130 23 126 26 94 27 101 28 96 29 89 30 92 31 72 32 97 33 83 34 95 35 81 36 92 37 86 38 123 39 125 40 121 41 123 42 120 43 121 44 118 45 109 46 103 47 108 48 112 
139 0.3018847107887268 0.18955618143081665 0.6911486387252808 179 173 168 2.53 21 126 22 131 23 127 24 93 25 106 26 95 27 102 28 97 29 90 30 93 31 73 32 98 33 84 34 96 35 82 36 93 37 87 38 124 39 126 40 122 41 124 42 121 43 122 44 119 45 110 46 104 
140 0.46530935168266296 0.22660864889621735 0.6690942645072937 18 18 21 2.0 21 127 22 132 23 128 25 107 27 103 28 98 29 91 30 94 31 74 32 99 33 85 34 97 35 83 36 94 38 125 39 127 40 123 41 125 42 122 43 123 44 120 45 111 46 105 47 109 
141 0.5211014151573181 -0.13488303124904633 1.1100963354110718 52 45 44 1.5 24 94 26 96 27 104 28 99 29 92 32 100 33 86 34 98 35 84 36 95 37 88 38 126 39 128 40 124 41 126 42 123 43 124 44 121 45 112 46 106 47 110 48 113 
142 0.4044554829597473 0.20639193058013916 0.9385973215103149 86 81 77 1.97 21 128 22 133 23 129 24 95 25 108 26 97 27 105 28 100 29 93 30 95 33 87 34 99 35 85 36 96 37 89 38 127 39 129 40 125 41 127 42 124 43 125 44 122 45 113 46 107 47 111 48 114 
143 0.6847235560417175 0.2542422413825989 0.8711614012718201 52 51 43 1.48 27 106 29 94 31 75 33 88 35 86 38 128 39 130 40 126 41 128 42 125 43 126 44 123 45 114 
144 0.5389832258224487 0.24553824961185455 0.7589423656463623 14 14 16 2.74 21 129 22 134 23 130 25 109 27 107 29 95 31 76 32 101 33 89 34 100 35 87 36 97 38 129 39 131 40 127 41 129 42 126 43 127 44 124 45 115 46 108 47 112 48 115 
145 0.6914495825767517 0.027752971276640892 1.1585981845855713 137 122 112 1.95 21 130 22 135 23 131 25 110 27 108 29 96 31 77 33 90 35 88 37 90 38 130 39 132 40 128 41 130 42 127 43 128 44 125 45 116 46 109 47 113 48 116 
146 0.46169647574424744 -0.2112293392419815 0.883829653263092 80 89 94 1.15 21 131 22 136 23 132 24 96 25 111 27 109 28 101 33 91 35 89 37 91 38 131 39 133 40 129 41 131 42 128 43 129 44 126 45 117 46 110 47 114 48 117 
147 0.6621081233024597 0.235718235373497 1.0807987451553345 121 107 102 0.88 21 132 22 137 23 133 25 112 27 110 29 97 31 78 33 92 35 90 37 92 38 132 39 134 40 130 41 132 42 129 43 130 44 127 45 118 46 111 47 115 48 118 
148 0.30868983268737793 -0.1458338052034378 0.7998968362808228 56 52 49 0.9 21 133 22 138 23 134 24 97 25 113 26 98 27 111 28 102 29 98 30 96 31 79 32 102 34 101 35 91 36 98 37 93 38 133 39 135 40 131 41 133 42 130 43 131 44 128 45 119 46 112 47 116 48 119 
149 0.5117274522781372 0.21704530715942383 1.0028492212295532 104 95 87 2.03 21 134 22 139 25 114 26 99 27 112 28 103 29 99 31 80 32 103 33 93 34 102 35 92 36 99 37 94 38 134 39 136 40 132 41 134 42 131 43 132 44 129 45 120 46 113 47 117 48 120 
150 0.45942121744155884 0.040673695504665375 0.8276432156562805 158 168 177 1.68 21 135 22 140 23 135 24 98 25 115 26 100 27 113 28 104 29 100 30 97 31 81 32 104 33 94 34 103 35 93 36 100 37 95 38 135 39 137 40 133 41 135 42 132 43 133 44 130 45 121 46 114 47 118 48 121 
151 0.6542962789535522 0.25222477316856384 0.8077021241188049 42 51 30 2.35 27 114 29 101 31 82 33 95 35 94 36 101 38 136 40 134 41 136 
152 0.11932844668626785 -0.10042539983987808 0.7113805413246155 155 144 138 1.91 21 136 22 141 23 136 24 99 25 116 26 101 27 115 28 105 29 102 30 98 31 83 32 105 33 96 34 104 35 95 36 102 37 96 38 137 39 138 40 135 41 137 42 133 43 134 44 131 45 122 46 115 47 119 48 122 
153 0.6094691157341003 0.24057091772556305 0.8661612868309021 25 22 23 1.66 33 97 35 96 36 103 38 138 39 139 40 136 41 138 42 134 43 135 44 132 45 123 46 116 47 120 48 123 
154 0.5372552275657654 0.2451726794242859 0.7605353593826294 47 45 47 2.51 21 137 22 142 23 137 25 117 27 116 29 103 31 84 32 106 33 98 34 105 35 97 36 104 38 139 39 140 40 137 41 139 42 135 43 136 44 133 45 124 46 117 47 121 48 124 
155 0.42549628019332886 -0.14411918818950653 1.0576682090759277 64 66 68 1.14 21 138 23 138 32 107 33 99 34 106 35 98 36 105 37 97 38 140 39 141 40 138 41 140 42 136 43 137 44 134 45 125 46 118 47 122 48 125 
156 0.6886135935783386 -0.048709191381931305 1.1813806295394897 129 121 115 2.31 21 139 22 143 23 139 25 118 27 117 29 104 33 100 35 99 37 98 38 141 39 142 40 139 41 141 42 137 43 138 44 135 45 126 46 119 47 123 48 126 
157 -0.1935492902994156 -0.1137097179889679 0.7724563479423523 101 102 101 1.79 21 140 22 144 23 140 24 100 25 119 26 102 27 118 28 106 30 99 32 108 34 107 36 106 37 99 38 142 39 143 40 140 41 142 42 138 43 139 47 124 48 127 
158 0.6867800354957581 0.07596972584724426 1.1421838998794556 131 121 117 1.79 21 141 22 145 23 141 25 120 27 119 29 105 31 85 33 101 35 100 37 100 38 143 39 144 40 141 41 143 42 139 43 140 44 136 45 127 46 120 47 125 48 128 
159 0.42332616448402405 0.06446049362421036 1.0033533573150635 76 73 71 1.31 21 142 22 146 23 142 24 101 25 121 26 103 27 120 30 100 31 86 32 109 33 102 34 108 35 101 36 107 37 101 38 144 39 145 40 142 41 144 42 140 43 141 44 137 45 128 46 121 47 126 48 129 
160 0.5748003125190735 -0.11785000562667847 1.1369132995605469 80 58 55 1.87 21 143 22 147 23 143 24 102 25 122 27 121 28 107 29 106 33 103 35 102 36 108 37 102 38 145 39 146 40 143 41 145 42 141 43 142 44 138 45 129 46 122 47 127 48 130 
161 0.45802080631256104 0.207881361246109 0.999667227268219 99 113 127 1.33 21 144 22 148 23 144 24 103 25 123 28 108 29 107 30 101 31 87 32 110 33 104 34 109 35 103 36 109 37 103 38 146 39 147 40 144 41 146 42 142 43 143 44 139 45 130 46 123 47 128 48 131 
162 0.15075045824050903 0.16391104459762573 0.6352440118789673 147 154 152 1.56 21 145 22 149 23 145 24 104 25 124 26 104 27 122 28 109 29 108 30 102 31 88 32 111 33 105 34 110 35 104 36 110 37 104 38 147 39 148 40 145 41 147 42 143 43 144 44 140 45 131 46 124 47 129 48 132 
163 0.6920554637908936 0.11015541106462479 1.1362992525100708 119 103 99 1.89 21 146 22 150 23 146 25 125 27 123 29 109 31 89 33 106 35 105 37 105 38 148 39 149 40 146 41 148 42 144 43 145 44 141 45 132 46 125 47 130 48 133 
164 0.0007650118786841631 -0.1535419076681137 0.687633216381073 28 21 17 1.7 21 147 22 151 23 147 24 105 25 126 26 105 27 124 28 110 29 110 30 103 32 112 34 111 36 111 37 106 38 149 39 150 40 147 41 149 42 145 43 146 44 142 45 133 46 126 47 131 48 134 
165 0.4826013445854187 0.1447092592716217 1.0158652067184448 75 73 73 1.17 21 148 22 152 23 148 26 106 27 125 28 111 29 111 30 104 31 90 32 113 33 107 34 112 35 106 36 112 37 107 38 150 39 151 40 148 41 150 42 146 43 147 44 143 45 134 46 127 47 132 48 135 
166 0.7028406858444214 0.1825113594532013 1.12199068069458 38 35 33 2.2 21 149 22 153 23 149 25 127 27 126 29 112 31 91 33 108 35 107 37 108 38 151 39 152 40 149 41 151 42 147 43 148 44 144 45 135 46 128 47 133 48 136 
167 0.6659795641899109 0.09112271666526794 1.1257774829864502 121 109 106 1.33 21 150 22 154 23 150 25 128 27 127 29 113 31 92 33 109 35 108 37 109 38 152 39 153 40 150 41 152 42 148 43 149 44 145 45 136 46 129 47 134 48 137 
168 0.10180315375328064 -0.14052999019622803 0.707159161567688 67 55 48 2.66 21 151 22 155 23 151 24 106 25 129 26 107 27 128 28 112 29 114 30 105 31 93 32 114 33 110 34 113 36 113 37 110 38 153 39 154 40 151 41 153 42 149 43 150 44 146 45 137 46 130 47 135 48 138 
169 0.6842119693756104 0.0769965648651123 1.1400723457336426 52 47 51 1.61 21 152 22 156 23 152 25 130 27 129 29 115 31 94 33 111 35 109 37 111 38 154 39 155 40 152 41 154 42 150 43 151 44 147 45 138 46 131 47 136 48 139 
170 -0.18971207737922668 0.13154307007789612 0.7021846771240234 64 66 70 1.92 21 153 22 157 23 153 24 107 25 131 26 108 27 130 28 113 30 106 32 115 34 114 36 114 38 155 41 155 42 151 43 152 47 137 48 140 
171 0.6607323288917542 0.2442377805709839 0.891055166721344 47 46 51 1.19 27 131 29 116 31 95 33 112 35 110 38 156 39 156 40 153 41 156 42 152 43 153 44 148 45 139 46 132 47 138 48 141 
172 0.2813958525657654 -0.004884188063442707 0.7573800683021545 146 146 144 1.19 21 154 22 158 23 154 24 108 25 132 26 109 27 132 28 114 29 117 30 107 31 96 32 116 33 113 34 115 35 111 36 115 37 112 38 157 39 157 40 154 41 157 42 153 43 154 44 149 45 140 46 133 47 139 48 142 
173 0.46847137808799744 -0.05712961032986641 1.0709245204925537 128 140 150 1.79 21 155 22 159 23 155 26 110 27 133 28 115 29 118 30 108 32 117 33 114 34 116 35 112 36 116 37 113 38 158 39 158 40 155 41 158 42 154 43 155 44 150 45 141 46 134 47 140 48 143 
174 0.4581312835216522 -0.19205977022647858 0.893401026725769 116 120 123 1.51 21 156 22 160 23 156 24 109 25 133 27 134 28 116 32 118 33 115 34 117 35 113 37 114 38 159 39 159 40 156 41 159 42 155 43 156 44 151 45 142 46 135 47 141 48 144 
175 0.565369725227356 -0.10268844664096832 1.1285396814346313 68 48 47 1.82 22 161 23 157 24 110 25 134 27 135 28 117 29 119 32 119 33 116 34 118 35 114 36 117 37 115 38 160 39 160 40 157 41 160 42 156 43 157 44 152 45 143 46 136 47 142 48 145 
176 0.6856650710105896 -0.11331864446401596 1.21854567527771 85 73 71 4.37 21 157 22 162 23 158 25 135 27 136 29 120 31 97 33 117 35 115 37 116 38 161 39 161 40 158 41 161 42 157 43 158 44 153 45 144 46 137 47 143 48 146 
177 0.6159613728523254 0.036361049860715866 1.3322128057479858 130 127 122 2.11 40 159 41 162 42 158 43 159 44 154 45 145 46 138 47 144 48 147 
178 0.7761206030845642 0.3637641668319702 1.2772682905197144 46 36 40 7.28 44 155 45 146 46 139 47 145 48 148 
179 0.7038737535476685 0.023315705358982086 1.159141182899475 117 119 118 3.79 21 158 22 163 23 159 25 136 27 137 31 98 33 118 35 116 37 117 38 162 39 162 40 160 41 163 42 159 43 160 44 156 45 147 46 140 47 146 48 149 
180 0.8793733716011047 0.28902167081832886 1.1619020700454712 24 24 29 10.79 44 157 45 148 46 141 47 147 48 150 
181 0.5382531881332397 0.4342125356197357 1.5279463529586792 51 50 54 4.14 43 161 44 158 45 149 46 142 47 148 48 151 
182 0.7058770060539246 0.15493153035640717 1.1393871307373047 99 94 94 2.75 21 159 22 164 23 160 25 137 27 138 29 121 31 99 33 119 35 117 37 118 38 163 39 163 40 161 41 164 42 160 43 162 44 159 45 150 46 143 47 149 48 152 
183 0.36558976769447327 0.48596593737602234 1.7591171264648438 15 14 12 1.64 43 163 44 160 45 151 46 144 47 150 48 153 
184 0.7211818695068359 0.1899435818195343 1.236377239227295 21 31 25 3.25 35 118 37 119 39 164 41 165 42 161 43 164 44 161 45 152 46 145 47 151 48 154 
185 0.4882187843322754 -0.06656743586063385 1.5870952606201172 124 130 130 2.1 40 162 41 166 42 162 43 165 44 162 45 153 46 146 47 152 48 155 
186 0.8160671591758728 0.27001434564590454 1.1318401098251343 57 60 70 7.01 29 122 31 100 33 120 35 119 43 166 44 163 45 154 46 147 47 153 48 156 
187 0.2926405966281891 0.06479895114898682 1.9372507333755493 132 136 139 1.48 40 163 41 167 42 163 43 167 44 164 45 155 46 148 47 154 48 157 
188 0.4034751355648041 0.24695906043052673 1.688665747642517 69 59 62 1.23 40 164 43 168 44 165 45 156 46 149 47 155 48 158 
189 0.6898043155670166 0.09982235729694366 1.181993842124939 91 84 83 2.52 21 160 39 165 40 165 41 168 42 164 43 169 44 166 45 157 46 150 47 156 48 159 
190 0.49486151337623596 -0.055784180760383606 1.573608160018921 124 125 126 2.14 40 166 41 169 42 165 43 170 44 167 45 158 46 151 47 157 48 160 
191 0.7489959001541138 0.24894453585147858 0.9765549898147583 49 51 57 3.61 43 171 44 168 45 159 46 152 47 158 48 161 
192 0.8233640193939209 0.25404804944992065 0.9699735641479492 52 50 56 8.62 31 101 41 170 42 166 43 172 44 169 45 160 46 153 47 159 48 162 
193 0.6044523119926453 0.019676970317959785 1.356776237487793 140 143 140 2.28 40 167 41 171 42 167 43 173 44 170 45 161 46 154 47 160 48 163 
194 0.4225254952907562 -0.1703290194272995 1.0333757400512695 14 12 15 2.17 32 120 33 121 34 119 35 120 36 118 37 120 38 164 39 166 40 168 41 172 42 168 43 174 44 171 45 162 46 155 47 161 48 164 
195 0.7088163495063782 0.21370069682598114 1.1246864795684814 87 75 73 2.87 21 161 22 165 23 161 25 138 27 139 29 123 31 102 33 122 35 121 37 121 38 165 39 167 40 169 41 173 42 169 43 175 44 172 45 163 46 156 47 162 48 165 
196 0.69051194190979 -0.12308341264724731 1.2440755367279053 144 171 190 4.18 21 162 38 166 39 168 40 170 41 174 42 170 43 176 44 173 45 164 46 157 47 163 48 166 
197 0.569551944732666 0.006299909669905901 1.108676552772522 157 176 192 2.13 22 166 23 162 24 111 25 139 27 140 28 118 29 124 31 103 33 123 35 122 36 119 37 122 38 167 39 169 40 171 41 175 42 171 43 177 44 174 45 165 46 158 47 164 48 167 
198 0.7086732387542725 0.24433079361915588 1.1186013221740723 95 85 83 3.75 21 163 22 167 23 163 25 140 27 141 29 125 31 104 33 124 35 123 37 123 38 168 39 170 40 172 41 176 42 172 43 178 44 175 45 166 46 159 47 165 48 168 
199 0.1921297311782837 0.0457514189183712 0.8854994177818298 57 44 39 1.93 21 164 22 168 23 164 24 112 25 141 26 111 27 142 28 119 29 126 30 109 31 105 32 121 34 120 35 124 36 120 37 124 38 169 39 171 40 173 43 179 44 176 45 167 46 160 47 166 48 169 
200 0.5008999705314636 -0.20067723095417023 1.6153842210769653 63 57 62 2.64 40 174 41 177 42 173 43 180 44 177 45 168 46 161 47 167 48 170 
201 0.6280366778373718 0.010603755712509155 1.3126521110534668 135 132 126 2.16 40 175 41 178 42 174 43 181 44 178 45 169 46 162 47 168 48 171 
202 0.6329106092453003 -0.09990077465772629 1.1560509204864502 83 82 88 3.86 21 165 22 169 23 165 25 142 27 143 29 127 31 106 33 125 35 125 36 121 37 125 38 170 39 172 40 176 41 179 42 175 43 182 44 179 45 170 46 163 47 169 48 172 
203 0.456169992685318 -0.11791671067476273 0.9160796403884888 66 70 74 2.09 21 166 22 170 23 166 24 113 25 143 26 112 27 144 28 120 29 128 30 110 31 107 33 126 34 121 35 126 36 122 37 126 38 171 39 173 40 177 41 180 42 176 43 183 44 180 45 171 46 164 47 170 48 173 
204 0.7966839075088501 0.24179555475711823 0.9586156606674194 52 45 47 9.97 31 108 33 127 35 127 40 178 41 181 42 177 43 184 44 181 45 172 46 165 47 171 48 174 
205 0.4794222116470337 -0.21571455895900726 0.8890365958213806 26 26 29 2.11 21 167 22 171 23 167 24 114 27 145 33 128 35 128 37 127 38 172 39 174 40 179 41 182 42 178 43 185 44 182 45 173 46 166 47 172 48 175 
206 0.6530032753944397 0.08156032860279083 1.2531414031982422 131 125 117 1.9 40 180 41 183 42 179 43 186 44 183 45 174 46 167 47 173 48 176 
207 0.43390023708343506 -0.1809464395046234 0.8797210454940796 129 146 155 9.32 21 168 22 172 23 168 24 115 26 113 27 146 28 121 29 129 32 122 33 129 34 122 35 129 36 123 37 128 38 173 39 175 40 181 41 184 42 180 43 187 44 184 45 175 46 168 47 174 48 177 
208 0.7072633504867554 0.17283661663532257 1.133941650390625 108 106 109 2.78 21 169 22 173 23 169 25 144 27 147 29 130 31 109 33 130 35 130 37 129 38 174 39 176 40 182 41 185 42 181 43 188 44 185 45 176 46 169 47 175 48 178 
209 0.47951406240463257 0.1714974343776703 0.8064694404602051 75 83 76 4.76 21 170 22 174 23 170 24 116 25 145 26 114 27 148 28 122 29 131 30 111 31 110 32 123 33 131 34 123 35 131 36 124 37 130 38 175 39 177 40 183 41 186 42 182 43 189 44 186 45 177 46 170 47 176 48 179 
210 0.4437388479709625 -0.010988862253725529 0.8731867671012878 77 79 82 2.41 21 171 22 175 23 171 24 117 25 146 26 115 27 149 28 123 29 132 30 112 31 111 32 124 33 132 34 124 35 132 36 125 37 131 38 176 39 178 40 184 41 187 42 183 43 190 44 187 45 178 46 171 47 177 48 180 
211 0.2772870659828186 0.13317643105983734 0.9068345427513123 41 38 41 2.77 21 172 22 176 23 172 24 118 25 147 26 116 27 150 28 124 29 133 30 113 31 112 32 125 33 133 34 125 35 133 36 126 37 132 38 177 40 185 41 188 42 184 43 191 44 188 45 179 46 172 47 178 48 181 
212 0.31833213567733765 0.09952975809574127 1.8596433401107788 90 87 85 0.99 40 186 41 189 42 185 43 192 44 189 45 180 46 173 47 179 48 182 
213 0.5707690715789795 -0.035041600465774536 1.117674708366394 133 154 179 3.17 22 177 23 173 24 119 25 148 27 151 28 125 29 134 31 113 32 126 33 134 34 126 35 134 36 127 37 133 38 178 39 179 40 187 41 190 42 186 43 193 44 190 45 181 46 174 47 180 48 183 
214 0.7656412720680237 0.27140742540359497 1.238377332687378 13 20 13 3.22 35 135 42 187 43 194 44 191 45 182 46 175 47 181 48 184 
215 0.708295464515686 0.27110084891319275 1.065409541130066 20 21 28 2.66 27 152 29 135 31 114 33 135 35 136 37 134 38 179 39 180 40 188 41 191 42 188 43 195 44 192 45 183 46 176 47 182 48 185 
216 0.380784273147583 0.05487370118498802 0.9707945585250854 85 81 80 3.14 21 173 22 178 23 174 24 120 25 149 26 117 27 153 28 126 29 136 30 114 31 115 32 127 33 136 34 127 35 137 36 128 37 135 38 180 39 181 40 189 41 192 42 189 43 196 44 193 45 184 46 177 47 183 48 186 
217 0.4763152301311493 -0.10737700015306473 1.612778663635254 152 152 149 1.94 40 190 41 193 42 190 43 197 44 194 45 185 46 178 47 184 48 187 
218 0.7499867677688599 0.2520708441734314 1.2255492210388184 26 32 27 2.82 31 116 33 137 35 138 42 191 43 198 44 195 45 186 46 179 47 185 48 188 
219 0.6680856347084045 -0.06936406344175339 1.249863624572754 142 141 135 2.69 22 179 40 191 41 194 42 192 43 199 44 196 45 187 46 180 47 186 48 189 
220 0.692631185054779 0.15301020443439484 1.1653683185577393 96 85 81 2.8 21 174 22 180 23 175 25 150 39 182 40 192 41 195 42 193 43 200 44 197 45 188 46 181 47 187 48 190 
221 0.668079137802124 0.15757842361927032 1.2105028629302979 74 69 69 2.31 22 181 40 193 41 196 42 194 43 201 44 198 45 189 46 182 47 188 48 191 
222 0.5381492376327515 0.20788700878620148 1.0172096490859985 91 86 84 3.48 21 175 23 176 24 121 25 151 27 154 28 127 29 137 31 117 32 128 33 138 34 128 35 139 36 129 37 136 38 181 39 183 40 194 41 197 42 195 43 202 44 199 45 190 46 183 47 189 48 192 
223 0.44238215684890747 0.292158842086792 1.601102352142334 40 26 28 2.07 40 195 44 200 45 191 46 184 47 190 48 193 
224 0.6043711304664612 -0.09810815751552582 1.1490819454193115 17 15 18 2.97 21 176 22 182 23 177 24 122 25 152 27 155 29 138 31 118 33 139 35 140 36 130 37 137 38 182 39 184 40 196 41 198 42 196 43 203 44 201 45 192 46 185 47 191 48 194 
225 0.3897087574005127 0.3700413405895233 1.7560276985168457 35 35 32 1.63 43 204 44 202 45 193 46 186 47 192 48 195 
226 0.23149366676807404 -0.346243679523468 0.8097156882286072 207 223 230 0.85 21 177 37 138 38 183 39 185 40 197 41 199 42 197 43 205 44 203 45 194 46 187 47 193 48 196 
227 0.7281359434127808 0.27795764803886414 1.0797407627105713 47 34 31 4.98 27 156 29 139 35 141 37 139 39 186 40 198 41 200 42 198 43 206 44 204 45 195 46 188 47 194 48 197 
228 0.49597877264022827 0.15112033486366272 1.5387487411499023 133 131 129 2.91 40 199 41 201 42 199 43 207 44 205 45 196 46 189 47 195 48 198 
229 0.6310569643974304 0.09841284155845642 1.2918833494186401 112 109 107 2.04 40 200 41 202 42 200 43 208 44 206 45 197 46 190 47 196 48 199 
230 0.48417338728904724 -0.2101849764585495 0.8933939933776855 24 24 28 1.75 21 178 22 183 23 178 24 123 27 157 33 140 35 142 37 140 38 184 39 187 40 201 41 203 42 201 43 209 44 207 45 198 46 191 47 197 48 200 
231 0.6896888017654419 0.21287696063518524 1.218186855316162 36 50 42 1.56 37 141 38 185 39 188 40 202 41 204 42 202 43 210 44 208 45 199 46 192 47 198 48 201 
232 0.5920677185058594 -0.04110918939113617 1.1341029405593872 49 66 73 3.53 21 179 22 184 23 179 24 124 25 153 27 158 28 128 29 140 31 119 33 141 35 143 36 131 37 142 38 186 39 189 40 203 41 205 42 203 43 211 44 209 45 200 46 193 47 199 48 202 
233 0.6173176765441895 0.23890888690948486 0.8063722252845764 26 40 18 2.21 38 187 39 190 40 204 41 206 42 204 43 212 44 210 45 201 46 194 47 200 48 203 
234 0.5570452213287354 0.35913342237472534 1.3916772603988647 76 64 61 3.75 40 205 41 207 42 205 43 213 44 211 45 202 46 195 47 201 48 204 
235 0.5283148884773254 0.17085963487625122 1.4758580923080444 122 117 115 3.15 40 206 41 208 42 206 43 214 44 212 45 203 46 196 47 202 48 205 
236 0.5572020411491394 -0.0006248177378438413 1.087634801864624 114 113 111 3.39 22 185 23 180 24 125 25 154 26 118 27 159 28 129 29 141 31 120 32 129 33 142 34 129 35 144 36 132 37 143 38 188 39 191 40 207 41 209 42 207 43 215 44 213 45 204 46 197 47 203 48 206 
237 0.5354762077331543 0.03630886971950531 1.0660079717636108 118 117 114 2.28 21 180 23 181 24 126 25 155 26 119 27 160 28 130 29 142 32 130 33 143 34 130 35 145 36 133 37 144 38 189 39 192 40 208 41 210 42 208 43 216 44 214 45 205 46 198 47 204 48 207 
238 0.44335630536079407 -0.11773539334535599 0.9167400002479553 59 54 51 3.7 21 181 22 186 23 182 24 127 25 156 26 120 27 161 28 131 29 143 30 115 33 144 34 131 35 146 36 134 37 145 38 190 39 193 40 209 41 211 42 209 43 217 44 215 45 206 46 199 47 205 48 208 
239 0.6005908846855164 0.055477991700172424 1.3584039211273193 136 136 134 2.38 40 210 41 212 42 210 43 218 44 216 45 207 46 200 47 206 48 209 
240 0.8300217986106873 0.2819887697696686 1.1291685104370117 26 27 33 6.13 33 145 43 219 44 217 45 208 46 201 47 207 48 210 
241 0.29461848735809326 -0.005395261570811272 0.9532119035720825 45 38 38 9.25 21 182 22 187 23 183 24 128 25 157 26 121 27 162 28 132 29 144 30 116 31 121 32 131 33 146 34 132 35 147 36 135 37 146 38 191 39 194 40 211 41 213 42 211 43 220 44 218 45 209 46 202 47 208 48 211 
242 0.7693396806716919 0.2499234676361084 0.9437175393104553 44 47 52 3.6 31 122 33 147 39 195 41 214 42 212 43 221 44 219 45 210 46 203 47 209 48 212 
243 0.3874659240245819 0.053506042808294296 1.7474240064620972 109 102 99 1.81 40 212 41 215 42 213 43 222 44 220 45 211 46 204 47 210 48 213 
244 0.36700913310050964 0.28663933277130127 1.7415567636489868 86 78 75 0.94 40 213 44 221 45 212 46 205 47 211 48 214 
245 0.7560471892356873 0.2721140682697296 1.2219165563583374 31 33 29 2.48 31 123 35 148 42 214 43 223 44 222 45 213 46 206 47 212 48 215 
246 0.5849094986915588 -0.13771982491016388 1.1350548267364502 72 70 72 3.44 22 188 23 184 24 129 27 163 28 133 29 145 32 132 33 148 35 149 36 136 37 147 38 192 39 196 40 214 41 216 42 215 43 224 44 223 45 214 46 207 47 213 48 216 
247 0.4841439723968506 -0.20428571105003357 0.8999833464622498 27 27 29 3.38 21 183 22 189 23 185 24 130 25 158 27 164 28 134 29 146 32 133 33 149 35 150 37 148 38 193 39 197 40 215 41 217 42 216 43 225 44 224 45 215 46 208 47 214 48 217 
248 0.492034375667572 -0.14392703771591187 1.5874414443969727 144 145 142 1.69 40 216 41 218 42 217 43 226 44 225 45 216 46 209 47 215 48 218 
249 0.46433427929878235 0.014636898413300514 0.8531963229179382 131 139 146 2.86 21 184 22 190 23 186 24 131 25 159 26 122 27 165 28 135 29 147 30 117 31 124 32 134 33 150 34 133 35 151 36 137 37 149 38 194 39 198 40 217 41 219 42 218 43 227 44 226 45 217 46 210 47 216 48 219 
250 0.7506027221679688 0.23127864301204681 1.2431135177612305 17 26 17 3.86 35 152 37 150 42 219 43 228 44 227 45 218 46 211 47 217 48 220 
251 0.47270306944847107 0.14518578350543976 1.5830707550048828 76 74 78 2.5 40 218 41 220 42 220 43 229 44 228 45 219 46 212 47 218 48 221 
252 0.6992505192756653 0.03232801705598831 1.1762744188308716 128 133 137 3.18 21 185 22 191 23 187 25 160 27 166 33 151 35 153 37 151 38 195 39 199 40 219 41 221 42 221 43 230 44 229 45 220 46 213 47 219 48 222 
253 0.376091331243515 0.07987593859434128 0.962119460105896 76 69 67 4.57 21 186 22 192 23 188 24 132 25 161 26 123 27 167 28 136 29 148 30 118 31 125 32 135 33 152 34 134 35 154 36 138 37 152 38 196 39 200 40 220 41 222 42 222 43 231 44 230 45 221 46 214 47 220 48 223 
254 0.6853203177452087 0.27609720826148987 1.1541298627853394 64 55 49 2.03 39 201 40 221 41 223 42 223 43 232 44 231 45 222 46 215 47 221 48 224 
255 0.536764919757843 -0.12418366223573685 1.5019444227218628 122 119 119 2.34 40 222 41 224 42 224 43 233 44 232 45 223 46 216 47 222 48 225 
256 0.46047431230545044 0.1277809590101242 0.8028625249862671 119 130 140 1.5 21 187 22 193 23 189 24 133 25 162 26 124 27 168 28 137 29 149 30 119 31 126 32 136 33 153 34 135 35 155 36 139 37 153 38 197 39 202 40 223 41 225 42 225 43 234 44 233 45 224 46 217 47 223 48 226 
257 0.49511903524398804 -0.17763209342956543 1.5986621379852295 74 70 67 1.83 40 224 41 226 42 226 43 235 44 234 45 225 46 218 47 224 48 227 
258 0.5716501474380493 0.1361694484949112 1.4006154537200928 120 119 117 2.72 40 225 41 227 42 227 43 236 44 235 45 226 46 219 47 225 48 228 
259 0.14427877962589264 -0.09091293066740036 0.7147071361541748 134 146 153 1.2 21 188 22 194 23 190 24 134 25 163 26 125 27 169 28 138 29 150 30 120 31 127 32 137 33 154 34 136 35 156 36 140 37 154 38 198 39 203 40 226 41 228 42 228 43 237 44 236 45 227 46 220 47 226 48 229 
260 0.04015526920557022 0.19447317719459534 0.5377230644226074 69 69 76 1.8 21 189 22 195 23 191 24 135 25 164 26 126 27 170 28 139 30 121 32 138 34 137 36 141 38 199 39 204 40 227 41 229 42 229 43 238 44 237 45 228 46 221 47 227 
261 -0.3444315791130066 0.09687832742929459 0.6365031599998474 79 70 74 2.06 21 190 22 196 23 192 24 136 26 127 28 140 30 122 32 139 34 138 36 142 38 200 39 205 40 228 41 230 43 239 44 238 46 222 48 230 
262 0.343444287776947 -0.12801817059516907 0.8388745188713074 64 60 51 2.1 21 191 22 197 23 193 24 137 25 165 26 128 27 171 28 141 29 151 30 123 31 128 32 140 34 139 35 157 36 143 37 155 38 201 39 206 40 229 41 231 42 230 43 240 44 239 45 229 46 223 47 228 48 231 
263 0.035063162446022034 0.18905983865261078 0.5908482074737549 82 73 74 1.9 21 192 22 198 23 194 24 138 25 166 26 129 27 172 28 142 29 152 30 124 32 141 34 140 36 144 38 202 39 207 40 230 41 232 42 231 43 241 44 240 45 230 46 224 47 229 
264 0.25350335240364075 0.2242879867553711 0.596255898475647 48 38 37 2.13 21 193 22 199 23 195 24 139 25 167 26 130 27 173 28 143 29 153 30 125 31 129 32 142 33 155 34 141 35 158 36 145 38 203 39 208 40 231 41 233 42 232 43 242 44 241 45 231 46 225 47 230 
265 0.1503252536058426 0.20207475125789642 0.5195595622062683 29 30 30 3.42 21 194 22 200 23 196 24 140 25 168 26 131 27 174 28 144 29 154 30 126 32 143 34 142 36 146 38 204 39 209 40 232 41 234 44 242 45 232 
266 0.17135459184646606 0.16805380582809448 0.6807848215103149 57 55 54 1.61 21 195 22 201 23 197 24 141 25 169 26 132 27 175 28 145 29 155 30 127 31 130 32 144 33 156 34 143 35 159 36 147 37 156 38 205 39 210 40 233 41 235 42 233 43 243 44 243 45 233 46 226 47 231 48 232 
267 0.4222297668457031 -0.10442829132080078 0.8487741947174072 53 63 31 3.45 21 196 22 202 23 198 24 142 25 170 26 133 27 176 28 146 29 156 30 128 31 131 32 145 33 157 34 144 35 160 36 148 37 157 38 206 39 211 40 234 41 236 42 234 43 244 44 244 45 234 46 227 47 232 48 233 
268 0.15264394879341125 0.11124270409345627 0.6816366314888 132 131 131 1.35 21 197 22 203 23 199 24 143 25 171 26 134 27 177 28 147 29 157 30 129 31 132 32 146 33 158 34 145 35 161 36 149 37 158 38 207 39 212 40 235 41 237 42 235 43 245 44 245 45 235 46 228 47 233 48 234 
269 0.10816439241170883 -0.13549871742725372 0.9051551222801208 11 8 7 1.15 21 198 22 204 24 144 25 172 26 135 27 178 28 148 29 158 30 130 31 133 32 147 33 159 34 146 35 162 38 208 39 213 40 236 41 238 42 236 45 236 46 229 47 234 48 235 
270 0.1265091449022293 0.10229314863681793 0.8496796488761902 39 24 24 0.96 21 199 24 145 25 173 26 136 27 179 28 149 29 159 30 131 31 134 32 148 33 160 34 147 35 163 38 209 39 214 40 237 41 239 42 237 44 246 45 237 46 230 47 235 48 236 
271 -0.030484741553664207 0.13436803221702576 0.5745595693588257 181 184 182 2.9 21 200 22 205 23 200 24 146 25 174 26 137 27 180 28 150 30 132 32 149 34 148 36 150 38 210 39 215 40 238 41 240 42 238 43 246 44 247 45 238 46 231 47 236 48 237 
272 0.028975175693631172 0.18463939428329468 0.5766697525978088 31 33 39 1.15 21 201 22 206 23 201 24 147 25 175 26 138 27 181 28 151 29 160 30 133 32 150 34 149 36 151 38 211 39 216 40 239 41 241 42 239 43 247 44 248 45 239 46 232 47 237 
273 0.38167110085487366 0.18861687183380127 0.6343677043914795 26 29 36 4.32 21 202 22 207 23 202 24 148 25 176 26 139 27 182 28 152 29 161 30 134 31 135 32 151 33 161 34 150 35 164 36 152 38 212 39 217 40 240 41 242 42 240 43 248 44 249 45 240 46 233 47 238 
274 0.19789516925811768 0.20705929398536682 0.6083386540412903 63 70 79 1.74 21 203 22 208 23 203 24 149 25 177 26 140 27 183 28 153 29 162 30 135 31 136 32 152 33 162 34 151 35 165 36 153 38 213 39 218 40 241 41 243 42 241 43 249 44 250 45 241 46 234 47 239 
275 0.1432197242975235 -0.038895104080438614 0.9109088778495789 44 43 39 1.51 21 204 23 204 24 150 25 178 26 141 27 184 28 154 29 163 30 136 31 137 32 153 36 154 37 159 38 214 39 219 40 242 41 244 43 250 44 251 45 242 46 235 47 240 48 238 
276 0.27787327766418457 -0.12621964514255524 0.7816489338874817 105 105 108 2.12 21 205 22 209 23 205 24 151 25 179 26 142 27 185 28 155 29 164 30 137 31 138 32 154 33 163 34 152 35 166 36 155 37 160 38 215 39 220 40 243 41 245 42 242 43 251 44 252 45 243 46 236 47 241 48 239 
277 0.41274890303611755 -0.01073604915291071 0.8718791007995605 147 150 147 8.38 21 206 22 210 23 206 24 152 25 180 26 143 27 186 28 156 29 165 30 138 31 139 32 155 33 164 34 153 35 167 36 156 37 161 38 216 39 221 40 244 41 246 42 243 43 252 44 253 45 244 46 237 47 242 48 240 
278 0.2646036446094513 -0.15077532827854156 0.7867525815963745 136 145 144 1.72 21 207 22 211 23 207 24 153 25 181 26 144 27 187 28 157 29 166 30 139 31 140 32 156 33 165 35 168 36 157 37 162 38 217 39 222 40 245 41 247 42 244 43 253 44 254 45 245 46 238 47 243 48 241 
279 0.1237434446811676 0.04543188214302063 0.6702967286109924 184 186 184 1.44 21 208 22 212 23 208 24 154 25 182 26 145 27 188 28 158 29 167 30 140 31 141 32 157 33 166 34 154 35 169 36 158 37 163 38 218 39 223 40 246 41 248 42 245 43 254 44 255 45 246 46 239 47 244 48 242 
280 -0.011455001309514046 -0.1285673975944519 0.6501966714859009 62 73 64 1.41 21 209 22 213 23 209 24 155 25 183 26 146 27 189 28 159 29 168 30 141 32 158 34 155 36 159 38 219 39 224 40 247 41 249 42 246 43 255 44 256 45 247 46 240 47 245 48 243 
281 0.15258455276489258 0.04795622453093529 0.6797670722007751 141 144 148 1.1 21 210 22 214 23 210 24 156 25 184 26 147 27 190 28 160 29 169 30 142 31 142 32 159 33 167 34 156 35 170 36 160 37 164 38 220 39 225 40 248 41 250 42 247 43 256 44 257 45 248 46 241 47 246 48 244 
282 0.4561128318309784 0.017674878239631653 0.8489927053451538 186 200 213 2.56 21 211 22 215 23 211 24 157 25 185 26 148 27 191 28 161 29 170 30 143 31 143 32 160 33 168 34 157 35 171 36 161 37 165 38 221 39 226 40 249 41 251 42 248 43 257 44 258 45 249 46 242 47 247 48 245 
283 0.3191355764865875 -0.0217478945851326 0.9800062775611877 24 18 14 1.61 21 212 22 216 24 158 25 186 26 149 27 192 28 162 29 171 30 144 31 144 32 161 33 169 34 158 35 172 38 222 39 227 40 250 41 252 42 249 43 258 44 259 45 250 46 243 47 248 48 246 
284 0.050763312727212906 0.1931556612253189 0.506240963935852 58 45 46 2.71 21 213 22 217 23 212 24 159 25 187 26 150 27 193 28 163 30 145 32 162 34 159 36 162 40 251 41 253 44 260 45 251 47 249 
285 -0.046009331941604614 -0.019222689792513847 0.7949806451797485 71 60 46 1.27 21 214 23 213 24 160 25 188 26 151 27 194 28 164 29 172 30 146 31 145 32 163 33 170 34 160 36 163 37 166 38 223 39 228 40 252 41 254 43 259 44 261 47 250 48 247 
286 -0.34468400478363037 0.02437252551317215 0.6439842581748962 40 32 32 2.04 21 215 22 218 23 214 24 161 26 152 28 165 30 147 32 164 34 161 36 164 38 224 39 229 40 253 41 255 42 250 44 262 45 252 48 248 
287 0.45551010966300964 -0.007707016076892614 0.8563309907913208 168 177 186 2.77 21 216 22 219 23 215 24 162 25 189 26 153 27 195 28 166 29 173 30 148 31 146 32 165 33 171 34 162 35 173 36 165 37 167 38 225 39 230 40 254 41 256 42 251 43 260 44 263 45 253 46 244 47 251 48 249 
288 0.3114635646343231 0.12364005297422409 0.7481284141540527 158 162 167 1.58 21 217 22 220 23 216 24 163 25 190 26 154 27 196 28 167 29 174 30 149 31 147 32 166 33 172 34 163 35 174 36 166 37 168 38 226 39 231 40 255 41 257 42 252 43 261 44 264 45 254 46 245 47 252 48 250 
289 0.29826322197914124 0.058973249047994614 0.7421221137046814 124 130 133 1.1 21 218 22 221 23 217 24 164 25 191 26 155 27 197 28 168 29 175 30 150 31 148 32 167 33 173 34 164 35 175 36 167 37 169 38 227 39 232 40 256 41 258 42 253 43 262 44 265 45 255 46 246 47 253 48 251 
290 -0.00937092024832964 -0.016295870766043663 0.6448805332183838 99 96 98 1.3 21 219 22 222 23 218 24 165 25 192 26 156 27 198 28 169 29 176 30 151 32 168 34 165 36 168 38 228 39 233 40 257 41 259 42 254 43 263 44 266 45 256 46 247 47 254 48 252 
291 -0.00644244160503149 0.03625767305493355 0.6299315094947815 122 121 124 1.31 21 220 22 223 23 219 24 166 25 193 26 157 27 199 28 170 29 177 30 152 32 169 34 166 36 169 38 229 39 234 40 258 41 260 42 255 43 264 44 267 45 257 46 248 47 255 48 253 
292 0.2837984561920166 0.17253562808036804 0.9230766296386719 118 129 139 1.21 21 221 22 224 23 220 26 158 27 200 28 171 29 178 30 153 31 149 32 170 33 174 34 167 35 176 36 170 37 170 39 235 40 259 41 261 42 256 43 265 44 268 45 258 46 249 47 256 48 254 
293 0.303300142288208 0.11843748390674591 0.7257267832756042 136 141 145 1.24 21 222 22 225 23 221 24 167 25 194 26 159 27 201 28 172 29 179 30 154 31 150 32 171 33 175 34 168 35 177 36 171 37 171 38 230 39 236 40 260 41 262 42 257 43 266 44 269 45 259 46 250 47 257 48 255 
294 0.1422831416130066 0.10566431283950806 0.6508471965789795 146 149 149 1.16 21 223 22 226 23 222 24 168 25 195 26 160 27 202 28 173 29 180 30 155 31 151 32 172 33 176 34 169 35 178 36 172 37 172 38 231 39 237 40 261 41 263 42 258 43 267 44 270 45 260 46 251 47 258 48 256 
295 0.3128012716770172 -0.11606133729219437 1.005563735961914 22 15 12 1.79 21 224 23 223 24 169 25 196 26 161 27 203 28 174 29 181 30 156 31 152 32 173 33 177 34 170 35 179 38 232 39 238 40 262 41 264 42 259 43 268 44 271 45 261 46 252 47 259 48 257 
296 0.4403301477432251 -0.03694448620080948 0.8432067036628723 84 78 78 2.13 21 225 22 227 23 224 24 170 25 197 26 162 27 204 28 175 29 182 30 157 31 153 32 174 33 178 34 171 35 180 36 173 37 173 38 233 39 239 40 263 41 265 42 260 43 269 44 272 45 262 46 253 47 260 48 258 
297 0.48982614278793335 0.0798228532075882 1.037157654762268 121 119 117 2.28 21 226 22 228 25 198 26 163 27 205 28 176 29 183 30 158 31 154 32 175 33 179 34 172 35 181 36 174 37 174 38 234 39 240 40 264 41 266 42 261 43 270 44 273 45 263 46 254 47 261 48 259 
298 0.4060964584350586 0.22850005328655243 0.6815602779388428 115 105 108 1.6 21 227 22 229 23 225 24 171 25 199 26 164 27 206 28 177 29 184 30 159 31 155 32 176 33 180 34 173 35 182 36 175 38 235 39 241 40 265 41 267 42 262 43 271 44 274 45 264 46 255 47 262 
299 0.4456542730331421 -0.08500251173973083 0.8630251884460449 141 169 181 2.65 21 228 22 230 23 226 24 172 25 200 26 165 27 207 28 178 29 185 30 160 31 156 32 177 33 181 34 174 35 183 36 176 37 175 38 236 39 242 40 266 41 268 42 263 43 272 44 275 45 265 46 256 47 263 48 260 
300 0.12761139869689941 0.1692563146352768 0.6278250217437744 159 142 127 1.86 21 229 22 231 23 227 24 173 25 201 26 166 27 208 28 179 29 186 30 161 31 157 32 178 33 182 34 175 35 184 36 177 37 176 38 237 39 243 40 267 41 269 42 264 43 273 44 276 45 266 46 257 47 264 48 261 
301 -0.029648853465914726 0.031246833503246307 0.6004263758659363 179 183 183 1.83 21 230 22 232 23 228 24 174 25 202 26 167 27 209 28 180 30 162 32 179 34 176 36 178 38 238 39 244 40 268 41 270 42 265 43 274 44 277 45 267 46 258 47 265 48 262 
302 0.46505776047706604 0.20580992102622986 0.7727795243263245 129 150 153 1.49 21 231 22 233 23 229 24 175 25 203 26 168 27 210 28 181 29 187 30 163 31 158 32 180 33 183 34 177 35 185 36 179 37 177 38 239 39 245 40 269 41 271 42 266 43 275 
303 -0.043580710887908936 0.19632335007190704 0.49234503507614136 105 99 101 1.61 21 232 22 234 23 230 24 176 25 204 26 169 28 182 30 164 32 181 34 178 36 180 40 270 41 272 43 276 44 278 45 268 46 259 47 266 
304 0.30685845017433167 0.06355328857898712 0.7681741118431091 162 166 171 2.28 21 233 22 235 23 231 24 177 25 205 26 170 27 211 28 183 29 188 30 165 31 159 32 182 33 184 34 179 35 186 36 181 37 178 38 240 39 246 40 271 41 273 42 267 43 277 44 279 45 269 46 260 47 267 48 263 
305 0.13426852226257324 0.2068479359149933 0.5910629034042358 124 115 115 2.69 21 234 22 236 23 232 24 178 25 206 26 171 27 212 28 184 29 189 30 166 32 183 34 180 36 182 38 241 39 247 40 272 41 274 42 268 43 278 44 280 45 270 46 261 47 268 
306 -0.005993388127535582 0.05350882187485695 0.6261275410652161 108 117 119 1.48 21 235 22 237 23 233 24 179 25 207 26 172 27 213 28 185 29 190 30 167 32 184 34 181 36 183 38 242 39 248 40 273 41 275 42 269 43 279 44 281 45 271 46 262 47 269 48 264 
307 0.16978158056735992 0.1888781636953354 0.6796287298202515 76 62 49 1.93 21 236 22 238 23 234 24 180 25 208 26 173 27 214 28 186 29 191 30 168 31 160 32 185 33 185 34 182 35 187 36 184 37 179 38 243 39 249 40 274 41 276 42 270 43 280 44 282 45 272 46 263 
308 -0.3317374885082245 0.05477782338857651 0.6595420837402344 133 140 149 2.15 21 237 22 239 23 235 24 181 26 174 28 187 30 169 32 186 34 183 36 185 39 250 40 275 41 277 42 271 43 281 44 283 46 264 48 265 
309 0.14855122566223145 -0.009325386956334114 0.7112337350845337 130 136 141 1.48 21 238 22 240 23 236 24 182 25 209 26 175 27 215 28 188 29 192 30 170 31 161 32 187 33 186 34 184 35 188 36 186 37 180 38 244 39 251 40 276 41 278 42 272 43 282 44 284 45 273 46 265 47 270 48 266 
310 -0.348646342754364 -0.04313372075557709 0.6601276397705078 104 97 91 2.48 21 239 22 241 23 237 24 183 26 176 28 189 30 171 32 188 34 185 36 187 38 245 39 252 40 277 41 279 42 273 43 283 44 285 45 274 48 267 
311 0.136129692196846 0.18043558299541473 0.6108556985855103 94 88 85 1.21 21 240 22 242 23 238 24 184 25 210 26 177 27 216 28 190 29 193 30 172 31 162 32 189 34 186 36 188 38 246 39 253 40 278 41 280 42 274 43 284 44 286 45 275 46 266 47 271 
312 0.11802905052900314 0.2036137729883194 0.5402445793151855 103 85 82 2.15 22 243 23 239 24 185 25 211 26 178 27 217 28 191 29 194 30 173 32 190 34 187 36 189 38 247 39 254 40 279 41 281 42 275 43 285 44 287 45 276 46 267 47 272 
313 0.14027400314807892 -0.02561144158244133 0.6870698928833008 131 135 129 1.68 21 241 22 244 23 240 24 186 25 212 26 179 27 218 28 192 29 195 30 174 31 163 32 191 33 187 34 188 35 189 36 190 37 181 38 248 39 255 40 280 41 282 42 276 43 286 44 288 45 277 46 268 47 273 48 268 
314 0.3044412136077881 0.21374733746051788 0.5509628057479858 57 50 46 4.4 21 242 22 245 23 241 24 187 25 213 26 180 27 219 28 193 29 196 30 175 31 164 32 192 33 188 34 189 35 190 36 191 38 249 40 281 41 283 42 277 44 289 45 278 
315 0.1644335836172104 0.17206262052059174 0.6418046355247498 58 67 81 1.63 21 243 22 246 23 242 24 188 25 214 26 181 27 220 28 194 29 197 30 176 31 165 32 193 33 189 34 190 35 191 36 192 37 182 38 250 39 256 40 282 41 284 42 278 43 287 44 290 45 279 46 269 47 274 48 269 
316 -0.28695422410964966 -0.04721963033080101 0.6919242739677429 171 159 144 1.99 21 244 22 247 23 243 24 189 25 215 26 182 28 195 30 177 32 194 34 191 36 193 38 251 39 257 40 283 41 285 42 279 44 291 45 280 48 270 
317 0.5007160305976868 0.2342403680086136 0.8224049806594849 33 38 42 2.31 21 245 22 248 23 244 25 216 27 221 28 196 29 198 30 178 31 166 32 195 33 190 34 192 35 192 36 194 38 252 43 288 44 292 45 281 46 270 47 275 
318 0.4330874979496002 0.22776958346366882 0.6290028691291809 123 76 72 3.44 21 246 22 249 23 245 24 190 25 217 26 183 27 222 28 197 29 199 30 179 31 167 32 196 33 191 34 193 35 193 36 195 40 284 41 286 44 293 45 282 
319 0.5084924697875977 0.23964639008045197 0.7372845411300659 120 125 133 2.49 21 247 22 250 23 246 25 218 27 223 28 198 29 200 30 180 31 168 32 197 33 192 34 194 35 194 36 196 38 253 39 258 40 285 41 287 42 280 43 289 44 294 45 283 46 271 47 276 
320 -0.28470030426979065 -0.03928703814744949 0.6893455982208252 124 107 96 2.04 21 248 22 251 23 247 24 191 25 219 26 184 28 199 30 181 32 198 34 195 36 197 38 254 39 259 40 286 41 288 42 281 44 295 45 284 48 271 
321 0.30495408177375793 0.0032278590369969606 0.7829205393791199 141 138 141 2.0 21 249 22 252 23 248 24 192 25 220 26 185 27 224 28 200 29 201 30 182 31 169 32 199 33 193 34 196 35 195 36 198 37 183 38 255 39 260 40 287 41 289 42 282 43 290 44 296 45 285 46 272 47 277 48 272 
322 0.1264905482530594 -0.130979523062706 0.9184401631355286 56 46 40 1.32 21 250 23 249 24 193 25 221 26 186 27 225 28 201 29 202 30 183 31 170 32 200 33 194 34 197 38 256 39 261 40 288 41 290 42 283 44 297 45 286 46 273 47 278 48 273 
323 0.3118516504764557 0.1393013596534729 0.745026171207428 164 170 179 1.66 21 251 22 253 23 250 24 194 25 222 26 187 27 226 28 202 29 203 30 184 31 171 32 201 33 195 34 198 35 196 36 199 37 184 38 257 39 262 40 289 41 291 42 284 43 291 44 298 45 287 46 274 47 279 48 274 
