# Camera list with one line of data per camera:
#   CAMERA_ID, MODEL, WIDTH, HEIGHT, PARAMS[]
# Number of cameras: 14
1213 PINHOLE 1 1 1183.7779541015625 1183.7779541015625 506.5 380.0
3580 PINHOLE 1013 760 1230.0086669921875 1230.0086669921875 506.5 380.0
5231 PINHOLE 1140 760 1078.1552734375 1078.1552734375 570.0 380.0
1235 PINHOLE 1013 760 1190.2000732421875 1190.2000732421875 506.5 380.0
5616 PINHOLE 1013 760 1177.4139404296875 1177.4139404296875 506.5 380.0
1295 PINHOLE 1013 760 1272.1494140625 1272.1494140625 506.5 380.0
418 PINHOLE 760 1013 1301.6483154296875 1294.163330078125 380.0 506.5
4237 PINHOLE 760 1135 1605.0972900390625 1595.1771240234375 380.0 567.5
4679 PINHOLE 1025 760 1265.5909423828125 1265.5909423828125 512.5 380.0
2143 PINHOLE 1 1 1077.4014892578125 1071.9586181640625 506.5 380.0
2373 PINHOLE 1 1 1116.807861328125 1122.6318359375 506.5 380.0
3833 PINHOLE 1 1 1209.8258056640625 1216.490234375 506.5 380.0
5452 PINHOLE 1 1 1111.0338134765625 1116.807861328125 506.5 380.0
3666 PINHOLE 1 1 1134.4322509765625 1134.4322509765625 506.5 380.0
