# Image list with two lines of data per image:
#   IMAGE_ID, QW, QX, QY, QZ, TX, TY, TZ, CAMERA_ID, NAME
#   POINTS2D[] as (X, Y, POINT3D_ID)
# Number of images: 5617, mean observations per image: 0.000
1213 0.9999999850988387 -0.00015354156722935394 7.343292345751709e-05 3.433227590221578e-05 -2.5033947149810502e-05 4.506110831951389e-05 0.00010824203356856005 1213 image_001213.jpg

3580 0.9881896930245855 -0.07164039429332458 0.13142306815189198 0.032114659510800676 0.024347997124899486 -0.005197053121394144 0.03516048276063923 3580 kdeme_2733085169.jpg

5231 0.9547704735518799 -0.1142471291966288 0.2602580458415228 0.08760654491464152 0.03496030384495267 0.0001834937133321328 0.028091868962553997 5231 image_005231.jpg

1235 0.972758168360944 -0.08008818243126271 0.20890916565398052 0.060699201316266924 0.014986807436643594 0.00022455927539416238 0.01781382015531331 1235 67715433@N00_2599459460.jpg

5616 0.9855803831199882 -0.08470218352529016 0.13582790665313463 0.05453675189213169 0.013215770320093793 0.0002823591265591419 0.0207639920626781 5616 the_egg_uk_2639180584.jpg

1295 0.9864179282119433 -0.044109928450513786 0.15227031934159097 0.04289741236509547 0.031072787358106348 -0.007929155637453793 0.03639431077301977 1295 7145465@N07_3064324913.jpg

418 0.9727508501490458 -0.08019113760831338 0.2089211483111967 0.06063937918685555 0.014884579853434679 0.00020435562891865872 0.017780469504576568 418 22459615@N02_2654697239.jpg

4237 0.9844463852928204 -0.0596290203367654 0.15230611545075762 0.06405352977061035 0.015240245415208476 -0.0016702920730245507 0.020370534431901385 4237 mikemcholm_2708005495.jpg

4679 0.9568020952515429 -0.10339792506985239 0.2643892480524785 0.06268681268381529 0.028824813042570164 -0.0007293656862769563 0.034209507222514646 4679 pensivelaw_2579923550.jpg

2143 1.0 5.078315734863281e-05 -7.486343383789062e-05 7.62939453125e-05 2.980232647930344e-05 0.00011777878110305921 -6.055831884514034e-05 2143 image_002143.jpg

2373 0.9894314356556544 -0.13654420834661907 0.0450200112686435 0.01620225630623179 -0.1259795930877903 0.01993364917007913 0.06125241898361899 2373 image_002373.jpg

3833 0.9992950234371016 -0.014943085480604997 -0.03147196779913517 -0.01396721057511101 -0.0024869921722954777 0.0013120483324130755 0.000352457249065791 3833 image_003833.jpg

5452 0.9901531193668524 -0.13664272856313933 -0.02747707094922246 -0.00871035517304879 -0.08153646614877237 0.004633735356250117 0.03294497704227455 5452 image_005452.jpg

3666 0.9949583426577938 -0.001510997671510678 -0.09939686844083247 -0.011812558918697048 0.006468611014793694 0.001410703035695913 0.004637381168101721 3666 image_003666.jpg

