# Image list with two lines of data per image:
#   IMAGE_ID, QW, QX, QY, QZ, TX, TY, TZ, CAMERA_ID, NAME
#   POINTS2D[] as (X, Y, POINT3D_ID)
# Number of images: 236, mean observations per image: 9.436
0 0.999986003153453 0.0024982171351240205 -0.004570192113087198 0.0009367830605115328 0.005986811130261192 0.006836832528836871 -0.012007119781735874 0 image_000000.jpg
 214.231 190.148 0 212.153 193.024 1 283.290 194.382 2 289.780 195.499 3 375.477 203.312 4 194.157 210.608 5 501.145 215.130 6 568.725 217.496 7 173.024 225.304 8 542.302 230.259 9 211.495 234.273 10 404.661 236.756 11 571.231 244.014 12 480.401 244.431 13 477.779 246.490 14 462.721 254.912 15 578.745 255.849 16 578.745 255.849 17 561.057 263.311 18 587.949 265.664 19 613.009 328.250 20 478.725 335.068 21 523.474 336.198 22 537.517 341.098 23 514.853 343.571 24 198.849 190.383 25 291.886 198.226 26 199.702 199.519 27 273.163 200.051 28 217.886 200.951 29 196.476 202.163 30 539.967 220.187 31 449.654 223.775 32 592.088 226.142 33 525.162 227.296 34 584.477 230.044 35 156.378 241.174 36 478.838 250.765 37 424.459 251.794 38 421.321 254.652 39 524.372 265.442 40 537.375 272.121 41 451.098 331.984 42 440.768 337.757 43 444.721 337.787 44 448.104 339.906 45 239.113 209.143 46 248.080 209.691 47 389.846 210.621 48 352.323 223.698 49 452.661 226.441 50 424.588 229.697 51 371.344 230.195 52 559.433 236.897 53 603.331 241.197 54 395.088 245.091 55 468.647 251.782 56 407.838 253.016 57 480.894 262.488 58 489.763 302.606 59 508.602 333.802 60 160.802 184.778 61 209.454 187.987 62 279.397 192.632 63 177.640 205.239 64 218.474 207.756 65 485.737 220.741 67 165.701 230.789 68 255.061 235.624 69 138.520 242.150 70 138.520 242.150 71 473.165 243.426 72 533.339 246.358 73 143.405 248.011 74 490.486 253.465 75 261.012 196.856 76 573.474 220.527 77 502.894 230.938 78 565.060 237.115 79 482.767 243.144 80 482.767 243.144 81 211.229 207.757 82 211.229 207.757 83 173.459 217.667 84 512.228 230.362 85 521.056 244.471 86 561.506 247.311 87 593.566 259.121 88 199.845 185.563 89 198.789 204.707 90 198.789 204.707 91 166.592 227.955 92 470.537 231.397 93 501.473 243.513 94 502.053 254.805 95 511.819 263.973 96 431.417 268.812 97 478.110 273.256 98 466.313 277.667 99 466.313 277.667 100 532.936 302.233 101 532.936 302.233 102 532.031 314.693 103 532.031 314.693 104 553.610 331.096 105 400.783 216.287 106 489.807 262.351 107 522.975 293.808 108 475.039 217.336 109
64 0.9946857774703088 -0.04726355576612662 0.09045425117188366 -0.013579195756963935 -0.06563937460818083 0.04720912659029699 0.11257538785106029 64 image_000064.jpg
 350.616 317.216 0 339.978 325.537 27 545.185 427.009 42 313.765 351.411 68 292.581 361.870 71 588.996 337.859 78 348.221 330.909 83 597.553 368.847 96 526.967 375.305 97 562.958 324.305 109 343.005 317.488 129 593.254 346.089 169 408.186 319.796 196 573.128 338.378 205 596.840 321.904 213 467.526 337.482 283
71 0.9583447448789324 -0.0028948762669045594 0.28400452736279236 -0.030139585934618598 -0.25673630174955764 0.02637274340929994 0.2580888155286513 71 image_000071.jpg
 473.587 251.386 0 628.193 241.842 4 438.838 291.404 8 664.611 274.375 11 754.420 271.687 13 905.138 279.850 19 815.733 377.316 22 646.091 247.505 48 606.195 267.722 49 627.401 271.707 52 757.372 292.977 58 433.362 297.494 68 747.064 271.721 72 825.608 264.482 73 414.901 316.898 74 870.724 248.502 79 758.654 269.333 80 471.504 269.726 82 471.504 269.726 83 437.930 284.455 84 797.430 249.625 85 784.472 280.132 95 828.578 332.963 102 706.469 237.479 112 545.729 248.538 127 465.814 252.449 129 777.241 229.360 136 841.007 250.018 137 611.777 269.684 143 615.681 261.980 150 843.966 263.864 153 857.584 273.403 154 634.139 239.616 159 710.986 238.652 160 722.931 242.763 163 610.516 251.027 164 619.295 266.021 183 878.315 269.715 187 867.493 417.328 195 460.744 269.590 200 761.359 253.971 205 699.750 232.897 219 594.995 237.154 221 674.135 247.790 222 549.817 245.224 232 602.154 256.165 233 667.280 267.606 234 462.932 289.898 235 944.870 267.881 237 700.619 211.189 241 487.680 281.055 246 812.609 279.401 248 845.474 386.473 255 750.429 282.010 263 911.535 270.798 268 442.928 291.131 272 701.099 235.952 282 783.586 266.727 290 784.472 280.132 291
97 0.990783574890173 -0.04015317222835743 0.12584609539564073 -0.029973233878037096 -0.017522623297102302 0.033868656079511214 0.2500554492869939 97 image_000097.jpg
 389.094 334.145 1 546.263 329.688 4 373.042 352.656 5 577.335 360.933 11 657.379 361.807 13 655.749 364.500 14 640.281 374.520 15 377.050 332.734 25 463.688 332.034 26 377.473 341.360 27 624.926 343.220 32 629.315 465.907 45 561.974 335.496 48 523.388 353.291 49 627.698 345.508 50 672.347 423.054 59 357.940 349.164 64 663.939 336.701 67 329.702 392.471 74 669.714 370.340 75 377.138 347.448 91 350.044 371.272 92 682.057 371.049 95 646.009 398.434 100 626.765 362.205 110 459.307 332.124 128 674.915 325.093 136 549.427 339.083 141 355.734 355.085 146 322.443 392.816 148 532.773 347.690 150 743.239 367.059 154 623.114 346.297 166 669.027 364.489 174 568.621 333.609 179 733.528 366.814 188 459.307 332.124 196 335.505 356.427 225 629.677 461.775 230 467.973 328.342 232 759.403 501.490 243 647.433 419.141 250 659.599 409.560 256 635.121 348.466 261 661.801 364.189 262 801.372 361.905 273 674.930 345.907 276 693.327 370.153 289 680.459 358.783 290 772.670 331.792 298 615.056 374.465 302 324.881 380.730 306 388.741 354.071 309 427.559 363.813 313
11 0.9934082668908046 0.005941556736455272 0.11407438534985682 -0.009578706363002863 -0.09882417803647514 0.018897149809951316 0.19421130403396802 11 image_000011.jpg
 129.408 117.906 1 416.585 119.362 4 661.253 125.280 6 745.705 149.494 9 473.676 178.720 11 806.052 173.074 12 618.989 184.977 13 585.369 206.867 15 841.544 214.295 19 708.606 359.516 22 267.760 118.504 26 234.430 124.566 28 744.890 128.186 31 559.129 148.769 32 616.627 197.028 37 511.548 204.660 38 564.792 355.541 42 545.448 367.037 43 552.319 366.980 44 191.609 144.878 47 444.312 131.002 48 377.371 158.744 49 565.943 153.360 50 480.038 208.719 57 621.741 219.770 58 640.109 296.236 59 630.158 137.521 67 203.462 190.195 69 606.449 183.791 72 726.995 181.703 73 640.940 200.593 75 212.678 119.120 76 792.981 161.436 79 625.067 181.875 80 684.978 153.671 85 726.329 315.251 103 726.329 315.251 104 771.022 347.274 105 401.406 94.599 111 545.611 123.224 112 488.390 127.142 113 789.773 194.979 115 720.765 192.812 119 107.085 152.161 122 582.485 262.238 123 602.985 147.595 126 267.760 118.504 127 258.282 118.534 128 226.655 144.873 131 183.389 145.600 132 183.389 145.600 133 749.543 160.703 137 749.543 160.703 138 467.202 141.010 140 385.422 163.795 143 571.976 210.109 144 54.840 144.144 145 163.434 190.233 147 391.902 151.798 150 663.826 374.730 151 451.019 96.721 152 755.243 182.450 153 615.873 197.522 155 426.632 116.299 159 551.467 125.382 160 563.716 130.478 161 533.915 132.481 162 569.704 133.327 163 749.492 172.919 168 747.436 176.920 171 639.571 190.245 174 458.060 128.228 179 398.040 158.975 183 665.838 166.459 184 165.511 180.335 186 755.036 198.517 188 782.340 426.696 195 258.282 118.534 196 497.529 197.160 201 554.089 119.796 204 893.928 182.745 207 526.379 208.798 208 793.173 404.532 215 793.173 404.532 216 532.778 114.015 219 582.894 155.608 220 357.056 106.354 221 490.472 135.275 222 749.312 144.963 223 574.340 150.676 224 29.229 156.719 225 761.492 173.316 226 462.808 179.145 227 586.206 183.490 228 225.878 188.175 229 559.931 363.691 230 422.293 112.937 231 274.101 112.832 232 371.329 140.461 233 478.258 167.183 234 727.937 193.118 236 896.339 199.597 237 673.800 273.251 238 663.909 356.127 239 789.099 439.390 243 591.767 207.679 244 663.826 374.730 245 615.873 197.522 247 707.490 203.268 248 594.469 287.925 249 594.469 287.925 250
65 0.9855178233351579 -0.09984989562833484 0.13453183383288553 -0.026187615113731008 -0.1202358420920965 0.08109323397811491 0.20032985414108256 65 image_000065.jpg
 405.755 464.422 2 643.773 605.658 24 329.409 475.207 27 363.916 481.773 46 378.371 506.176 69 594.504 500.342 72 279.153 524.346 74 604.470 499.481 81 626.961 510.106 95 594.429 471.696 109 571.455 499.157 110 408.395 467.440 128 368.589 482.054 132 368.589 482.054 133 627.929 600.221 149 322.609 481.648 199 565.657 466.012 204 607.485 485.220 205 700.971 623.406 215 700.971 623.406 216 700.372 644.212 243 588.899 557.830 250 678.668 606.618 255 689.281 622.148 269 689.281 622.148 270 542.061 478.901 287 661.329 538.536 297 616.879 647.232 305 369.081 474.063 311
67 0.9867979403088317 0.005947637513979862 0.1618068528280776 0.0036045521217096623 -0.22125302410345193 0.02562805103586099 0.17379638002934272 67 image_000067.jpg
 347.651 224.233 2 441.744 229.640 4 643.173 250.319 9 679.260 264.996 12 263.475 224.353 25 261.647 237.389 30 696.945 247.689 35 313.103 242.458 47 416.959 253.715 49 343.352 222.438 63 283.517 241.915 65 317.810 269.576 69 207.020 280.561 70 207.020 280.561 71 210.571 286.517 74 275.723 241.931 82 275.723 241.931 83 238.335 254.834 84 667.421 270.109 87 438.156 214.646 111 643.815 277.120 118 261.333 227.493 121 350.345 227.770 128 331.450 242.868 131 307.024 243.109 132 240.346 247.519 146 427.120 248.558 150 647.383 270.365 153 658.859 280.421 154 303.123 268.145 176 309.428 268.451 177 677.297 278.481 187 648.323 279.661 188 737.616 330.533 192 735.923 385.956 194 276.534 254.065 214 408.915 221.281 221 644.831 247.934 223 228.535 264.630 281 250.294 254.129 295 658.859 280.421 296 276.131 266.673 299 274.960 248.061 309
53 0.993329763912691 -0.078510284876251 0.08284246463088557 -0.016408618699251663 -0.07680056949237933 0.018645389899415436 0.07339274233631785 53 image_000053.jpg
 307.097 377.511 2 413.495 382.749 4 449.820 421.079 11 544.246 540.148 21 211.508 377.612 25 212.244 387.994 27 208.410 391.747 30 505.868 403.058 32 505.677 547.371 45 431.872 390.421 48 509.049 405.797 50 583.207 537.267 60 187.482 396.255 64 273.320 427.228 69 143.656 440.413 71 535.104 425.470 72 612.237 425.141 73 148.380 446.969 74 664.507 390.320 77 572.704 408.534 78 545.164 424.190 81 182.256 411.057 84 585.097 407.633 85 650.903 425.062 87 212.849 371.507 89 535.628 392.029 109 496.720 386.085 112 368.965 361.517 125 311.066 381.436 128 182.434 377.928 130 289.546 397.793 131 174.894 396.682 145 246.093 426.986 147 138.257 447.103 148 573.706 543.708 149 435.099 369.238 152 630.911 425.785 153 488.460 401.804 156 647.540 496.177 178 248.042 420.515 186 630.864 435.753 188 725.021 488.581 192 725.370 498.529 193 650.938 584.731 195 210.627 396.267 200 577.902 415.642 206 673.106 590.511 209 584.697 386.547 212 158.504 403.778 225 718.918 437.680 237 573.408 538.147 239 490.087 357.538 241 575.048 549.723 245 599.980 438.937 248 725.511 492.929 252 607.008 418.000 254 665.643 397.147 257 711.665 436.316 265 647.179 486.182 266 187.082 419.595 272 594.558 552.310 275 528.674 414.407 284 535.094 419.406 285 571.317 437.404 291 194.798 410.022 295 223.542 424.198 299 662.306 398.915 303 559.438 597.522 305 610.976 538.297 308 445.220 409.310 310
96 0.9608768341931392 -0.048023533034909506 0.2681091541420544 -0.05026854551459592 -0.16711624064557615 0.01882863384093753 0.016552932886543026 96 image_000096.jpg
 600.138 313.100 3 704.164 305.449 4 996.154 277.878 7 475.918 368.035 8 747.485 342.281 11 857.288 337.460 13 991.331 346.306 18 500.788 324.179 25 602.805 315.691 26 809.491 315.850 32 460.780 388.279 36 953.655 363.929 41 821.856 475.371 45 544.307 338.942 46 677.036 336.632 49 814.359 318.476 50 492.688 349.569 66 443.899 391.938 71 846.991 337.518 72 941.889 327.427 73 448.468 397.782 74 1004.952 280.186 77 860.864 334.921 80 515.070 341.192 83 475.747 359.347 84 905.574 311.039 85 501.568 341.112 91 469.005 371.567 92 844.628 299.011 109 797.310 298.931 112 723.862 316.957 114 993.218 332.988 115 654.980 288.460 125 843.173 312.274 126 602.805 315.691 127 597.737 316.470 128 507.329 322.209 129 684.608 338.584 143 470.862 346.009 145 477.436 351.802 146 903.236 466.271 149 963.756 325.155 153 980.770 336.865 154 710.094 303.206 159 802.294 300.012 160 789.733 306.387 162 816.197 304.155 163 682.502 316.685 164 808.630 320.140 166 958.311 319.485 168 957.880 322.536 171 850.975 334.048 172 874.416 339.804 174 993.167 405.479 178 538.583 362.746 186 1004.259 332.381 187 1004.969 508.927 195 597.737 316.470 196 495.556 343.376 199 863.306 316.076 205 562.721 343.457 210 903.436 287.312 212 516.870 354.168 214 788.105 293.239 219 663.081 301.151 221 820.319 315.656 224 708.010 300.723 231 672.895 322.907 233 505.593 365.633 235 902.629 459.870 239 787.649 268.325 241 536.210 354.124 246 698.707 337.942 258 991.425 394.419 266 481.154 367.509 272 930.539 475.253 275 889.696 512.688 277 465.847 371.955 281 792.466 297.526 282 844.622 329.772 285 519.804 364.339 286 515.426 368.712 299 1003.221 290.617 303 514.867 348.523 309 973.905 309.131 312 558.568 357.475 313
3 0.9898538334485161 0.01321787187189511 0.14059246747487444 -0.015761830445353994 -0.12673709802255356 0.006634552607022082 0.1475748399363607 3 image_000003.jpg
 216.641 333.945 3 310.325 335.598 4 97.442 377.081 8 136.037 383.971 10 437.164 482.104 21 122.158 336.692 25 218.973 336.993 26 123.678 346.615 27 571.047 344.902 35 81.629 395.606 36 370.480 387.140 38 400.766 489.694 45 163.395 354.240 46 327.434 342.460 48 285.302 361.633 49 403.491 354.595 50 597.048 357.056 54 423.148 382.591 56 350.782 389.768 57 438.431 395.390 58 142.618 354.485 65 90.534 383.247 68 64.534 397.644 71 429.160 372.777 72 69.110 403.572 74 450.681 383.283 75 465.380 354.969 78 439.487 372.255 80 439.487 372.255 81 135.322 354.226 83 97.161 369.034 84 477.141 353.690 85 123.308 330.650 89 121.632 353.371 91 424.550 358.717 93 464.252 370.076 94 429.086 340.444 109 401.642 372.854 110 301.013 320.515 111 389.688 336.135 112 543.892 377.967 115 500.706 377.300 119 414.901 422.361 123 426.912 351.274 126 214.499 337.147 128 128.418 336.100 129 96.522 337.238 130 518.341 356.662 137 291.987 363.562 143 408.261 389.798 144 98.396 361.772 146 156.549 382.432 147 378.919 351.603 156 482.837 327.808 158 316.372 333.481 159 394.620 337.720 160 401.898 340.517 161 382.573 342.012 162 405.892 342.433 163 291.359 343.981 164 119.652 346.600 165 398.149 355.430 166 569.221 356.866 167 518.023 364.483 168 472.288 366.025 169 479.680 366.333 170 517.733 367.046 171 432.099 370.306 172 463.972 374.069 173 449.623 376.882 174 382.447 379.056 175 165.801 381.096 176 173.313 380.903 177 538.859 438.078 178 335.885 340.344 179 122.112 343.460 180 463.780 347.860 181 335.573 356.123 182 299.747 360.179 183 465.595 361.450 184 563.166 367.320 185 158.261 376.258 186 552.974 378.050 187 522.437 380.452 188 440.368 384.018 189 345.563 385.835 190 342.034 386.556 191 616.393 429.469 192 616.451 439.055 193 617.518 486.153 194 540.897 522.314 195 214.499 337.147 196 216.867 340.916 197 385.416 346.534 198 115.487 354.148 199 122.969 354.229 200 361.608 382.675 201 398.614 387.507 202 574.380 482.540 203 394.865 333.496 204 443.016 355.756 205 470.694 362.099 206 609.417 369.546 207 380.548 389.813 208 561.820 527.902 209 179.931 359.667 210 412.234 374.355 211 476.895 333.092 212 476.895 333.092 213 136.505 366.306 214 547.463 508.354 215 547.463 508.354 216 560.847 508.254 217
50 0.9955449478191333 -0.022837534960002 0.09096498946204153 -0.009699089419933795 -0.030315796009795237 -0.019795218601621773 -0.18189054778317926 50 image_000050.jpg
 315.735 168.517 3 454.759 175.571 4 740.142 210.754 9 192.689 236.216 10 505.329 229.764 11 632.164 238.276 13 603.446 257.175 15 806.306 252.318 16 806.306 252.318 17 633.827 392.472 21 712.141 392.687 22 319.586 173.103 26 175.890 181.806 27 735.916 195.113 31 579.436 205.277 32 828.773 201.811 33 814.740 207.030 35 538.119 253.938 38 533.838 260.499 39 568.385 398.188 43 574.928 397.952 44 236.108 195.349 46 478.683 187.226 48 585.538 209.531 50 537.412 216.271 51 449.009 220.302 52 770.765 221.328 53 849.084 226.289 54 613.617 250.571 56 509.794 255.954 57 634.104 268.473 58 651.322 336.895 59 685.933 389.400 60 141.582 192.563 64 204.075 194.163 65 159.415 200.634 66 260.896 235.713 69 81.826 253.308 70 81.826 253.308 71 621.302 237.088 72 671.591 214.437 78 780.639 221.579 79 637.483 236.186 80 637.483 236.186 81 192.796 194.078 82 192.796 194.078 83 133.454 212.840 84 706.536 236.591 86 833.947 257.758 88 175.748 159.727 89 173.163 189.641 90 173.163 189.641 91 123.399 228.799 92 615.652 216.111 93 668.721 235.968 94 688.536 272.236 96 550.445 282.499 97 630.398 287.325 98 610.683 294.646 99 610.683 294.646 100 497.412 196.012 106 649.874 269.431 107 568.070 182.151 112 530.788 207.801 116 744.677 249.250 118 719.747 247.861 119 533.554 221.920 120 618.996 205.191 126 312.495 172.989 128 134.863 169.482 130 282.603 196.034 131 243.408 195.953 132 243.408 195.953 133 536.520 246.942 134 743.816 220.044 137 743.816 220.044 138 535.698 199.322 139 498.455 197.132 140 459.627 192.085 141 537.412 216.271 142 426.134 215.044 143 591.152 259.320 144 138.775 202.121 146 223.568 235.354 147 748.664 238.911 153 630.440 252.151 155 462.843 173.294 159 557.968 190.509 162 744.154 230.199 168 691.971 230.653 170 743.627 233.575 171 625.425 233.017 172 649.398 243.694 174 173.851 176.786 180 489.056 207.696 182 672.399 223.209 184 789.965 251.723 187 637.428 253.034 189 502.867 250.708 190 875.515 325.625 192 876.102 338.976 193 878.985 404.719 194 776.276 453.640 195 312.495 172.989 196 526.647 246.401 201 821.553 397.586 203 550.403 257.439 208 805.166 462.433 209 596.707 238.638 211 194.781 212.401 214 785.376 434.018 215 785.376 434.018 216 803.513 433.617 217 175.227 151.103 218 519.241 192.232 222 754.286 231.138 226 603.792 235.953 228 281.991 234.013 229 581.668 395.710 230 176.918 225.399 235 680.201 317.025 238 849.084 226.289 242 782.364 463.987 243 607.188 258.088 244 224.339 214.435 246 611.204 327.969 250 820.741 253.793 251 875.349 331.795 252 717.199 228.015 254 797.057 200.717 257 638.903 242.767 262 860.279 256.566 265 770.966 321.274 266 618.562 258.050 267 833.947 257.758 268 854.991 251.305 273 610.850 315.051 274 653.718 451.839 277 672.966 429.364 278 653.119 430.564 280 433.091 210.047 283 611.484 221.349 284 535.698 199.322 287 688.176 254.543 289 668.721 235.968 290 848.198 239.605 292 831.112 254.829 293 832.256 249.909 294 152.725 212.205 295 725.152 302.228 297 811.154 201.262 298 659.211 244.015 300 792.579 203.257 303 815.579 214.918 307 192.619 202.690 309 499.237 213.090 310
118 0.9910854903354571 -0.048600449008633015 0.12046437407760759 -0.029595202701415323 -0.09172182126994607 0.013243147084994649 0.014907832839805974 118 image_000118.jpg
 365.111 312.885 3 471.936 313.293 4 228.121 362.124 8 701.799 328.839 9 272.466 369.137 10 513.244 353.440 11 744.202 344.330 12 614.322 355.347 13 592.034 371.175 15 814.787 457.340 20 682.569 476.159 22 703.564 481.699 23 257.571 316.872 25 280.510 327.241 29 255.409 331.531 30 699.713 315.493 31 572.648 331.461 32 776.266 317.588 33 210.301 383.674 36 678.404 379.174 40 567.372 484.229 43 572.241 484.157 44 491.603 321.171 48 577.172 334.581 50 468.642 348.498 52 791.196 336.772 54 517.968 374.194 57 617.456 379.533 58 632.536 432.835 59 217.253 313.600 61 247.335 343.326 66 220.954 368.953 68 324.492 366.604 69 190.574 385.966 70 190.574 385.966 71 606.073 354.660 72 195.602 392.599 74 331.624 317.749 76 619.127 352.959 80 272.289 337.383 82 272.289 337.383 83 228.219 353.250 84 659.182 332.857 85 258.497 311.177 89 257.551 334.410 91 601.030 338.861 93 647.029 366.392 95 693.509 428.535 102 693.357 444.224 103 693.357 444.224 104 725.953 466.871 105 574.138 353.210 110 561.966 313.658 112 522.955 317.978 113 533.134 335.407 116 535.781 346.233 120 591.483 409.354 123 603.201 330.300 126 228.767 318.387 130 310.398 336.354 132 310.398 336.354 133 637.199 310.230 136 451.070 344.614 143 296.556 367.408 147 455.141 336.507 150 650.260 487.530 151 496.330 297.724 152 708.732 352.008 153 723.491 363.086 154 612.095 363.975 155 575.014 318.379 161 553.728 320.465 162 450.817 322.677 164 704.758 344.746 168 644.159 327.166 181 500.374 336.633 182 459.891 341.089 183 298.048 360.398 186 512.039 369.856 190 508.033 370.380 191 815.835 416.215 192 736.331 522.383 195 257.917 336.250 200 530.245 366.179 201 572.161 371.237 202 550.277 373.452 208 743.372 506.538 215 743.372 506.538 216 758.138 505.369 217 259.410 304.595 218 592.273 354.681 228 373.308 312.205 232 441.039 328.349 233 261.327 361.385 235 791.196 336.772 242 741.030 530.834 243 652.242 487.556 245 612.095 363.975 247 600.150 427.435 249 768.364 360.115 251 816.182 421.469 252 464.698 345.387 258 464.698 345.387 259 620.111 361.566 260 620.305 358.821 262 801.045 360.677 265 797.014 357.301 273 599.360 417.149 274 636.286 335.198 276 652.226 505.986 278 557.459 311.948 282 605.089 347.781 285 660.420 366.149 289 643.583 351.163 290 559.788 370.944 302 692.122 473.302 308
33 0.9624645681524291 -0.016748339346961794 0.2697631816061537 -0.024683670922404095 -0.43009734455025767 0.037680467558039034 0.40581335955513353 33 image_000033.jpg
 398.855 136.173 4 54.858 219.971 8 464.454 197.908 11 852.241 171.596 12 872.891 197.246 16 872.891 197.246 17 729.862 394.180 22 94.552 149.461 25 250.211 144.170 26 98.529 165.856 27 558.620 159.198 32 887.112 135.256 35 542.678 406.905 43 431.375 147.269 48 359.911 181.822 49 568.078 164.261 50 505.061 177.059 51 395.706 191.928 52 601.579 214.205 56 62.067 181.812 64 129.171 179.120 65 82.166 191.164 66 43.931 230.833 68 186.154 224.804 69 751.636 187.290 73 192.500 148.283 76 836.669 159.880 79 635.022 193.503 80 115.778 179.664 82 115.778 179.664 83 52.372 206.964 84 827.742 183.405 87 540.454 131.788 112 479.744 139.459 113 831.614 198.607 115 250.211 144.170 127 106.429 148.412 129 168.312 178.132 132 168.312 178.132 133 456.665 157.304 140 505.061 177.059 142 368.881 186.663 143 787.814 186.040 153 623.449 212.291 155 716.204 108.736 158 561.103 138.517 161 530.400 142.724 162 91.827 165.987 165 881.260 157.662 167 618.677 191.324 172 650.340 201.996 174 528.903 209.652 175 445.284 171.340 182 150.361 216.078 186 848.824 198.097 187 634.133 215.529 189 820.706 471.559 195 535.608 150.816 198 85.458 178.665 199 886.639 395.855 203 640.747 163.271 205 117.233 201.731 214 834.320 445.327 216 97.488 130.492 218 482.719 148.272 222 796.970 174.582 226 590.671 196.877 228 208.762 221.250 229 258.432 138.463 232 757.685 200.168 236 692.394 295.518 238 599.394 314.604 249 599.394 314.604 250 717.573 424.167 253 62.567 219.631 272 600.222 177.344 284 120.274 217.230 286 702.596 212.125 289 679.088 190.189 290 910.761 191.671 294 881.346 126.289 298 116.043 224.018 299
12 0.9737937148627893 -0.044350056083192764 0.2204463349902736 -0.03409229536082601 -0.14157131426104397 0.08147687834304945 0.30904820414110634 12 image_000012.jpg
 615.266 369.243 4 874.864 403.474 16 436.492 375.547 25 383.468 434.608 70 383.468 434.608 71 811.253 398.145 73 771.088 383.126 78 448.906 392.255 82 412.466 407.567 84 783.882 382.214 85 850.714 396.250 87 407.544 417.342 92 786.854 423.112 96 758.533 423.089 107 574.135 351.558 125 442.644 374.679 129 831.617 397.453 153 687.362 409.531 175 666.965 413.680 201 716.526 404.085 211 686.975 340.641 241 797.460 410.809 248 730.300 467.841 249 730.300 467.841 250 886.716 403.595 251 797.643 526.260 253 805.659 391.171 254 744.591 457.066 256
43 0.9769698245330297 0.026761614936301716 0.21062756468317365 -0.021208648380078635 -0.23147300203073537 0.0074381994888881725 0.21606932785646782 43 image_000043.jpg
 514.087 186.080 4 327.764 230.150 8 766.770 227.046 19 350.917 202.197 27 367.804 200.762 29 599.008 325.081 45 531.083 191.755 48 513.592 214.604 52 537.493 227.897 55 619.948 226.022 56 301.113 249.603 71 624.267 216.635 72 304.686 254.482 74 350.546 187.915 89 349.342 207.232 90 671.737 235.285 96 543.564 194.979 106 692.629 218.266 119 350.712 214.253 122 476.363 169.705 125 355.233 192.991 129 580.911 197.929 156 591.748 185.017 160 596.077 201.365 166 539.782 189.364 179 381.103 227.619 186 743.349 217.141 187 731.885 353.257 195 562.212 227.989 201 589.016 180.563 204 710.047 189.658 223 363.854 197.888 240 713.066 324.309 255 332.568 229.971 272 679.162 326.559 275 745.598 183.893 303 740.419 189.334 304 646.642 366.849 305 300.499 242.484 306
15 0.9945640089767755 -0.0217915099564395 0.1015644012522846 -0.0072274484446362775 -0.13486466730941862 0.016360634165019084 0.019664468164851904 15 image_000015.jpg
 391.903 260.189 4 648.749 266.172 7 430.004 300.163 11 652.147 300.224 12 527.346 305.933 13 524.965 308.947 14 487.117 281.125 32 587.325 330.886 40 489.681 419.223 42 476.385 426.710 43 481.142 426.597 44 410.060 268.523 48 388.344 293.337 52 636.178 291.872 53 697.594 295.414 54 434.019 320.032 57 528.835 328.827 58 519.035 305.103 72 600.967 305.080 73 643.730 292.379 79 531.897 303.949 80 583.814 303.982 86 514.626 289.419 93 628.790 415.330 105 586.256 367.718 108 382.470 244.011 111 477.884 263.796 112 440.340 266.298 113 409.536 273.270 114 450.288 283.818 116 450.288 283.818 117 452.160 293.929 120 532.540 255.044 124 518.201 282.019 126 614.879 291.449 137 614.879 291.449 138 395.783 272.654 141 454.880 289.462 142 496.814 322.487 144 555.382 432.503 151 617.535 305.780 153 524.996 313.960 155 469.046 280.952 156 577.256 259.160 158 397.301 258.576 159 483.390 265.823 160 541.937 309.603 174 468.962 309.409 175 418.678 283.596 182 650.822 315.073 187 530.926 316.880 189 428.503 315.655 190 716.414 371.238 192 716.567 381.417 193 717.099 431.872 194 635.644 468.645 195 473.172 275.295 198 485.300 262.269 204 570.853 264.817 212 643.342 454.048 216 470.066 257.863 219 441.878 271.775 222 506.363 304.121 228 486.126 424.892 230 395.449 256.089 231 601.093 312.621 236 472.502 234.073 241 697.594 295.414 242 509.048 320.488 244 510.297 374.833 249 510.297 374.833 250 674.611 316.001 251 716.715 375.787 252 656.759 276.248 257 384.023 290.575 258 384.023 290.575 259 532.102 312.067 260 500.559 287.755 261 532.875 308.858 262 522.486 316.477 263 495.988 317.406 264 704.788 317.822 265 634.501 368.138 266 516.458 320.591 267 684.863 319.226 268 629.586 451.900 269 629.586 451.900 270
111 0.9828383577351834 -0.02426347443118688 0.18125860259062623 -0.02419437650102533 -0.2697761669891855 0.031287671641029774 0.20947370002008736 111 image_000111.jpg
 434.133 249.315 4 219.186 294.507 8 567.180 286.892 13 716.643 301.192 19 627.052 398.518 22 341.870 251.906 26 246.610 263.329 27 527.241 264.498 32 565.547 294.692 37 527.522 408.315 45 285.830 270.245 46 452.408 255.856 48 409.211 275.768 49 532.320 267.488 50 496.880 274.717 51 551.893 296.347 56 568.223 308.948 58 212.743 301.057 68 302.592 298.629 69 186.556 315.917 71 559.173 285.829 72 191.080 321.790 74 597.391 266.478 78 569.927 285.580 80 569.927 285.580 81 565.615 322.917 98 681.522 289.743 115 653.975 289.796 118 492.553 278.635 120 337.406 252.043 128 317.124 269.192 131 438.691 260.443 141 415.459 278.255 143 419.475 270.156 150 564.213 295.266 155 521.659 249.661 160 414.183 258.221 164 708.876 266.874 167 602.540 278.171 169 287.645 297.707 176 294.551 297.629 177 245.085 260.031 180 460.014 269.990 182 702.824 278.091 185 280.278 293.029 186 570.513 297.382 189 761.047 342.791 192 678.459 442.452 195 337.406 252.043 196 339.528 256.142 197 513.032 259.031 198 487.523 296.910 201 573.614 267.692 205 247.858 293.825 235 597.187 409.148 245 761.064 347.488 252 535.486 298.927 264 582.207 442.372 277 612.203 426.536 279 208.392 297.945 281 261.303 293.491 286 208.392 297.945 301 687.581 258.901 304 468.332 273.686 310 291.678 261.153 311
17 0.9922780136504249 -0.01058876671621205 0.12320689081882455 -0.009606662556132108 -0.09944885253130434 -0.0006709337991553017 0.043087089421757006 17 image_000017.jpg
 466.364 211.092 4 217.990 253.378 8 263.153 261.941 10 506.606 253.279 11 741.548 251.038 12 609.284 258.417 13 806.670 367.588 20 672.906 381.267 22 360.671 210.654 26 249.643 219.014 27 697.428 219.812 31 566.945 232.631 32 607.733 267.021 37 530.311 276.978 39 556.715 386.744 43 561.533 386.791 44 485.511 219.864 48 571.506 235.736 50 510.763 274.378 57 611.059 282.939 58 624.282 337.183 59 207.419 203.407 61 210.511 260.269 68 315.301 261.017 69 179.275 276.381 70 179.275 276.381 71 600.504 257.569 72 184.325 283.363 74 624.172 269.700 75 613.616 256.644 80 613.616 256.644 81 686.202 334.517 102 500.568 226.580 106 557.146 214.284 112 516.580 217.167 113 527.077 235.738 116 245.846 211.556 121 301.549 229.373 133 501.834 226.788 140 448.243 234.266 150 605.906 266.513 155 227.940 258.035 157 472.723 209.268 159 570.445 219.352 161 549.289 221.057 162 444.077 220.134 164 657.482 251.252 170 623.411 262.341 174 248.180 215.350 180 641.514 245.199 184 810.837 337.145 193 725.133 430.342 195 523.579 266.478 201 616.092 238.366 205 804.690 258.463 207 543.497 274.683 208 265.302 242.579 214 732.627 414.459 215 732.627 414.459 216 250.612 195.454 218 518.135 222.890 222 510.102 245.401 234 687.238 265.048 236 267.100 215.207 240 731.791 440.570 243 589.131 274.117 244 641.784 392.553 245 605.906 266.513 247 671.608 271.343 248 591.424 330.645 249 591.424 330.645 250 614.703 261.890 262 718.211 412.063 269 718.211 412.063 270 237.134 258.705 271 223.807 253.427 272 794.136 265.773 273 591.296 320.393 274 663.623 395.525 275 631.433 238.942 276 624.966 429.423 277 640.699 410.903 278 656.876 410.661 279 624.495 412.023 280
113 0.9479218711525789 0.03600965637809306 0.31624658326089705 -0.011641644384444719 -0.24977197716663999 -0.00884232160303961 0.2736298337352485 113 image_000113.jpg
 778.514 12.829 4 484.567 90.903 8 833.875 64.156 11 976.607 59.464 13 520.616 45.633 27 917.900 29.154 32 901.607 237.501 43 908.747 236.594 44 914.480 240.931 45 806.219 21.724 48 922.284 33.000 50 869.880 46.064 51 776.222 60.096 52 954.816 74.753 56 476.830 99.729 68 449.013 129.656 74 482.998 79.444 84 861.884 38.079 117 641.634 24.673 128 869.880 46.064 142 751.224 56.985 143 562.475 94.117 147 756.623 45.226 150 972.526 73.318 155 891.910 15.551 162 915.036 34.817 166 996.796 63.179 174 890.015 72.784 175 819.197 17.658 179 816.604 41.735 182 895.253 22.312 198 848.767 21.747 222 915.641 234.037 230 656.328 17.975 232 522.436 88.359 235 951.531 160.933 249 983.893 67.822 260 491.633 90.415 272 499.065 31.443 288 826.628 47.231 310
29 0.9837601423022712 0.05990082947414264 0.16917800671951308 0.002585123532132054 -0.3407768846929471 -0.035283977410177816 0.14551961118593476 29 image_000029.jpg
 333.367 50.746 4 114.958 92.445 8 371.744 90.187 11 594.602 85.671 12 467.174 93.954 13 617.672 113.130 19 140.099 49.959 25 428.901 69.875 32 417.592 213.503 43 422.050 213.176 44 352.802 58.577 48 307.264 78.730 49 432.375 72.777 50 396.081 78.731 51 330.982 84.432 52 452.924 103.121 56 469.194 117.020 58 480.549 167.599 59 109.482 98.914 68 83.380 113.974 71 459.210 92.920 72 87.242 120.225 74 482.614 104.009 75 471.179 91.263 80 155.206 70.650 82 155.206 70.650 83 114.204 83.703 84 109.408 96.255 92 497.428 105.062 95 429.428 91.791 110 417.735 52.526 112 380.104 55.407 113 390.835 73.051 116 390.835 73.051 117 555.118 99.540 118 392.444 83.274 120 234.646 51.776 128 338.089 62.946 141 396.081 78.731 142 313.885 80.523 143 117.076 76.287 146 175.082 99.128 147 317.886 72.777 150 572.732 102.884 154 464.131 101.798 155 406.625 70.062 156 422.133 53.963 160 411.079 58.972 162 312.952 59.669 164 426.902 73.643 166 410.346 98.520 175 362.769 56.353 179 360.066 73.376 182 322.550 77.196 183 234.646 51.776 196 410.765 47.017 219 442.594 73.642 220 382.217 60.890 222 438.324 71.240 224 214.852 97.463 229 303.724 64.944 233 541.559 99.056 236 464.131 101.798 247 658.978 161.608 252 327.184 81.544 258 327.184 81.544 259 120.704 92.386 272 104.240 95.609 281 319.026 76.454 283 457.289 85.582 285 125.829 48.402 288 511.285 105.162 289 494.856 90.648 290 497.428 105.062 291
41 0.9927373962388558 -0.049679162384830486 0.10724008439184135 -0.02245007722215152 -0.04377314442249751 0.025256959218981672 0.12676918098278386 41 image_000041.jpg
 179.910 301.932 5 762.759 491.360 22 309.151 274.600 28 672.146 339.918 37 253.803 294.436 46 652.454 342.044 56 695.507 433.188 59 138.234 338.664 68 279.719 337.408 69 96.167 360.899 71 692.999 342.743 75 715.939 299.760 78 675.623 256.455 124 332.459 269.275 128 198.246 266.415 129 185.058 282.191 165 266.674 335.955 177 678.654 343.639 189 332.459 269.275 196 177.530 293.195 199 615.942 348.846 202 682.334 301.313 205 651.657 412.043 274 131.415 333.968 281 131.415 333.968 301 598.811 348.386 302
1 0.9270396245673437 -0.14658249800900358 0.32836596726867445 -0.10623980771145246 -0.024288771773526868 0.08916923596519591 0.24321966702136122 1 image_000001.jpg
 955.973 451.332 6 941.366 482.386 13 926.447 494.800 15 1012.973 562.132 22 1005.767 570.828 24 769.020 477.157 26 702.977 492.961 27 984.175 457.434 34 678.586 529.987 36 993.476 493.313 40 924.115 574.209 43 927.948 573.852 44 731.406 494.402 46 738.234 493.455 47 849.468 470.182 48 819.734 488.475 49 884.658 479.466 51 837.732 489.401 52 932.123 490.221 56 946.356 498.445 58 708.004 482.341 62 758.530 474.646 63 688.273 500.444 64 716.856 496.419 65 697.055 503.066 66 941.320 459.452 67 683.821 520.744 68 746.399 512.157 69 667.455 533.037 70 667.455 533.037 71 934.275 482.582 72 998.881 472.681 73 670.914 536.604 74 943.299 480.361 80 711.665 497.360 82 711.665 497.360 83 972.979 463.091 85 700.923 482.461 89 702.584 497.180 90 702.584 497.180 91 683.873 518.930 92 935.522 514.999 99 935.522 514.999 100 860.420 473.223 106 1000.616 520.976 108 826.389 457.026 111 897.402 459.280 112 870.179 465.190 113 849.417 473.407 114 1036.074 474.931 115 879.770 475.987 116 879.770 475.987 117 1012.644 477.127 118 996.789 478.512 119 882.719 482.721 120 699.799 488.646 121 704.235 501.725 122 931.301 521.346 123 934.610 445.370 124 801.086 457.413 125 929.308 466.528 126 769.020 477.157 127 764.823 477.818 128 705.324 485.133 129 683.657 489.039 130 753.302 491.135 131 734.762 494.116 132 734.762 494.116 133 887.107 495.626 134 695.600 524.920 135 951.076 448.863 136 1008.208 461.300 137 1008.208 461.300 138 881.614 471.144 139 861.063 473.476 140 839.605 474.735 141 884.658 479.466 142 825.091 489.217 143 920.089 497.384 144 680.749 501.785 145 687.605 505.260 146 728.986 514.630 147 665.162 537.303 148 987.814 567.672 149 826.804 483.281 150 989.844 572.271 151 849.781 454.058 152 1014.102 471.145 153 1028.835 477.904 154 940.660 488.460 155 892.427 471.915 156 694.028 518.311 157
32 0.9837361684711757 -0.03700288262144002 0.17351571872956462 -0.028040207460891284 -0.21333016495719564 -0.07134501908732292 -0.3517290354038895 32 image_000032.jpg
 158.505 220.356 8 313.929 165.222 26 554.381 182.096 50 428.338 199.931 52 581.293 217.991 56 149.763 228.469 68 672.427 201.030 86 582.833 186.628 93 635.999 202.059 94 523.846 250.139 97 600.650 251.260 98 536.973 157.757 112 313.929 165.222 127 714.925 200.698 153 730.873 214.229 154 527.991 166.423 162 548.061 182.908 166 646.398 194.766 169 848.877 289.009 193 530.733 171.987 198 193.707 218.710 235 693.145 209.917 236 582.133 289.099 250 829.556 210.707 265 823.554 205.972 273 635.999 202.059 290 815.412 194.553 292 799.123 210.591 293 800.224 205.608 294 730.873 214.229 296 695.172 261.202 297
44 0.9804949257556277 -0.04104884612655381 0.19025062277911556 -0.027374935357524836 -0.25774995683288976 -0.06692405857681334 -0.44309204880956865 44 image_000044.jpg
 150.161 143.286 8 490.487 123.598 11 622.609 123.919 13 814.881 127.924 16 814.881 127.924 17 780.285 143.886 18 313.101 83.007 26 565.752 94.785 32 707.142 153.468 40 735.477 164.672 41 556.999 288.988 43 463.599 84.022 48 404.230 110.269 49 573.192 98.757 50 524.755 108.894 51 434.394 117.998 52 602.420 137.580 56 258.513 145.615 69 611.183 123.547 72 110.732 180.386 74 628.098 121.413 80 628.098 121.413 81 201.811 111.868 83 702.408 117.865 86 604.171 102.794 93 663.418 119.384 94 728.886 218.043 101 728.886 218.043 102 516.349 100.814 116 516.349 100.814 117 717.889 128.607 119 518.733 114.059 120 608.530 92.808 126 195.215 87.972 129 521.830 138.328 134 743.877 99.223 137 743.877 99.223 138 411.727 114.605 143 670.366 292.736 151 469.977 55.084 152 749.909 116.900 153 619.595 136.562 155 543.721 81.873 162 543.316 132.790 175 473.912 103.035 182 813.504 111.061 185 796.212 128.220 187 487.978 144.073 190 482.415 145.565 191 547.479 88.290 198 512.248 138.518 201 837.413 279.509 203 585.276 126.097 211 797.381 319.856 215 797.381 319.856 216 670.366 292.736 245 225.330 127.491 246 705.484 137.249 248 831.011 128.378 251 876.454 128.605 265 608.659 145.130 267 777.027 318.228 270 156.099 142.970 272 870.561 123.764 273 648.747 341.689 277 670.084 317.704 278 135.177 147.989 281 418.855 108.904 283 600.809 108.844 284 608.195 113.621 285 860.799 110.841 292 843.470 128.913 293 844.001 123.570 294 135.177 147.989 301 823.519 88.683 307 726.472 274.371 308
77 0.9788793388475204 -0.03815219915245562 0.1997993824040091 -0.020490080517007667 -0.2966492507491649 -0.046159205274068325 -0.3361494838215988 77 image_000077.jpg
 186.969 229.391 8 712.018 187.666 9 488.067 216.230 11 605.717 217.753 13 849.581 338.169 20 332.243 177.581 26 221.367 192.914 27 557.428 191.274 32 544.649 364.927 43 278.537 199.422 47 464.998 180.498 48 562.396 194.615 50 518.506 202.898 51 623.646 307.178 59 242.729 200.905 65 283.288 232.862 69 595.714 217.075 72 696.063 213.180 73 152.056 261.668 74 625.275 229.409 75 752.198 196.317 79 610.767 215.012 80 232.916 202.072 83 178.669 232.937 92 589.464 198.827 93 585.445 270.810 99 585.445 270.810 100 544.862 170.599 112 500.214 176.409 113 511.246 195.793 116 511.246 195.793 117 690.966 222.554 119 513.924 208.004 120 593.534 189.316 126 227.226 180.321 129 715.360 196.550 138 516.940 188.272 139 447.084 186.220 141 518.506 202.898 142 418.626 206.921 143 470.842 154.282 152 719.822 213.116 153 736.939 226.561 154 603.602 228.742 155 536.282 179.116 162 623.930 221.975 174 477.367 177.785 179 762.009 223.018 187 748.257 413.757 195 539.454 184.855 198 614.017 195.661 205 234.917 216.580 214 574.787 194.934 220 398.604 164.861 221 501.638 182.456 222 568.742 191.874 224 843.491 224.697 237 753.397 423.921 243 586.044 300.643 249 586.044 300.643 250 605.151 287.641 256 573.706 199.020 261 833.782 224.173 265 743.752 288.859 266 828.569 219.599 273 173.740 233.328 281 540.899 168.995 282 424.405 202.217 283 585.909 203.635 284 736.939 226.561 296 173.740 233.328 301 278.298 221.899 313
110 0.9644399057843308 -0.002060036101622325 0.2636451587211562 -0.018511004493682395 -0.3924168705653489 0.006600480753810821 0.33558907303560126 110 image_000110.jpg
 160.100 212.212 8 500.823 195.411 11 580.256 162.932 32 565.552 365.980 43 572.257 364.773 44 584.891 166.987 50 152.304 220.999 68 123.334 250.725 74 830.545 127.111 77 159.071 201.402 84 716.668 186.515 86 194.726 176.747 91 152.585 217.081 92 764.053 196.494 118 324.273 150.031 127 236.332 217.659 147 581.663 145.608 161 555.633 148.896 162 523.493 210.342 201 702.500 130.575 212 198.013 210.670 235 743.555 196.869 236 556.419 99.150 241 711.238 380.491 253 166.865 211.808 272 175.654 152.989 288
60 0.9666067902311257 -0.023197398965033984 0.2513912083693043 -0.04399598045090797 -0.3682286881926615 0.04265414943090866 0.27585284189256903 60 image_000060.jpg
 140.390 325.283 8 494.338 293.556 11 173.458 263.813 25 307.793 254.844 26 574.445 258.245 32 231.341 285.581 46 612.873 304.206 56 131.346 334.946 68 97.384 358.111 70 97.384 358.111 71 622.072 288.424 72 102.871 365.915 74 637.486 286.676 80 637.486 286.676 81 677.479 281.053 94 558.545 235.647 112 808.270 283.972 115 171.537 269.280 121 183.178 262.148 129 153.201 344.486 135 221.568 328.191 147 446.215 239.751 159 565.354 237.192 160 577.541 241.318 161 550.114 245.505 162 582.726 243.271 163 408.622 258.287 164 172.019 278.626 165 688.244 272.945 169 679.438 286.471 173 244.187 324.402 177 822.835 283.028 187 640.667 304.165 189 301.927 255.607 196 644.790 259.765 205 697.912 219.609 213 745.542 287.472 236 162.741 330.188 271 147.572 324.766 272 708.325 494.945 279 552.729 233.883 282 666.521 291.186 300 97.348 347.148 306
127 0.9588948025245317 -0.050472847802669044 0.2786284718761383 -0.018423600131335496 -0.44710022376728703 0.018999735654592613 0.3544655552104705 127 image_000127.jpg
 109.625 354.782 8 159.765 364.512 10 472.051 343.981 11 820.301 328.525 12 839.427 352.149 17 739.527 535.741 23 283.560 291.721 26 149.183 308.431 27 558.010 311.631 32 852.926 296.532 35 548.148 536.138 45 201.651 318.950 46 411.709 336.600 52 174.814 319.916 65 632.216 297.696 67 224.058 361.490 69 605.248 345.484 72 733.449 341.427 73 806.539 316.491 79 624.780 343.650 80 163.258 320.168 82 163.258 320.168 83 107.604 343.961 84 799.063 338.691 87 98.485 360.027 92 596.551 321.462 93 541.743 286.198 112 499.865 317.331 117 757.751 352.052 118 423.525 304.654 141 509.152 326.056 142 386.659 331.926 143 112.571 331.858 146 393.149 320.241 150 762.626 341.007 153 782.055 357.672 154 664.037 347.455 173 836.632 333.949 185 817.561 352.254 187 785.645 597.985 195 630.740 316.121 205 577.413 348.813 211 490.649 300.036 222 759.460 301.482 223 290.404 287.007 232 657.710 522.619 239 589.576 452.021 249 589.576 452.021 250 693.198 552.359 253 405.017 332.912 258 93.106 359.691 281 163.542 353.694 286 508.453 307.357 287 663.877 341.754 290 125.711 342.479 295 782.055 357.672 296 161.494 360.123 299 822.151 293.020 303
38 0.9791905970030442 -0.051626719136560875 0.1937325255108879 -0.031434992885254774 -0.2579846382151585 -0.01754340025553531 0.04264182557633629 38 image_000038.jpg
 766.595 260.713 9 489.483 300.585 11 634.698 300.851 13 292.005 252.266 26 575.645 267.966 32 563.999 484.358 43 459.766 255.756 48 581.483 272.159 50 525.650 282.891 51 427.545 294.576 52 614.605 316.397 56 638.580 335.273 58 623.425 300.435 72 815.954 271.244 79 615.150 277.749 93 558.829 243.078 112 518.784 275.261 116 518.784 275.261 117 619.071 265.495 126 670.611 236.256 136 525.650 282.891 142 402.272 289.939 143 588.470 327.870 144 408.479 278.308 150 796.631 309.765 154 548.807 253.220 162 472.267 277.252 182 552.528 260.098 198 646.186 272.380 205 505.539 258.069 222 603.146 300.335 228 748.849 304.969 236 613.025 403.860 249 613.025 403.860 250 621.185 290.117 285 678.761 295.267 290
112 0.9927228083032513 -0.10102305697643414 -0.060757099160235375 -0.02458344895340555 0.24532023225707383 -0.09506594934851836 -0.25932198722053523 112 image_000112.jpg
 837.880 302.167 9 368.872 325.191 11 825.201 699.337 22 560.364 724.408 45 309.938 225.538 48 171.051 276.630 49 537.309 287.403 50 245.742 300.064 52 613.790 350.349 72 914.810 329.250 79 392.666 225.795 113 915.894 389.977 115 421.437 278.296 116 853.511 384.324 118 430.719 309.360 120 846.897 322.915 138 265.164 235.771 141 204.861 260.842 150 862.590 362.652 153 477.115 241.842 162 196.935 216.533 164 703.867 283.054 181 528.335 390.643 202 650.921 299.990 205 395.379 241.810 222 348.775 324.349 227 559.434 712.100 230 379.632 303.698 234 207.879 272.410 283
40 0.9151713712260002 -0.086525468020714 0.38869647961356285 -0.06236789405687402 -0.6295139455514496 -0.023792290334290075 -0.0021360025112348024 40 image_000040.jpg
 519.657 356.759 11 800.477 330.744 16 800.477 330.744 17 818.791 344.116 19 577.958 325.390 32 622.973 356.113 37 698.438 365.393 40 578.660 497.442 45 585.433 328.502 50 546.597 341.876 51 607.560 360.020 56 627.240 372.629 58 360.487 390.319 69 712.017 331.338 73 772.163 306.972 79 630.453 343.001 80 693.519 333.473 86 829.959 330.803 88 718.590 421.330 101 718.590 421.330 102 700.149 410.223 108 565.861 308.263 112 708.177 341.458 119 736.664 327.640 153 579.025 310.875 161 584.232 312.589 163 618.222 342.703 172 661.377 342.734 173 640.012 348.750 174 560.284 360.676 175 783.014 332.875 187 629.891 358.467 189 780.466 515.889 215 780.466 515.889 216 596.209 327.765 220 715.277 340.637 236 816.569 329.376 251 595.173 331.639 261 619.400 359.488 263 829.959 330.803 268 690.854 497.636 275 663.022 517.625 278 613.316 339.046 285 828.752 328.953 293 830.106 323.773 294 651.000 347.481 300
63 0.9473566261682065 -0.02935665457279439 0.3171740692809918 -0.032469074212555044 -0.43339844694495877 0.013314970341343116 0.1875010988539417 63 image_000063.jpg
 568.101 305.674 11 622.599 282.738 32 620.903 424.445 45 412.946 298.503 47 549.410 277.770 48 530.287 303.152 52 556.592 316.773 55 646.569 312.874 56 662.627 324.728 58 675.073 373.561 59 652.178 302.465 72 794.782 252.601 77 705.142 278.686 85 647.736 287.995 93 689.878 311.489 95 610.748 266.965 112 450.273 279.771 127 428.273 296.983 131 514.708 301.207 143 767.014 303.307 154 604.438 283.189 156 522.668 297.075 183 866.291 352.730 192 775.248 458.057 195 607.735 277.960 198 668.183 283.430 205 417.400 303.472 210 704.903 258.056 212 604.581 262.471 219 561.530 305.958 227 634.426 288.048 261 689.878 311.489 291 407.224 290.754 311 765.247 278.190 312
85 0.9413461497387199 -0.0586626499255349 0.3278545090780261 -0.05419905337767098 -0.5867922349287441 -0.0556690995897665 -0.2744182430598827 85 image_000085.jpg
 442.553 219.555 11 568.945 205.363 13 515.379 182.117 32 504.001 380.980 43 514.612 383.543 45 418.320 183.389 48 520.367 185.029 50 392.767 219.812 52 732.968 160.232 53 548.974 221.493 56 557.883 206.345 72 673.374 187.138 73 738.031 177.730 87 548.681 185.886 93 435.479 187.773 106 669.388 199.273 119 698.063 164.621 137 698.063 164.621 138 372.283 219.423 143 704.225 182.782 153 722.624 197.122 154 490.640 185.945 156 492.599 171.789 162 427.346 200.956 182 496.652 177.768 198 844.148 175.291 273 159.278 274.407 281 378.312 212.909 283 722.624 197.122 296 720.058 162.156 312
92 0.9814426412354299 -0.05938766113482723 0.18007453085631805 -0.028576599667616377 -0.2309108567404392 -0.0883746684703579 -0.4275204199498009 92 image_000092.jpg
 497.429 239.158 11 193.297 215.590 27 471.818 199.862 48 442.727 233.288 52 864.353 220.618 54 480.653 253.846 55 609.046 254.153 56 144.555 264.950 68 109.471 285.330 70 109.471 285.330 71 727.174 235.906 73 207.402 224.868 83 144.747 260.795 92 610.265 219.874 93 714.325 320.322 108 618.400 197.329 109 722.916 245.864 119 200.568 201.305 129 230.563 261.149 147 676.774 408.287 151 754.866 235.109 153 483.353 196.907 179 478.737 218.625 182 799.279 246.356 187 518.852 254.669 201 191.722 254.631 235 676.774 408.287 245 708.464 418.438 253 174.802 261.422 271 160.211 255.893 272 706.998 412.226 275 844.583 247.036 293 801.029 198.503 303 109.947 274.871 306 766.174 217.621 312
73 0.9389968497363106 -0.05058673349282841 0.33768310133604634 -0.04118279049391831 -0.3126366812120637 0.002590964571153726 0.09082327019112489 73 image_000073.jpg
 926.942 298.042 16 926.942 298.042 17 940.739 308.121 19 856.122 399.157 22 760.350 285.851 32 933.028 266.658 35 502.443 341.548 36 764.542 288.386 50 733.258 296.056 51 783.157 311.900 56 798.729 321.871 58 788.694 302.682 72 862.670 295.856 73 799.524 301.027 80 799.524 301.027 81 507.925 328.795 92 823.048 297.816 94 853.811 351.683 108 788.044 274.145 109 730.182 299.764 120 882.339 293.059 153 931.185 277.569 167 807.663 304.876 174 907.589 438.064 195 526.913 306.882 199 801.525 286.123 205 829.548 290.058 206 914.036 424.572 215 720.877 282.649 222 849.953 414.552 253 768.129 314.939 264 972.064 296.241 265 967.817 293.269 273 848.976 410.617 275 895.039 302.526 296 489.962 337.995 306 933.075 271.638 307
81 0.9859890346637168 0.07970462502780029 0.1464952567088723 -0.0034541109305555504 -0.2181266591047404 -0.03399675098711266 0.20099095616298018 81 image_000081.jpg
 387.574 158.549 26 339.672 164.188 29 563.527 167.058 34 614.492 165.032 35 301.789 196.626 36 526.438 188.463 37 359.379 169.732 47 457.249 162.661 48 506.147 170.918 50 484.366 174.837 51 593.574 172.688 53 461.900 188.576 55 333.058 155.660 62 379.547 154.718 63 339.638 169.791 65 306.854 188.734 68 290.865 198.089 71 521.880 182.812 72 570.610 181.580 73 294.045 202.192 74 535.311 189.554 75 368.764 158.691 76 597.860 172.294 79 529.669 182.406 80 334.981 170.064 82 334.981 170.064 83 310.427 179.331 84 594.599 180.774 87 326.894 154.481 89 326.460 168.975 90 522.086 161.525 109 442.120 148.025 111 327.579 173.203 122 418.778 144.624 125 521.033 168.893 126 387.574 158.549 127 330.028 157.542 129 355.992 170.086 132 355.992 170.086 133 483.544 189.063 134 317.239 193.605 135 541.881 155.828 136 580.013 172.421 137 311.469 174.484 146 348.465 188.516 147 581.743 181.088 153 525.651 188.430 155 488.758 169.418 156 386.354 161.073 197 322.555 169.072 199 638.962 180.911 207 604.205 282.424 209 511.305 184.650 211 553.627 156.335 213 335.179 177.994 214 595.790 270.199 215 595.790 270.199 216 604.298 270.019 217 337.196 161.947 240 348.408 178.533 246 544.377 269.148 278 535.417 269.635 280 600.023 167.632 304 614.449 168.397 307
88 0.8903425873505126 0.08236894854190009 0.4477515864488251 -0.004893291298925683 -0.19900057431077112 -0.0277211908151859 0.48471106240629025 88 image_000088.jpg
 728.960 176.662 26 795.611 171.980 48 768.569 186.992 49 847.624 173.870 50 823.701 180.571 51 799.513 196.871 55 682.508 180.189 62 722.078 174.143 63 687.859 191.839 65 877.615 163.301 67 659.859 211.595 68 865.425 184.014 72 649.154 224.157 74 873.963 182.967 80 676.359 192.079 90 676.359 192.079 91 846.008 185.384 110 728.960 176.662 127 679.889 182.019 129 936.106 164.985 138 804.775 175.107 140 787.318 175.623 141 772.059 188.064 143 828.981 174.614 156 876.913 171.181 205 683.922 199.741 214 732.375 174.539 232 693.554 199.072 246 946.986 180.963 296 682.706 207.313 299 647.182 216.662 306
160 0.9803645773940005 0.11885386381263789 0.1571157293004586 0.008584253044427257 -0.030258419489040386 -0.05388798964531699 0.2780739073746789 160 image_000160.jpg

104 0.99607461649152 0.08319948728184104 -0.030045360925491215 -0.003237844642220141 -0.09280483589407999 0.00791483631830775 -0.16596633882024656 104 image_000104.jpg

123 0.9938544440414852 -0.060019304803808626 -0.09284246651512301 0.005593582358513248 -0.1685101410845039 0.07813715534923835 0.41740222036042984 123 image_000123.jpg

120 0.9932005658938546 0.0631126605283702 -0.09701034491333728 -0.012586863137155551 -0.15654469831285703 -0.022452403681894887 0.34788830167280377 120 image_000120.jpg

185 0.9283630168650427 -0.07324730134285369 0.359989912280623 -0.05642870820180792 -0.4426980643945404 -0.006022003644644017 0.0061717764719465 185 image_000185.jpg

27 0.9717282920451095 0.023363400649759277 0.23480975431551995 -0.00791521040298066 -0.2647143471367943 -0.011635597651919058 -0.08128700398127985 27 image_000027.jpg

