# Camera list with one line of data per camera:
#   CAMERA_ID, MODEL, WIDTH, HEIGHT, PARAMS[]
# Number of cameras: 70
0 RADIAL 1067 697 811.837462249474 533.5 348.5 -0.06667754857488034 0.11956201144411806
172 RADIAL 1020 760 1003.538513820327 510.0 380.0 -0.002343969142257243 0.04295732562717431
128 RADIAL 1025 760 1035.7466778563162 512.5 380.0 -0.03997582142588626 0.11169150665044857
96 RADIAL 1024 760 1040.7297299300901 512.0 380.0 0.010122312491126832 -0.02843197629214563
2 RADIAL 1024 575 1188.5413737687652 512.0 287.5 -0.00840343896852049 0.018000661094318637
3 RADIAL 687 1042 1079.71122910493 343.5 521.0 -0.014964360559140025 -0.018596676191901182
71 RADIAL 1033 760 1076.2011203556194 516.5 380.0 -0.021257939423190993 0.028626181545931734
17 RADIAL 1019 760 1139.2836094421555 509.5 380.0 -0.01641415539791765 -0.0033651904633383006
53 RADIAL 1023 760 1084.945043614293 511.5 380.0 -0.03080024716252529 -0.021411119661956166
157 RADIAL 1018 760 1569.465266565708 509.0 380.0 -0.01305771690427867 0.014861436661615041
61 RADIAL 1039 686 1199.0866532282246 519.5 343.0 5.145575645292701e-05 0.02271646421061292
118 RADIAL 1032 760 1110.1815145496175 516.0 380.0 -0.05017424554332427 -0.036451781738221604
64 RADIAL 1058 689 775.3133205400527 529.0 344.5 -0.03643783832610266 0.026418767651216882
14 RADIAL 1028 760 1029.1821068495963 514.0 380.0 -0.013450400936203446 0.01603429648224563
81 RADIAL 1026 760 696.6203694964468 513.0 380.0 -0.004124461772463312 -0.019141116760799565
111 RADIAL 1043 690 1174.919014059262 521.5 345.0 -0.006120978201651588 -0.004344400338870233
12 RADIAL 1023 760 1183.9354973534423 511.5 380.0 -0.017373662757191877 -0.0036573336491282516
77 RADIAL 1066 693 813.1079586073871 533.0 346.5 -0.014394900579360465 0.023284221059506893
179 RADIAL 1026 680 1367.5655241882625 513.0 340.0 -0.006815242707257687 0.00031644549138931547
15 RADIAL 1024 760 1061.311447968761 512.0 380.0 -0.032772619908222264 -0.001996306389828097
147 RADIAL 1027 760 1015.1668183797511 513.5 380.0 -0.049810663301006065 0.060118796242385766
162 RADIAL 1033 760 1036.8074225736775 516.5 380.0 0.02291427806925298 0.0033601964935387725
148 RADIAL 1015 760 1575.1064479847805 507.5 380.0 -0.02419465352789832 -0.0015462624958912422
63 RADIAL 1023 760 1035.249424930692 511.5 380.0 -0.022858220287849347 -0.004774357766688512
60 RADIAL 1015 760 1770.0131241722045 507.5 380.0 0.02184946250714564 0.001530149590024623
103 RADIAL 1026 760 1129.630355771434 513.0 380.0 -0.011323020500923627 -0.0062497936562539835
152 RADIAL 1021 677 1026.043228214684 510.5 338.5 -0.015593088815705912 -0.004822576086543924
11 RADIAL 1014 760 1827.8404344200212 507.0 380.0 -0.007768596305893171 -0.006084245467753732
50 RADIAL 1015 760 1151.5970663681571 507.5 380.0 -0.0048054614175040925 -0.004262165251011607
4 RADIAL 995 666 1705.5201144559921 497.5 333.0 0.0030260966920324676 0.0036576902810804774
69 RADIAL 1056 689 807.7136429664239 528.0 344.5 -0.0075150107030270774 0.007907739563666494
97 RADIAL 1024 760 1057.2908923436912 512.0 380.0 -0.014377022311300515 -0.0019561093936633573
164 RADIAL 1033 760 1108.6750885356814 516.5 380.0 0.007791381326921742 -0.018073706170925203
110 RADIAL 1015 760 1772.6713785937436 507.5 380.0 -0.01403687367859619 -0.0005467217228019354
89 RADIAL 1032 760 812.7647634206115 516.0 380.0 -0.04981050704079549 0.08370141683681301
158 RADIAL 1013 757 1027.866886818443 506.5 378.5 0.009531175977854434 -0.0377155535142912
33 RADIAL 1026 650 2267.3502678906557 513.0 325.0 -0.02775094759379619 -0.0012775574253659338
65 RADIAL 1041 760 988.7589658215742 520.5 380.0 0.004710954660476653 -0.00586318278190029
67 RADIAL 1022 760 1059.5451649818538 511.0 380.0 -0.01655456292009125 -0.020603153552222222
25 RADIAL 1025 760 1109.6254283829908 512.5 380.0 -0.034472331533821676 0.008565974871240264
127 RADIAL 1014 758 1954.4100516255326 507.0 379.0 0.007875204923140287 0.0009643236925948036
38 RADIAL 1018 760 1562.3123327497374 509.0 380.0 -0.02724062107384138 -0.001907409864415833
41 RADIAL 1022 679 1655.619497175442 511.0 339.5 -0.01662936900500508 -0.0007175714830100787
138 RADIAL 1057 689 775.7064272681164 528.5 344.5 -0.017093940794009034 0.0008760401163062876
176 RADIAL 1022 760 1193.4091300278185 511.0 380.0 0.0009365197136479113 -0.05958314774804259
27 RADIAL 1018 760 1002.1146447631486 509.0 380.0 0.04229464433044842 0.004739999301519263
29 RADIAL 1023 760 1101.4854269232576 511.5 380.0 -0.037629626655916085 0.03687817606196549
43 RADIAL 1026 760 1016.5436384774315 513.0 380.0 0.005390080885470104 0.0015160448831113673
113 RADIAL 1014 760 1625.75564208719 507.0 380.0 -0.033793681970461724 0.0009691509623701559
146 RADIAL 1031 760 1092.7900237369984 515.5 380.0 -0.016312201276789326 0.03374821859810834
114 RADIAL 760 1021 767.8394554167674 380.0 510.5 -0.005215628363326034 -0.008017079019437257
32 RADIAL 988 741 830.640070542623 494.0 370.5 0.018870844223575618 -0.0798240285023391
19 RADIAL 1050 692 1025.338046148355 525.0 346.0 -0.028623402577763253 -0.0002225589469203253
16 RADIAL 1032 684 1544.2549960057702 516.0 342.0 -0.018174935949158675 -0.0011219771657128466
26 RADIAL 1027 760 1035.5943068158513 513.5 380.0 -0.04242401468867282 0.013054824960908326
159 RADIAL 1023 760 1052.1250671809692 511.5 380.0 -0.003168172471114291 0.004912203825503961
36 RADIAL 1021 760 839.178675364295 510.5 380.0 -0.01970067037995866 0.019942512414078635
40 RADIAL 1023 760 938.1281514889896 511.5 380.0 0.016730228586741246 0.010494869251739794
126 RADIAL 1037 760 1119.6531647820568 518.5 380.0 -0.02743996499536243 -0.0028199144252247683
85 RADIAL 1068 694 862.7519630781203 534.0 347.0 -0.036856971603864384 -0.00880221985120706
44 RADIAL 1035 578 780.9572081005646 517.5 289.0 -0.015073820134441739 0.015542378276176558
9 RADIAL 1028 685 836.3913425970316 514.0 342.5 -0.023055721793236967 -0.0014601350176452067
73 RADIAL 1067 697 808.5391848709685 533.5 348.5 -0.05633798399658908 0.07612565740753388
54 RADIAL 1030 760 1092.617103754803 515.0 380.0 -0.014080052170506011 3.8733340068051846e-07
92 RADIAL 1031 760 805.5014230841524 515.5 380.0 -0.029787401728552418 0.055916880365475104
135 RADIAL 760 1026 694.6006880476667 380.0 513.0 -0.009081586153294463 -0.002762332093580148
129 RADIAL 1032 684 719.5063837108019 516.0 342.0 -0.028959401073659703 -0.004458645135117015
88 RADIAL 1024 760 680.2680555599388 512.0 380.0 -0.021403855028867862 -0.007143944725302773
120 RADIAL 1022 760 1062.6068513432167 511.0 380.0 -0.007745636140461058 -0.0006817613366509652
104 RADIAL 1030 684 1236.0 515.0 342.0 0.0 0.0
