# Camera list with one line of data per camera:
#   CAMERA_ID, MODEL, WIDTH, HEIGHT, PARAMS[]
# Number of cameras: 86
34 RADIAL 607 819 837.007724319205 303.5 409.5 -0.03484966495011232 0.13106727660392814
226 RADIAL 689 1047 1122.414412274969 344.5 523.5 -0.017090058863842503 0.05009523027545331
166 RADIAL 756 1009 1068.3693352402581 378.0 504.5 0.07075110859113104 -0.29485338188218285
7 RADIAL 1030 760 1024.2076531695682 515.0 380.0 -0.06580153832037579 0.22350955683816429
140 RADIAL 1047 688 1337.6741580885405 523.5 344.0 -0.03234411976066552 0.13840274912014922
46 RADIAL 760 1015 1013.9905844124743 380.0 507.5 -0.016023412117302075 0.046981050665543554
177 RADIAL 1030 760 1062.7931242721024 515.0 380.0 -0.02592575459736608 0.08816103023811943
18 RADIAL 760 1018 974.8653351681746 380.0 509.0 0.09611584268027096 -0.29566729086056903
116 RADIAL 760 1014 1063.060723155701 380.0 507.0 -0.028937510725831683 0.12177010577146588
149 RADIAL 719 1052 998.3384612134262 359.5 526.0 -0.04877823559151758 0.11609993231025284
150 RADIAL 1034 760 1076.0645895087323 517.0 380.0 -0.02454733595354972 0.08340916345812706
180 RADIAL 1025 760 1109.9999773105421 512.5 380.0 0.006429169195191847 -0.01567982197596151
117 RADIAL 760 1027 1112.658470845391 380.0 513.5 0.10432185870391873 -0.3020210479268238
218 RADIAL 760 1033 1058.384719147887 380.0 516.5 -0.026698189912253395 0.1165192716653475
125 RADIAL 1014 760 1042.6060490735535 507.0 380.0 0.04227984327976458 -0.16470102043061433
94 RADIAL 760 1019 1256.1510994849552 380.0 509.5 -0.03113693156514844 0.10553858924996845
37 RADIAL 760 1027 1064.9019976642992 380.0 513.5 -0.03423626357240222 0.126552596936371
205 RADIAL 760 1024 1041.725566082891 380.0 512.0 -0.016426860045319475 0.053705779464937334
210 RADIAL 760 1022 845.5956330018709 380.0 511.0 -0.0229041424337572 0.03799672565488428
86 RADIAL 1023 760 1045.307990165152 511.5 380.0 -0.06678920775021516 0.17704279638375095
151 RADIAL 760 1028 1032.41389226897 380.0 514.0 -0.023216247354648244 0.07029950040288324
211 RADIAL 756 1012 982.4768951140096 378.0 506.0 0.056343109307154075 -0.21862885908981033
183 RADIAL 760 1022 1140.6806860757843 380.0 511.0 0.0074292265851111094 -0.050990931726264774
90 RADIAL 760 1039 1010.257146881949 380.0 519.5 -0.035680196942704356 0.05657574571790079
131 RADIAL 606 816 862.3598933509841 303.0 408.0 -0.01605868369793209 0.05884865010848904
173 RADIAL 760 1028 1074.5660126693815 380.0 514.0 0.004435218965577686 -0.005874413059529592
144 RADIAL 760 1037 805.0378620114685 380.0 518.5 -0.03851747290999669 0.1409029552698457
174 RADIAL 760 1024 1024.3369519949722 380.0 512.0 -0.04505892615338946 0.1856700225268704
212 RADIAL 696 1078 852.1472092161464 348.0 539.0 -0.02088296639118641 0.10454097849015746
189 RADIAL 1032 684 739.2407158243853 516.0 342.0 -0.024918104659077876 0.045302993338529406
106 RADIAL 1022 760 1101.8425562503783 511.0 380.0 -0.03392010204752534 0.10657850036404426
23 RADIAL 1027 760 1120.219234820649 513.5 380.0 -0.04868253949471346 0.1940908193633328
24 RADIAL 1027 683 794.4217420296054 513.5 341.5 -0.03695552805530941 0.09647975794838755
154 RADIAL 1030 760 1094.3258919411362 515.0 380.0 -0.001157453807310118 0.015159534346440953
8 RADIAL 1015 760 815.6344457187721 507.5 380.0 0.024365505495241753 -0.05215254625127078
57 RADIAL 1016 760 818.0729060014156 508.0 380.0 0.004247175426702328 -0.00901403468052193
132 RADIAL 760 879 886.9898956208003 380.0 439.5 -0.04068174281517821 -0.06019803254292297
139 RADIAL 1015 760 868.7716166998799 507.5 380.0 0.10478433346801459 -0.32361592651182297
45 RADIAL 696 1074 839.935966477828 348.0 537.0 -0.022367386832219237 0.0553268397756543
178 RADIAL 610 822 710.6525064150477 305.0 411.0 -0.018914232700205702 0.05917111660340496
186 RADIAL 689 1047 915.9151253857501 344.5 523.5 -0.015479627765779963 0.024049787830817633
59 RADIAL 695 1061 802.6996498898839 347.5 530.5 0.004601232223681249 0.0010944156832558467
202 RADIAL 760 1015 853.6219480305807 380.0 507.5 0.01742253049909632 -0.0360019001287429
102 RADIAL 1013 674 765.6885694810941 506.5 337.0 -0.04056435704228457 0.07286889611383515
133 RADIAL 374 501 427.18612048872905 187.0 250.5 -0.012588353027328499 0.06062466750883723
55 RADIAL 1046 688 847.1731888852764 523.0 344.0 -0.018226479587704153 0.032381919182405856
122 RADIAL 760 1029 790.0858068936134 380.0 514.5 -0.07254981239714128 0.12762126692265513
161 RADIAL 1025 760 1029.9738256263604 512.5 380.0 0.015152581688929318 -0.0732537846895598
193 RADIAL 1047 689 1325.6202959592429 523.5 344.5 -0.009593515807842838 0.062054161028974215
145 RADIAL 1022 760 1151.0156583905623 511.0 380.0 0.01978795173250529 -0.07078609787382911
58 RADIAL 1013 760 1061.0911026105919 506.5 380.0 -0.0017281607211369942 0.020630207245756284
216 RADIAL 1029 760 1017.1977320020279 514.5 380.0 -0.015099329709037813 0.003589003950885733
171 RADIAL 1075 694 798.171540654722 537.5 347.0 -0.06900475825710736 0.1542423853570909
167 RADIAL 1023 760 1044.4668077234164 511.5 380.0 -0.0619463420645021 0.1816023406710384
191 RADIAL 1065 696 808.5034236155406 532.5 348.0 -0.07997944920659342 0.14946265396729774
119 RADIAL 760 1029 794.1560278013455 380.0 514.5 -0.013393570654286832 0.02382805987485968
137 RADIAL 692 1068 794.5881513446295 346.0 534.0 0.004869450363444033 -0.05506176853403393
72 RADIAL 1049 689 1117.6087283713182 524.5 344.5 -0.035878294728510673 0.11972372117430072
228 RADIAL 1028 760 1107.9393074956897 514.0 380.0 -0.009288921126311816 0.041031241739340404
153 RADIAL 1025 760 1078.529285066196 512.5 380.0 -0.06202616945898172 0.16824215075335672
30 RADIAL 1018 760 1018.1107974068873 509.0 380.0 0.07402288915319352 -0.2803862041601055
22 RADIAL 1066 691 797.0566385685615 533.0 345.5 -0.02621869244455859 0.05509763280509125
47 RADIAL 760 1045 1693.3584683619217 380.0 522.5 0.426395428080348 -14.924795603805407
48 RADIAL 818 606 824.9800954191999 409.0 303.0 -0.01661640449353627 0.045139635887061345
51 RADIAL 815 605 873.7251395616506 407.5 302.5 -0.016440274516431173 0.04844108245538312
31 RADIAL 814 605 834.5942112469226 407.0 302.5 -0.06519439492972243 0.17841999871595
233 RADIAL 1026 760 1063.0663809851862 513.0 380.0 -0.06927664375067434 0.2213588765408307
99 RADIAL 1013 571 1108.593070121493 506.5 285.5 0.10594176417207879 -0.4494573641425024
203 RADIAL 1021 543 1731.8482606528598 510.5 271.5 -0.017904708277385467 0.039163001583423056
74 RADIAL 1057 580 1074.5311203437811 528.5 290.0 -0.03485343268409246 0.04199340908153932
143 RADIAL 760 1027 895.6171058371393 380.0 513.5 0.0026323242529022184 -0.04989731665724019
168 RADIAL 513 380 550.3650271932811 256.5 190.0 0.015108181637508038 -0.05750589139960943
115 RADIAL 857 760 627.7361696951189 428.49999999999994 380.0 -0.21590768921294953 0.35171611555680665
68 RADIAL 521 382 620.8686743513335 260.5 191.0 -0.07056687353834101 0.277702202328546
121 RADIAL 1020 680 807.3869370722654 510.0 340.0 -0.010229301111657046 0.008346909736907843
215 RADIAL 644 1094 947.492486311132 322.0 547.0 -0.09004461751286469 -0.018652717823506127
225 RADIAL 760 760 709.5155356673527 380.0 380.0 -0.056518696967149326 -0.0880430132429345
100 RADIAL 1028 760 697.4920371630916 514.0 380.0 -0.1110941493063332 -0.01873972993180696
182 RADIAL 1007 756 977.2127630764285 503.5 378.0 0.04876969757779188 0.004111988117661543
170 RADIAL 1030 760 1155.9823999020277 515.0 380.0 0.014506976229770003 0.0018166685675637402
14 RADIAL 1028 760 1030.4427029384942 514.0 380.0 -0.014207222833885227 -0.0007384356791522017
82 RADIAL 1026 676 1579.5184497944956 513.0 338.0 -0.00776005624403356 0.00022245228167939941
69 RADIAL 1056 689 811.2068889810172 528.0 344.5 -0.016858916759068858 -0.013141543340269596
78 RADIAL 1013 757 859.5592981366506 506.5 378.5 0.14074194935547557 -0.404329955716081
80 RADIAL 944 760 996.8641351411484 472.0 380.0 0.09274873873067098 0.006818290150991249
79 RADIAL 1029 760 1145.0907321204475 514.5 380.0 0.0015704991299350297 0.07305572658163978
