# Image list with two lines of data per image:
#   IMAGE_ID, QW, QX, QY, QZ, TX, TY, TZ, CAMERA_ID, NAME
#   POINTS2D[] as (X, Y, POINT3D_ID)
# Number of images: 236, mean observations per image: 16.699
96 0.9934168751455925 0.09434177620281062 -0.05440277066440519 0.03553689087814602 -0.11104606593612683 -0.03564119926509605 -0.20127229184335726 96 image_000096.jpg
 773.992 310.865 0 942.751 335.810 1 861.973 353.181 5 531.855 517.468 8 528.716 534.593 10 371.756 247.520 11 371.756 247.520 12 710.501 316.781 14 448.468 397.782 16 688.176 329.478 19 446.346 519.602 21 888.821 330.062 24 729.844 499.711 26 732.330 532.205 27 970.514 481.085 34 367.890 250.578 35 712.638 311.875 37 375.486 250.481 43 844.952 288.724 46 844.952 288.724 47 704.164 305.449 48 747.485 342.281 53 936.598 336.151 57 475.918 368.035 59 669.962 341.713 68 718.827 349.636 97 788.279 345.233 101 893.730 338.783 103 877.537 342.712 106 735.149 354.006 107 624.238 363.579 108 736.598 307.934 114 809.491 315.850 115 652.694 349.415 117 527.641 428.992 121 677.036 336.632 125 738.998 348.622 131 957.261 338.679 134 941.106 397.968 140 633.995 490.103 144 738.412 511.825 146 924.539 337.065 151 718.834 357.188 153 941.505 491.456 156 941.961 496.486 157 747.246 305.964 160 510.194 533.943 167 923.689 491.710 176 958.397 490.820 177 422.865 372.338 181 902.285 341.699 199 789.803 352.273 200 498.948 366.318 211 902.629 459.870 214 891.098 313.490 219 905.574 311.039 220 905.466 492.216 221 448.825 408.909 245 917.889 479.744 247 558.568 357.475 268 505.116 362.416 269 948.973 398.393 273 738.727 520.392 280 741.158 317.615 307 874.416 339.804 361 663.315 310.093 423 466.418 368.943 433 680.356 328.951 441 959.471 341.268 446 908.902 337.904 449 498.948 366.318 459 917.851 347.936 472 698.707 337.942 484 879.552 401.068 497 958.397 490.820 581 782.766 345.557 590 637.179 487.406 593
1 0.9999914008318106 -0.002152867320935223 0.0035358439498428 0.0002463907633041593 -0.00495692712640878 -7.33777445833437e-05 -0.008977642052688146 1 image_000001.jpg
 882.951 467.758 0 1000.379 478.197 1 858.163 490.015 2 862.729 489.987 3 834.606 491.437 4 946.648 492.247 5 799.664 541.991 6 670.016 547.632 7 736.740 613.538 8 774.411 621.685 9 736.102 624.869 10 627.932 448.251 11 627.932 448.251 12 774.027 617.834 13 839.605 474.735 14 825.091 489.217 15 670.914 536.604 16 896.129 590.376 17 949.709 472.086 18 826.804 483.281 19 822.001 501.344 20 678.379 618.007 21 955.672 487.458 22 811.987 589.572 23 961.304 476.620 24 768.611 487.328 25 870.878 594.995 26 875.770 617.175 27 754.747 465.183 28 892.427 471.915 29 822.077 510.201 30 859.730 595.626 31 837.906 597.563 32 719.484 629.112 33
2 0.9844675823467057 0.11020543247167744 -0.11762610491311339 0.06958754107429575 -0.13643966684708128 -0.051618830314930975 -0.30700242252227244 2 image_000002.jpg
 585.548 142.462 0 533.951 178.680 2 488.574 175.524 4 257.794 408.561 10 48.925 13.170 11 48.925 13.170 12 472.430 168.837 15 167.393 228.658 16 477.560 158.514 19 703.307 194.768 22 802.693 365.106 34 43.920 15.991 35 741.421 115.541 36 509.705 137.776 37 618.865 184.416 38 653.044 189.434 39 770.215 191.311 40 298.433 365.702 41 301.229 416.082 42 53.267 17.328 43 53.305 36.184 44 734.870 116.171 45 672.493 120.579 46 672.493 120.579 47 498.655 128.978 48 547.272 133.991 49 471.012 141.192 50 111.621 156.963 51 669.617 177.053 52 550.783 179.549 53 618.555 180.453 54 681.897 181.496 55 753.722 186.982 56 777.206 186.830 57 287.418 189.547 58 206.378 191.718 59 176.486 192.719 60 659.575 260.640 61 127.337 310.912 62 48.513 20.533 63 48.513 20.533 64 440.656 86.114 65 440.656 86.114 66 113.599 161.740 67 453.533 172.764 68 110.912 225.830 69 692.867 250.146 70 101.583 288.389 71 162.626 303.998 72 768.138 337.836 73 300.365 402.919 74 810.609 416.538 75 439.232 96.751 76 727.948 125.422 77 116.668 299.764 78 583.909 164.475 79 254.018 404.202 80 440.879 80.648 81 73.562 250.099 82 132.587 376.273 83 223.046 179.434 84 585.457 110.061 85 445.357 188.602 86 189.736 343.653 87 167.758 375.263 88 663.878 183.390 89 743.283 213.438 90 743.283 213.438 91 143.849 393.324 92 175.442 262.000 93
33 0.9876287416096091 0.14009667849439925 -0.05284596582180446 0.046580078011388755 -0.3261765898926291 0.01487639695984154 0.11440147062368769 33 image_000033.jpg
 507.677 149.021 0 757.685 200.168 1 388.621 194.882 4 127.971 461.521 8 202.156 487.977 9 119.641 488.042 10 368.881 186.663 15 649.389 174.954 18 376.124 172.699 19 246.199 168.104 25 351.958 235.816 30 704.255 108.529 36 414.139 146.157 37 616.580 117.846 46 616.580 117.846 47 398.855 136.173 48 460.807 139.887 49 464.454 197.908 53 747.539 200.267 57 150.361 216.078 58 54.858 219.971 59 345.453 193.059 68 729.862 394.180 73 779.717 491.902 75 335.417 213.067 86 704.768 234.410 90 524.998 204.827 101 771.940 286.015 112 327.881 207.798 118 692.394 295.518 120 128.468 321.704 121 640.747 163.271 124 398.007 236.136 128 744.498 297.663 140 431.105 462.671 146 542.678 406.905 164 578.364 214.485 169 678.293 322.807 171 678.293 322.807 172 522.222 125.887 204 88.821 218.689 211 676.956 391.387 214 795.941 473.354 215 728.222 206.125 228 713.341 142.595 231 569.980 189.232 241 699.344 423.141 247 661.032 224.934 249 474.427 495.421 254 740.957 223.271 260 685.356 413.957 261 310.084 208.638 267 705.415 285.546 272 717.656 403.306 276 689.602 403.701 277 430.489 475.479 280 475.606 503.183 290 482.719 148.272 292 729.862 394.180 304 639.504 390.782 340 796.669 495.687 345 447.869 467.571 353 637.475 307.806 365 119.641 488.042 378 229.349 134.426 383 665.270 339.764 389 246.199 168.104 417 340.437 142.221 423 39.218 220.829 433 300.077 302.482 438 427.328 447.282 455 81.118 237.214 456 81.118 237.214 457 652.550 177.162 458 88.821 218.689 459 769.469 291.155 460 572.237 409.644 461 762.371 487.615 462 705.027 340.221 463 684.527 392.406 464 275.336 409.382 465 338.375 411.930 466 432.656 487.959 467 510.524 498.970 468 319.441 413.646 469 35.939 426.371 470 394.107 422.295 471
4 0.9776387073089811 0.12130117408551236 -0.15921345268049972 0.06449540107162995 -0.09090682835097343 0.0020667328863216614 -0.03690321999511322 4 image_000004.jpg
 506.406 213.890 0 405.724 249.823 4 167.476 498.816 10 387.756 243.035 15 59.396 307.347 16 483.676 453.287 17 625.238 236.655 18 393.031 231.817 19 375.848 267.345 20 645.494 247.658 24 436.154 458.652 26 256.339 177.365 28 667.136 184.193 36 426.537 209.637 37 576.201 262.782 39 660.649 184.823 45 595.841 189.904 46 595.841 189.904 47 415.077 200.845 48 465.846 205.600 49 386.841 213.750 50 593.707 249.556 52 469.754 253.404 53 606.501 254.182 55 367.991 247.462 68 695.468 415.170 73 738.909 493.887 75 652.746 193.525 77 504.673 237.158 79 357.419 264.795 86 66.295 466.258 88 669.981 286.164 90 669.981 286.164 91 70.146 344.342 93 454.177 235.980 96 465.425 260.632 98 520.834 259.719 101 671.927 266.211 110 32.045 315.436 111 455.399 207.343 114 549.689 222.946 115 432.892 238.814 116 352.768 259.855 118 660.802 334.902 120 170.842 355.120 121 527.582 189.959 130 457.754 260.637 131 714.898 262.893 132 720.449 262.705 133 727.251 262.829 134 677.227 266.040 135 708.436 266.142 136 722.487 266.028 137 659.443 266.266 138 754.232 334.889 139 703.050 337.119 140 668.693 430.955 141 620.283 440.155 142 691.652 441.859 143 312.673 442.515 144 443.219 452.376 145 446.508 473.529 146 517.823 510.766 147 653.988 511.707 148 679.392 176.985 149 646.152 258.272 150 688.745 258.507 151 642.759 262.638 152 431.215 270.520 153 295.749 272.336 154 695.942 438.645 155 696.300 454.261 156 696.389 460.414 157 324.181 475.678 158 567.096 505.903 159 472.276 205.091 160 22.062 269.299 161 76.812 332.169 162 472.486 343.214 163 540.364 426.081 164 430.683 494.655 165 681.595 192.883 166 142.253 496.906 167 491.497 494.572 168 565.546 268.664 169 611.626 251.314 170 650.444 358.064 171 650.444 358.064 172 564.883 455.163 173 476.973 459.851 174 671.761 314.322 175 674.669 454.052 176 716.067 453.893 177 631.740 456.584 178 227.251 459.711 179
71 0.9877272187992858 0.14630644306427373 -0.04050001484622994 0.036730336144970954 -0.1911876144409206 -0.0026602620216759645 -0.010809550028483187 71 image_000071.jpg
 687.320 247.246 0 827.379 271.808 1 653.796 274.705 2 623.350 273.521 4 479.186 433.406 10 341.394 194.522 11 611.777 269.684 15 414.901 316.898 16 615.681 261.980 19 412.081 420.268 21 543.254 261.988 25 603.637 296.649 30 338.777 196.827 35 636.292 247.205 37 344.240 197.042 43 791.700 224.038 45 747.742 229.468 46 747.742 229.468 47 628.193 241.842 48 661.883 243.544 49 610.516 251.027 50 376.036 270.685 51 664.611 274.375 53 754.420 271.687 55 804.860 272.804 56 821.754 272.026 57 491.489 287.961 58 419.675 292.909 60 599.272 273.153 68 815.733 377.316 73 845.483 429.268 75 786.825 229.933 77 397.530 414.144 83 593.608 283.962 86 420.277 413.404 88 421.512 339.245 93 836.072 318.055 112 589.967 281.275 118 792.003 323.800 120 480.401 344.604 121 761.359 253.971 124 804.882 218.174 149 782.803 273.388 150 811.337 272.445 151 639.808 286.259 153 816.103 392.262 155 816.354 402.747 156 816.443 406.672 157 393.814 294.275 161 806.914 228.767 166 758.654 269.333 170 830.044 402.497 177 393.814 294.275 181 672.674 242.677 182 411.394 304.662 194 594.995 237.154 203 813.945 408.590 207 853.558 419.055 215 797.430 249.625 220 784.472 280.132 222 784.472 280.132 223 812.609 279.401 237 788.747 283.553 243 780.998 330.627 246 478.530 425.887 253 594.661 251.842 265 799.221 318.549 272 822.471 332.959 321 411.874 355.768 348 616.625 380.819 349 495.995 417.139 350 410.270 298.976 364 411.675 311.937 386 514.554 335.402 399 804.626 392.112 401 395.659 355.697 407 569.966 275.413 409 404.959 347.820 415 595.477 246.213 423 858.064 421.932 430 429.966 292.188 433 574.947 332.239 438 818.624 274.542 450 833.704 283.653 452 834.965 426.933 462 594.416 291.547 488 809.673 392.747 502 836.072 318.055 558 419.612 340.302 598 797.430 249.625 621 802.876 223.264 623 801.491 258.872 624 666.616 285.353 625 802.191 323.566 626 303.408 383.294 639 554.071 293.562 647 408.829 344.128 648
40 0.9944320114613796 0.0700747397056936 0.0777136426970441 0.012453680675037958 -0.5496968248899674 -0.06676293831063279 -0.21046093999828608 40 image_000040.jpg
 546.714 322.470 0 715.277 340.637 1 473.194 359.062 4 629.075 363.110 5 271.048 424.179 16 640.573 329.058 18 465.601 346.397 19 675.973 281.556 36 488.716 326.501 37 600.853 355.920 39 478.234 320.273 48 515.289 320.622 49 458.553 332.930 50 614.591 343.585 52 519.657 356.759 53 573.999 351.375 54 624.346 346.203 55 342.842 386.448 58 278.583 396.610 60 245.204 487.574 62 244.142 378.373 67 448.124 360.603 68 233.068 472.280 71 266.526 481.346 72 739.913 553.346 75 546.597 341.876 79 304.415 383.726 84 548.361 295.245 85 442.623 373.624 86 280.596 510.644 87 567.498 333.001 95 508.877 344.538 96 491.962 365.366 97 557.389 357.927 101 259.110 431.095 111 728.869 400.979 112 614.666 416.872 113 437.636 370.716 118 329.571 452.975 121 669.159 296.120 122 633.882 322.877 124 456.558 352.526 125 584.163 349.289 129 510.595 363.556 131 718.540 344.033 132 255.808 400.442 161 570.316 495.281 164 630.453 343.001 170 720.150 516.311 177 255.808 400.442 181 243.001 411.736 183 397.513 445.973 186 256.853 530.972 188 253.044 403.570 189 216.137 477.549 192 270.184 410.681 194 732.111 532.065 201 695.368 551.428 209 311.202 391.529 211 752.232 538.613 215 487.375 340.924 226 682.834 304.050 231 666.066 358.687 243 701.648 551.720 244 656.602 420.539 246 530.418 327.410 250 684.674 321.106 257 594.386 356.562 259 703.828 357.360 260 561.344 316.751 262 492.601 327.503 263 444.494 335.978 265 427.839 372.798 267 357.027 380.583 268 241.397 399.103 271 723.226 414.036 274 220.206 443.965 275 671.712 489.127 277 652.164 489.478 278 584.016 432.237 284 213.998 480.911 288 246.826 532.331 289 531.410 323.198 292 395.652 336.723 294 436.936 347.315 296 541.470 346.802 298 283.055 368.674 299 217.797 415.277 301 382.525 435.781 302 427.038 442.342 303 514.827 331.363 307 615.782 346.833 308 565.892 371.998 311 238.845 392.827 312 218.060 439.067 314 123.154 442.511 315 135.905 327.734 317 128.600 374.272 318 242.446 384.126 320 149.925 459.630 323 286.373 459.198 325 286.373 459.198 326 580.234 430.633 337 246.210 482.116 339 636.783 481.196 340 753.039 555.621 345 264.876 468.782 348 634.004 423.014 365 398.278 433.950 367 700.435 491.433 371 231.220 487.457 372 269.368 418.853 386 565.427 432.320 388 653.554 443.850 389 264.876 468.782 392 672.884 497.809 393 514.827 331.363 396 593.564 431.393 397 263.775 413.105 405 263.775 413.105 406 252.017 468.842 407 658.852 495.054 411 512.312 326.216 432 671.901 391.419 434 421.429 433.105 438 727.421 404.763 460 587.967 496.018 461 667.429 480.572 464 432.527 345.882 475 474.141 354.492 484 428.217 366.793 485 624.432 374.682 486 718.332 376.979 487 441.184 382.976 488 368.804 387.198 489 224.039 422.133 490 569.906 430.666 491 668.117 490.019 492 668.117 490.019 493 558.178 319.105 494 287.423 372.476 495 755.178 401.096 496 690.313 422.511 498 212.276 448.626 499 660.483 488.990 500 692.039 502.868 501 692.039 502.868 502 373.022 508.234 503 212.416 530.657 504 595.173 331.639 505 436.936 347.315 506 247.086 374.226 507 208.896 385.194 508 248.677 401.995 509 149.404 405.232 510 243.253 407.010 511 485.434 425.233 512 282.368 458.216 513 672.354 481.137 514 623.055 485.596 515 212.463 500.401 516 158.214 517.479 517 740.923 548.493 518 667.601 303.180 519 419.770 356.768 520 718.224 371.655 521 214.939 389.072 522 219.216 393.904 523 212.328 423.520 524 256.617 426.462 525 201.957 451.804 526 201.957 451.804 527 682.602 462.866 528 203.684 491.732 529 196.722 501.887 530 251.810 532.213 531 255.514 361.513 532 255.514 361.513 533 224.301 430.925 534 375.040 497.884 535 758.781 530.153 536 290.883 362.877 537 246.666 365.917 538 212.228 380.995 539 255.075 411.725 540 255.075 411.725 541 205.184 499.471 542 203.646 513.566 543 203.646 513.566 544 200.278 537.375 545 316.466 334.957 546 285.479 474.716 547 285.479 474.716 548 213.767 502.473 549
73 0.9935797617236842 0.10799622893662832 0.01591531703378437 0.029711579197007773 -0.25603919436370115 -0.02718365014073277 -0.1467304655460291 73 image_000073.jpg
 733.126 282.035 0 864.589 301.902 1 800.187 315.202 5 420.627 238.300 11 420.627 238.300 12 488.332 438.469 21 423.331 240.702 43 423.220 250.276 44 829.778 258.712 45 461.092 309.231 51 788.134 300.433 52 795.774 302.694 55 843.052 303.112 56 859.252 302.051 57 497.271 327.442 60 472.930 396.441 62 420.584 242.270 63 420.584 242.270 64 459.183 384.148 71 492.080 391.956 72 856.122 399.157 73 825.243 264.804 77 496.039 432.302 88 786.777 304.853 89 498.071 367.797 93 824.767 303.944 103 760.350 285.851 115 832.797 350.369 120 801.525 286.123 124 849.748 302.676 151 799.524 301.027 170 475.252 329.208 181 718.971 277.955 182 489.962 337.995 194 894.178 439.331 215 786.739 267.604 230 839.855 274.742 231 519.738 336.223 242 821.488 356.492 246 766.211 362.947 284 458.064 387.547 287 420.577 256.522 291 804.459 316.755 309 467.907 296.463 332 420.142 245.889 336 489.669 381.929 348 325.120 287.560 352 343.518 187.733 354 343.518 187.733 355 860.387 347.706 362 397.342 360.007 370 459.039 396.407 372 383.732 317.405 385 490.115 344.085 386 489.669 381.929 392 817.236 284.831 403 483.769 339.857 405 483.769 339.857 406 391.206 313.962 410 505.719 326.635 433 831.639 336.147 434 435.961 386.519 435 402.207 314.610 437 871.102 312.734 452 505.355 422.247 470 488.887 385.076 476 501.043 376.735 479 828.022 273.479 519 434.330 365.058 561 834.519 414.621 564 353.739 367.601 634 370.901 369.015 635 316.317 334.784 638 373.555 413.786 640 354.187 437.078 642 324.339 338.550 644 807.663 304.876 649 435.961 386.519 650
77 0.9840610027985603 0.10744770478847043 -0.1225697006024966 0.07110275695398623 -0.18050044515036567 -0.08050648086930558 -0.4856076727286106 77 image_000077.jpg
 520.648 183.603 0 697.865 222.500 1 479.758 216.003 3 287.495 421.374 9 288.152 413.788 13 447.084 186.220 14 418.626 206.921 15 152.056 261.668 16 423.725 197.791 19 625.275 229.409 22 359.347 373.046 23 641.247 212.844 24 451.713 427.206 27 534.688 191.725 29 452.222 179.452 37 579.405 224.789 39 685.003 226.369 40 261.692 382.771 41 441.876 171.107 48 485.228 176.617 49 488.067 216.230 53 605.717 217.753 55 690.966 222.554 57 160.871 230.464 60 585.248 288.408 61 114.154 334.216 62 401.393 210.953 68 682.555 357.534 73 262.129 415.728 74 518.506 202.898 79 35.537 271.936 82 117.469 392.470 83 201.461 218.315 84 147.237 391.735 88 158.228 292.872 93 542.641 196.825 95 475.195 201.612 96 645.481 222.314 103 349.710 231.809 108 658.806 228.766 109 663.324 228.766 110 131.682 268.324 111 477.367 177.785 114 557.428 191.274 115 388.227 221.082 118 652.651 287.597 120 237.642 301.156 121 614.017 195.661 124 311.679 214.406 126 538.733 163.380 130 708.081 229.033 137 614.830 378.094 142 461.024 404.518 146 644.053 442.476 148 640.547 222.056 150 677.888 222.611 151 637.791 225.511 152 682.652 378.190 155 682.738 392.275 156 355.826 404.146 158 493.348 175.745 160 610.767 215.012 170 643.197 307.761 171 660.586 269.919 175 276.256 388.710 179 416.099 293.385 185 333.569 300.062 186 122.986 235.661 189 149.390 245.781 194 679.548 400.234 207 526.637 450.194 210 730.745 415.005 215 688.957 203.551 218 450.021 194.471 226 466.714 224.957 227 394.723 297.377 233 564.567 211.667 241 196.432 246.245 242 681.448 427.006 244 637.897 295.177 246 500.779 186.148 250 381.317 225.070 251 278.298 221.899 268 30.437 281.232 286 116.069 387.088 289 209.072 163.913 293 110.689 218.195 300 452.497 415.788 335 380.564 430.487 346 143.364 313.051 348 42.098 246.027 368 416.081 297.879 369 381.743 414.977 377 344.437 354.358 395 291.809 300.377 400 635.131 195.576 403 737.307 419.973 430 479.844 182.132 432 22.376 304.511 435 364.893 287.845 438 414.626 196.178 441 714.176 229.185 446 661.533 319.566 463 344.363 364.190 465 162.086 305.627 479 573.706 199.020 505 20.996 218.823 510 28.578 364.603 517 20.990 197.130 551 595.288 298.944 553 22.445 267.971 561 37.372 259.411 570 219.217 410.409 596 41.875 256.789 597 39.602 305.465 599 39.602 305.465 600 260.378 398.728 604 439.913 191.365 615 339.987 236.149 647 22.376 304.511 650 626.654 265.148 651
142 0.9463242057401084 0.2766268243017415 0.16649395463591446 -0.015095523402972273 -0.5845328157957308 0.08926497754078386 0.03153196083493778 142 image_000142.jpg
 504.335 207.155 0 649.788 218.456 1 471.312 241.059 2 476.416 240.337 3 443.582 243.130 4 574.202 242.739 5 401.593 311.373 6 286.801 314.292 7 338.958 394.673 8 368.422 407.805 9 335.940 408.127 10 162.133 201.867 11 162.133 201.867 12 368.615 403.110 13 451.783 219.333 14 434.072 239.541 15 286.916 300.448 16 491.275 377.272 17 585.068 211.115 18 436.837 231.281 19 426.908 257.730 20 289.202 396.288 21 585.350 236.119 22 405.175 372.154 23 601.357 216.724 24 378.343 236.726 25 463.821 381.567 26 463.800 408.281 27 365.264 207.380 28 515.556 211.704 29 427.514 268.410 30 452.252 381.388 31 429.148 383.018 32 322.771 410.042 33 657.406 362.862 34 159.663 203.896 35 617.667 163.015 36 455.432 212.569 37 527.252 236.669 38 550.360 236.864 39 637.192 224.108 40 352.466 381.995 41 356.523 412.587 42 165.101 203.974 43 166.217 215.134 44 612.274 164.583 45 563.642 178.333 46 563.642 178.333 47 445.770 208.143 48 477.890 205.798 49 430.768 219.520 50 259.548 259.038 51 561.942 225.024 52 482.400 239.611 53 527.873 233.215 54 569.894 227.214 55 624.789 222.510 56 643.581 219.700 57 339.581 268.315 58 302.486 275.331 59 290.166 277.501 60 555.447 291.732 61 274.663 353.621 62 162.640 206.530 63 162.640 206.530 64 414.222 181.182 65 414.222 181.182 66 260.706 261.811 67 423.364 244.246 68 262.895 302.172 69 580.153 280.358 70 263.438 340.838 71 289.978 347.223 72 630.875 343.764 73 354.522 404.259 74 659.801 402.231 75 413.682 189.090 76 607.305 172.674 77 269.317 346.546 78 503.922 224.291 79 333.322 406.023 80 414.064 177.330 81 209.704 333.191 82 281.316 391.423 83 309.011 265.710 84 505.336 181.073 85 419.707 256.189 86 303.837 371.378 87 294.832 390.267 88 558.795 230.779 89 617.067 245.294 90 617.067 245.294 91 286.222 400.568 92 293.241 321.998 93 449.483 202.851 94 521.981 216.077 95 472.809 229.017 96 459.029 248.251 97 479.174 245.570 98 498.028 242.482 99 501.684 242.049 100 513.311 239.852 101 584.402 228.602 102 603.849 225.541 103 495.559 245.510 104 583.724 231.525 105 589.896 230.692 106 471.252 251.512 107 392.877 265.173 108 614.772 230.077 109 619.137 229.486 110 278.906 306.111 111 658.092 273.860 112 561.955 290.946 113 471.982 208.245 114 533.430 208.575 115 459.621 233.132 116 410.996 251.328 117 415.142 254.269 118 302.486 275.331 119 610.273 284.259 120 335.531 324.117 121 610.986 177.555 122 518.095 405.044 123 579.985 204.099 124 428.719 238.609 125 369.907 253.840 126 472.007 243.303 127 450.135 266.320 128 535.122 232.833 129 517.433 187.038 130 474.712 246.248 131 652.143 221.990 132 655.920 221.156 133 662.192 220.350 134 623.368 228.613 135 646.268 225.513 136 658.020 223.799 137 609.333 230.928 138 682.493 277.061 139 641.428 282.589 140 612.227 356.259 141 576.676 365.039 142 627.635 363.939 143 399.010 373.777 144 468.107 377.721 145 470.953 391.482 146 510.742 415.541 147 599.259 415.246 148 626.070 155.666 149 600.837 225.920 150 632.215 221.417 151 597.753 229.253 152 458.612 255.370 153 387.456 266.531 154 630.291 361.367 155 631.113 372.876 156 630.848 377.498 157 405.854 394.076 158 541.348 412.125 159 482.611 204.203 160 272.407 280.672 161 295.958 314.525 162 483.571 303.620 163 526.405 357.612 164 460.647 404.739 165 629.722 168.830 166 325.545 407.110 167 496.726 404.377 168 541.995 242.051 169 575.640 223.325 170 601.433 302.617 171 601.433 302.617 172 540.892 376.586 173 487.386 381.603 174 617.954 266.795 175 614.708 373.042 176 645.921 372.543 177 584.668 375.763 178 361.150 384.779 179 440.077 208.872 180 272.407 280.672 181 489.703 203.228 182 263.627 290.051 183 674.796 277.524 184 436.437 309.482 185 387.892 318.210 186 420.791 363.960 187 287.949 387.152 188 270.678 283.691 189 414.142 313.822 190 249.101 321.601 191 251.244 344.916 192 420.735 357.524 193 284.971 288.717 194 650.527 222.678 195 606.640 167.279 196 651.997 214.620 197 593.392 230.467 198 611.087 228.031 199 514.547 246.487 200 654.565 385.180 201 566.881 398.289 202 418.880 206.467 203 510.003 191.140 204 494.404 243.072 205 533.075 354.642 206 628.167 380.434 207 405.854 394.076 208 624.957 400.786 209 514.434 423.438 210 315.498 272.843 211 624.753 282.857 212 376.365 320.039 213 599.973 344.204 214 670.864 390.467 215 460.207 170.594 216 362.408 242.610 217 643.930 201.422 218 604.052 199.951 219 615.944 196.019 220 599.842 374.213 221 600.320 233.841 222 600.320 233.841 223 632.046 229.615 224 440.231 395.336 225 454.296 225.913 226 467.856 249.708 227 631.489 224.879 228 539.875 304.237 229 561.715 181.741 230 622.579 185.032 231 472.007 225.150 232 424.140 313.902 233 486.014 415.889 234 580.445 298.610 235 487.768 409.802 236 632.046 229.615 237 633.457 259.938 238 440.893 364.284 239 561.087 383.000 240 538.682 226.812 241 307.859 286.967 242 606.109 237.625 243 630.027 401.197 244 288.237 310.288 245 597.067 292.908 246 611.548 362.458 247 517.583 383.331 248 590.220 242.925 249 490.489 212.017 250 410.452 258.183 251 601.785 176.944 252 336.709 401.709 253 492.098 408.587 254 633.457 259.938 255 569.553 392.364 256 623.636 201.043 257 643.441 230.633 258 545.061 237.737 259 638.778 235.384 260 604.634 357.288 261 516.049 201.450 262 458.800 213.078 263 482.244 217.137 264 418.733 221.931 265 510.137 220.672 266 406.638 255.634 267 350.953 263.017 268 318.972 269.282 269 393.985 268.683 270 260.576 279.929 271 618.563 277.533 272 648.778 282.786 273 652.957 285.763 274 250.105 317.428 275 623.225 349.622 276 607.727 350.898 277 592.063 351.639 278 635.021 394.465 279 470.739 398.185 280 670.042 180.897 281 446.052 222.090 282 257.283 287.890 283 537.165 304.484 284 204.976 334.246 285 207.848 340.035 286 262.695 344.103 287 250.134 347.919 288 280.481 388.434 289 492.381 413.031 290 164.506 222.902 291 491.261 207.855 292 308.416 223.986 293 378.986 223.432 294 378.986 223.432 295 413.402 232.997 296 538.682 226.812 297 500.210 229.731 298 290.569 253.033 299 263.622 271.879 300 245.335 293.447 301 375.487 310.048 302 411.090 314.882 303 630.875 343.764 304 670.097 396.644 305 431.828 401.248 306 477.367 216.294 307 563.299 227.514 308 579.330 244.374 309 471.764 253.103 310 521.307 251.525 311 258.426 274.111 312 253.101 293.811 313 247.370 313.329 314 183.207 338.101 315 452.476 399.753 316 173.488 242.814 317 176.289 283.279 318 572.193 251.874 319 259.879 266.679 320 642.146 292.636 321 414.493 228.063 322 202.570 346.837 323 449.930 210.817 324 302.710 329.368 325 302.710 329.368 326 350.131 346.939 327 350.131 346.939 328 585.092 391.918 329 321.948 387.286 330 325.016 273.711 331 264.097 244.760 332 487.968 381.062 333 464.517 393.503 334 464.521 399.824 335 162.351 210.629 336 534.027 303.242 337 624.618 310.205 338 274.137 348.828 339 579.523 345.322 340 622.656 357.552 341 592.818 363.541 342 361.742 400.062 343 403.540 402.467 344 670.748 403.867 345 420.167 412.501 346 16.710 294.539 347 287.266 337.891 348 439.448 356.257 349 347.276 393.596 350 591.279 399.940 351 17.955 289.141 352 478.675 393.934 353 28.406 176.550 354 28.406 176.550 355 553.870 252.244 356 564.965 191.718 357 36.127 205.147 358 648.781 205.436 359 598.010 213.609 360 587.718 227.820 361 641.083 279.017 362 261.379 283.194 363 284.156 284.005 364 577.461 294.933 365 457.100 305.152 366 387.800 308.577 367 210.927 316.147 368 437.147 312.634 369 140.615 340.219 370 630.703 353.330 371 263.993 353.318 372 480.427 386.324 373 46.033 404.693 374 630.797 396.001 375 504.955 400.238 376 420.012 402.280 377 335.940 408.127 378 423.186 418.079 379 420.563 421.660 380 276.711 414.722 381 39.348 201.962 382 370.768 219.742 383 99.394 253.348 384 113.613 300.908 385 285.503 296.565 386 537.923 297.762 387 521.988 304.942 388 593.541 312.920 389 20.360 342.366 390 285.267 335.511 391 287.266 337.891 392 608.754 358.035 393 106.429 368.572 394 396.513 358.662 395 477.367 216.294 396 544.744 303.467 397 480.680 307.795 398 359.775 314.086 399 364.198 321.064 400 619.112 361.251 401 284.940 410.604 402 595.291 201.473 403 384.034 228.850 404 279.997 291.008 405 279.997 291.008 406 277.316 337.713 407 277.316 337.713 408 397.278 249.192 409 125.853 294.589 410 596.951 356.346 411 39.908 186.382 412 368.827 241.669 413 297.565 278.448 414 283.198 330.661 415 285.195 379.485 416 378.343 236.726 417 35.225 263.471 418 294.832 390.267 419 267.328 258.556 420 429.148 383.018 421 163.799 224.165 422 418.978 215.595 423 398.642 207.882 424 489.227 243.836 425 601.923 229.098 426 658.020 223.799 427 419.693 377.141 428 492.007 396.633 429 676.418 393.804 430 267.217 243.723 431 474.988 211.586 432 296.520 276.380 433 610.717 266.410 434 205.404 355.532 435 502.586 211.925 436 141.658 292.380 437 405.979 307.953 438 440.840 382.385 439 599.842 374.213 440 431.085 230.868 441 533.416 241.377 442 533.416 241.377 443 647.350 222.537 444 669.933 219.044 445 664.612 222.836 446 617.534 354.412 447 306.264 274.419 448 617.547 223.324 449 640.062 222.868 450 397.991 305.000 451 655.824 232.275 452 339.533 324.860 453 473.653 262.876 454 468.123 383.048 455 313.288 282.827 456 313.288 282.827 457 585.793 212.758 458 315.498 272.843 459 656.822 277.030 460 540.574 358.293 461 649.187 399.662 462 617.662 311.313 463 604.390 344.917 464 396.915 365.969 465 425.147 365.882 466 471.680 404.480 467 508.680 411.058 468 415.238 367.812 469 302.487 378.861 470 451.740 370.330 471 621.937 233.604 472 576.676 365.039 473 664.083 390.061 474 409.375 231.104 475 286.333 340.765 476 611.235 239.440 477 609.735 258.966 478 296.431 331.477 479 654.187 365.598 480 505.163 404.444 481 569.624 376.217 482 429.077 315.199 483 444.333 238.587 484 406.784 250.675 485 570.486 253.369 486 650.947 252.156 487 418.768 264.665 488 360.652 268.912 489 250.662 299.102 490 526.018 303.633 491 604.514 352.412 492 604.514 352.412 493 513.770 203.555 494 293.985 256.195 495 681.688 273.199 496 586.473 288.534 497 625.072 293.556 498 244.234 321.219 499 598.018 351.470 500 624.726 362.077 501 624.726 362.077 502 373.530 369.393 503 255.140 386.803 504 545.466 213.892 505 413.402 232.997 506 262.561 258.709 507 233.045 268.668 508 266.687 281.418 509 195.219 304.226 510 263.169 286.194 511 456.728 300.394 512 299.461 328.644 513 608.993 343.889 514 568.107 349.878 515 251.246 362.838 516 216.385 389.364 517 660.936 398.433 518 608.814 185.292 519 399.142 242.043 520 650.977 247.307 521 238.719 271.320 522 242.693 274.388 523 241.601 300.203 524 276.640 302.470 525 237.307 324.062 526 237.307 324.062 527 617.367 328.471 528 243.869 355.482 529 239.756 364.172 530 284.193 388.138 531 267.499 247.300 532 267.499 247.300 533 251.886 306.510 534 374.510 361.509 535 676.958 382.431 536 295.373 248.515 537 260.245 251.890 538 236.018 264.564 539 273.059 290.755 540 273.059 290.755 541 245.682 361.815 542 246.420 373.377 543 246.420 373.377 544 247.032 391.352 545 312.869 222.810 546 303.744 343.052 547 303.744 343.052 548 252.561 363.676 549 563.403 237.230 550 192.525 291.383 551 582.539 292.565 552 562.801 299.900 553 620.770 310.670 554 480.278 402.957 555 520.472 193.437 556 566.015 239.915 557 658.092 273.860 558 453.061 356.830 559 528.812 368.882 560 201.124 333.885 561 636.022 350.677 562 513.298 350.324 563 606.922 363.492 564 653.940 393.291 565 649.187 399.662 566 446.000 395.732 567 574.489 401.949 568 243.292 325.946 569 208.865 325.493 570 613.125 228.416 571 228.406 271.126 572 475.293 379.557 573 475.293 379.557 574 487.386 381.603 575 526.883 377.166 576 500.132 378.151 577 668.409 215.520 578 650.186 404.439 579 650.186 404.439 580 645.921 372.543 581 440.231 395.336 582 615.579 231.790 583 508.539 187.980 584 535.886 208.924 585 306.264 274.419 586 457.246 310.259 587 636.773 220.452 588 423.479 239.481 589 509.012 240.542 590 266.455 266.650 591 452.963 310.757 592 401.612 371.535 593 574.727 371.565 594 641.519 397.754 595 332.447 402.112 596 212.439 323.050 597 292.198 322.897 598 215.737 353.055 599 215.737 353.055 600 630.679 366.201 601 577.565 369.206 602 433.826 388.362 603 353.103 392.231 604 338.265 274.151 605 247.007 296.997 606 220.118 333.657 607 297.827 372.620 608 267.585 381.269 609 483.031 248.739 610 493.695 254.966 611 605.076 318.805 612 595.807 412.116 613 258.999 335.671 614 447.138 224.360 615 256.946 317.294 616 405.665 383.012 617 568.814 401.747 618 509.367 203.080 619 489.148 407.768 620 615.944 196.019 621 305.358 410.407 622 624.176 162.089 623 621.899 206.021 624 483.678 251.544 625 620.489 283.052 626 661.224 392.271 627 667.320 189.308 628 666.411 392.615 629 668.469 171.811 630 683.160 270.403 631 635.907 343.077 632 473.653 262.876 633 77.633 359.169 634 102.227 355.912 635 657.406 362.862 636 601.188 253.391 637 14.733 338.106 638 109.626 388.299 639 110.450 399.137 640 411.461 372.447 641 86.056 425.679 642 349.907 237.467 643 26.481 340.346 644 388.783 237.802 645 599.557 389.325 646 387.010 269.625 647 285.035 326.659 648 584.402 228.602 649 205.404 355.532 650 589.884 266.520 651 606.266 388.979 652 472.819 395.986 653 387.471 302.794 654 365.170 333.814 655 284.193 388.138 656 286.313 406.871 657 276.183 256.303 658 361.506 348.333 659 384.192 347.823 660 681.688 273.199 661 675.516 258.839 662 354.583 271.613 663 672.594 365.255 664 407.607 303.851 665 345.999 238.088 666
17 0.9665258991345338 0.13639494768231966 -0.20093506837306604 0.08275996853986799 0.014078952316846284 -0.016694351770104053 -0.1670177345381023 17 image_000017.jpg
 533.615 223.900 0 687.238 265.048 1 499.149 252.813 3 457.872 248.634 4 268.188 434.450 10 122.121 111.062 11 122.121 111.062 12 184.325 283.363 16 624.172 269.700 22 118.331 113.516 35 655.330 207.289 36 474.265 218.463 37 560.560 258.854 38 586.734 263.760 39 301.480 399.832 41 125.771 114.238 43 649.451 207.528 45 466.364 211.092 48 504.563 216.484 49 444.077 220.134 50 506.606 253.279 53 609.284 258.417 55 680.899 264.692 57 121.967 116.857 63 121.967 116.857 64 428.210 245.838 68 417.714 168.651 81 188.129 406.469 88 596.426 259.071 89 655.320 284.647 90 192.026 312.688 93 470.254 206.757 94 524.913 259.239 99 544.529 259.745 101 622.621 265.429 105 628.184 265.617 106 492.831 263.454 107 380.368 262.786 108 417.019 254.780 118 272.053 323.325 121 382.580 394.283 144 664.740 202.172 149 476.730 265.102 153 639.726 337.293 171 639.726 337.293 172 521.399 259.167 205 669.802 418.808 207 667.061 439.953 209 711.463 431.153 215 671.608 271.343 237 671.880 440.813 244 183.778 296.204 245 629.962 277.425 249 517.285 226.024 250 410.559 258.086 251 639.137 216.730 252 267.101 425.289 253 514.355 442.942 254 670.740 300.078 255 609.128 429.149 256
113 0.9802192886869721 0.19473093859759458 -0.009878076341641598 0.033947383857500485 -0.1977507213704691 -0.0017404426696251603 0.0009822409298113656 113 image_000113.jpg
 871.718 21.675 0 612.684 306.603 9 613.847 299.162 13 751.224 56.985 15 449.013 129.656 16 756.623 45.226 19 790.738 21.206 37 944.086 69.644 39 778.514 12.829 48 830.735 15.292 49 833.875 64.156 53 484.567 90.903 59 415.459 214.290 62 732.226 61.563 68 869.880 46.064 79 817.727 46.948 96 885.394 68.689 101 1002.953 67.085 106 672.560 88.847 108 819.197 17.658 114 917.900 29.154 115 821.410 71.988 131 806.681 284.464 146 688.511 285.899 158 837.447 14.341 160 846.487 13.832 182 440.816 271.464 188 853.517 70.560 205 809.480 76.017 227 449.892 144.965 245 936.777 70.086 259 589.237 78.940 268 521.625 83.747 269 570.217 283.072 350 718.750 297.796 377 444.939 122.134 386 602.062 158.540 399 610.299 169.736 400 429.190 310.437 402 686.856 64.966 409 434.463 177.656 415 645.814 44.641 417 846.741 70.749 425 747.900 42.905 441 513.736 89.282 459 562.475 94.117 605 836.345 76.966 610 996.796 63.179 649 1001.535 115.359 651 658.065 143.055 654 697.632 148.089 665
61 0.9596502577075801 0.09531536828127134 -0.24599201036951804 0.09733598709931567 0.12657907755030612 -0.039593663540085935 -0.2048406921099242 61 image_000061.jpg
 554.424 252.586 0 455.426 271.028 15 158.286 314.367 16 534.948 454.045 17 460.610 261.709 19 682.235 235.780 36 626.082 237.097 46 521.668 243.281 49 455.827 246.436 50 692.055 297.310 56 711.092 298.199 57 438.387 274.593 68 553.731 272.851 79 623.182 292.924 89 684.741 318.948 91 509.960 294.948 107 729.598 302.662 134 715.092 304.636 136 374.944 293.038 154 720.286 302.897 195 432.980 225.859 203 227.993 281.303 211 668.958 269.023 219 682.100 267.898 220 673.619 308.791 243 711.079 357.928 362 550.164 257.547 436
53 0.964603392557359 0.06340968104701412 -0.23378628406364868 0.1042279562834394 0.05143342991353718 -0.03444953485745586 -0.12873699202272507 53 image_000053.jpg
 476.435 395.268 0 613.231 432.342 1 282.712 584.934 13 556.570 414.852 18 397.916 402.977 19 423.296 565.409 26 488.460 401.804 29 413.495 382.749 48 447.920 387.945 49 449.820 421.079 53 591.905 431.617 56 608.347 432.150 57 248.042 420.515 58 378.844 413.774 68 585.991 450.314 90 585.991 450.314 91 417.652 378.690 94 439.269 408.682 96 485.094 427.400 101 441.099 388.642 114 619.136 435.779 133 623.703 435.912 134 428.678 561.951 145 598.285 431.978 151 568.214 433.358 152 603.037 556.379 155 602.865 567.397 156 602.966 571.569 157 462.035 593.010 168 589.088 566.806 176 615.890 567.214 177 458.991 388.051 182 615.174 435.832 195 615.457 429.458 197 592.675 484.209 212 607.008 418.000 218 572.704 408.534 219 574.363 566.928 221 571.317 437.404 223 599.980 438.937 224 148.005 459.329 245 599.872 464.826 255 617.909 489.784 274 410.425 395.573 282 445.617 397.616 307 246.549 571.904 350 374.406 382.783 423 347.230 370.900 424 443.493 392.869 432 574.363 566.928 440 507.373 432.526 442 428.310 567.466 455 632.891 585.073 474 584.352 435.058 571 411.432 398.743 615 544.385 592.190 618 480.508 392.632 619 454.735 596.295 620 585.097 407.633 621 163.706 593.588 622
27 0.9797330534485656 0.1625909772797802 -0.09936528353709304 0.06175649842282556 -0.1507492597060033 -0.04268903368151668 -0.33344160798915606 27 image_000027.jpg
 620.560 106.901 0 580.055 141.638 3 532.965 139.072 4 247.246 207.945 7 251.052 188.911 16 523.948 122.992 19 242.829 326.226 21 554.466 316.366 26 554.250 350.976 27 551.978 103.868 37 650.959 145.607 38 542.076 95.663 48 585.454 100.201 49 588.504 141.645 53 650.682 141.759 54 284.440 155.576 59 258.673 156.787 60 490.179 56.439 66 501.564 136.800 68 248.864 255.668 72 619.646 127.888 79 254.613 316.894 88 258.618 220.474 93 575.693 126.687 96 555.192 148.041 97 584.582 148.096 98 632.366 147.271 101 608.478 150.829 104 573.441 153.884 107 449.355 158.283 108 576.617 101.765 114 339.197 228.544 121 632.335 348.787 123 639.422 85.966 130 577.984 148.133 131 451.503 301.591 144 562.983 329.311 146 555.028 156.561 153 591.985 99.546 160 548.637 346.184 165 246.933 172.619 194 496.499 88.383 203 626.875 372.101 210 309.781 154.836 211 567.429 151.164 227 496.691 225.071 233 250.730 201.657 245 632.700 321.637 248 601.604 110.146 250 481.675 151.725 251 334.023 335.753 253 627.965 124.613 266 562.309 338.066 280 596.638 357.949 290 504.147 339.554 306 583.427 112.382 307 555.926 331.151 334 245.141 240.439 348 613.289 342.416 376 245.141 240.439 392 583.427 112.382 396 236.411 174.341 405 236.411 174.341 406 275.797 159.190 414 598.988 147.845 425 488.287 306.564 428 595.733 337.139 429 580.263 106.549 432 273.302 156.193 433 618.221 111.652 436 466.630 215.124 438 519.677 315.149 439
29 0.9637280756635233 0.20434286764278994 -0.15854500605096136 0.06584576748962319 -0.2059942962242379 -0.027531711689479755 -0.09125482132762765 29 image_000029.jpg
 397.834 62.079 0 541.559 99.056 1 364.789 89.806 3 326.962 85.865 4 338.089 62.946 14 313.885 80.523 15 317.886 72.777 19 305.707 98.276 20 482.614 104.009 22 406.625 70.062 29 341.898 57.542 37 422.327 94.823 38 507.848 45.017 45 333.367 50.746 48 371.744 90.187 53 535.647 98.824 57 61.130 182.763 62 300.569 83.262 68 293.958 95.106 86 345.398 94.417 97 389.275 95.555 99 407.279 95.768 101 386.836 97.962 104 480.541 100.126 105 485.336 100.150 106 257.663 100.440 108 508.889 103.529 109 165.026 156.596 121 505.920 56.168 122 307.264 78.730 125 332.753 111.829 128 549.001 104.818 137 350.494 229.462 145 352.550 244.155 146 521.362 39.747 149 493.185 100.395 152 524.161 225.339 155 372.261 153.753 163 501.782 46.339 196 517.887 152.994 212 497.428 105.062 222 497.428 105.062 223 502.015 109.152 243 88.050 131.832 245 411.079 58.972 262 143.746 89.234 269 533.865 163.610 321 487.959 224.585 342 204.118 148.479 399 65.233 163.582 408 223.330 69.496 413 75.880 155.994 415 497.066 100.724 426 291.177 225.258 428 311.557 70.687 441 429.206 100.569 442 429.206 100.569 443 539.262 102.132 444 558.842 102.802 445 554.586 105.033 446 510.781 218.186 447 120.704 92.386 448 512.285 98.237 449 532.693 101.366 450 260.785 144.201 451 547.155 112.254 452 172.697 158.304 453 360.697 111.981 454
11 0.963563990158744 0.14698156137871418 -0.20882052380506155 0.07959181041306222 0.013011056779890616 -0.004015791588962262 -0.04262654567721009 11 image_000011.jpg
 727.937 193.118 1 404.590 172.445 4 225.457 426.878 13 385.422 163.795 15 638.822 166.872 18 391.902 151.798 19 372.221 190.178 20 640.940 200.593 22 434.659 398.846 26 587.130 192.871 39 186.314 386.945 41 677.509 112.162 45 608.494 115.043 46 608.494 115.043 47 416.585 119.362 48 473.676 178.720 53 549.381 181.705 54 618.989 184.977 55 720.765 192.812 57 363.724 168.298 68 352.853 186.776 86 457.408 159.021 96 433.181 185.066 97 507.802 187.456 100 664.881 191.292 103 638.058 194.669 105 682.029 199.974 109 673.800 273.251 120 142.261 278.936 121 732.106 198.168 132 744.665 198.480 134 724.984 201.296 136 629.778 383.872 142 697.375 104.609 149 660.408 190.860 150 704.540 192.596 151 656.642 195.088 152 708.456 384.397 155 312.723 414.516 158 573.014 452.767 159 492.865 438.643 168 729.592 400.987 177 667.038 113.615 196 733.005 188.600 197 651.043 195.360 198 676.745 196.251 199 530.110 197.422 200 740.389 419.643 201 615.551 433.600 202 357.056 106.354 203 529.069 116.908 204 494.412 187.002 205 559.931 363.691 206 704.569 411.337 207 312.723 414.516 208 700.604 440.830 209 526.175 470.135 210 101.442 180.099 211 694.434 273.731 212 246.605 280.609 213 663.909 356.127 214 763.057 428.370 215 436.813 67.300 216 665.211 157.022 219 684.978 153.671 220 663.833 400.176 221 664.616 201.294 222 664.616 201.294 223 707.490 203.268 224 389.944 418.059 225
15 0.9652733145148169 0.11698484506579959 -0.2146605290246997 0.092102321634709 -0.017093550124544117 -0.024361457654900283 -0.1807558425281995 15 image_000015.jpg
 601.093 312.621 1 417.740 299.312 2 423.104 299.312 3 384.158 295.110 4 395.783 272.654 14 435.142 444.637 17 540.854 293.579 18 555.927 302.674 24 400.390 477.548 27 469.046 280.952 29 399.499 267.139 37 590.272 315.305 40 566.387 258.619 45 520.863 259.741 46 520.863 259.741 47 391.903 260.189 48 430.004 300.163 53 596.014 312.415 57 509.912 363.849 61 561.116 264.993 77 571.058 331.105 90 419.238 286.980 96 558.528 310.635 103 516.842 364.693 113 466.329 476.529 123 534.994 286.038 124 593.123 368.129 140 408.105 458.612 146 395.644 473.319 165 581.189 265.852 166 439.952 474.768 168 531.897 303.949 170 555.937 380.640 171 555.937 380.640 172 430.297 449.900 174 571.457 350.919 175 467.037 313.381 200 486.126 424.892 206 577.702 365.630 212 406.367 226.625 216 595.086 297.314 218 397.501 280.058 226 412.685 306.991 227 584.824 314.925 228 493.575 374.207 229 516.315 262.782 230 576.441 278.610 231 418.678 283.596 232 351.305 366.991 233 427.977 486.878 234 535.300 374.514 235 430.883 479.586 236 586.793 319.194 237 585.548 345.897 238 372.889 425.661 239
19 0.9938928096340619 0.10729022570530267 -0.010422542586371274 0.023606519648121903 -0.41285976901209553 -0.04327341172512769 -0.29457845143029565 19 image_000019.jpg
 706.178 235.208 1 259.854 452.215 8 308.641 468.705 9 448.409 221.164 14 421.654 245.560 15 186.644 320.329 16 499.695 424.942 17 425.469 235.495 19 408.251 268.336 20 626.163 250.511 22 662.617 171.258 36 452.072 214.023 37 549.965 247.616 38 597.799 182.971 47 440.780 207.008 48 488.758 248.369 53 698.715 235.825 57 275.568 278.597 58 193.600 289.064 60 588.674 315.847 61 394.658 174.557 65 404.807 251.208 68 183.259 385.638 72 691.662 382.370 73 734.137 456.066 75 518.945 231.620 79 162.541 448.742 83 399.409 265.443 86 186.727 444.771 88 666.942 264.240 90 666.942 264.240 91 169.651 460.934 92 193.046 349.453 93 444.406 201.933 94 476.194 234.485 96 456.688 257.385 97 532.497 250.433 101 392.650 262.146 118 659.853 309.833 120 261.757 353.092 121 616.964 214.472 124 716.072 241.593 137 699.916 308.077 140 469.029 444.451 146 684.497 237.404 151 612.003 237.030 170 494.082 430.397 174 431.156 207.899 180 163.807 292.491 181 499.356 205.407 182 148.379 305.726 183 183.620 305.474 194 708.758 230.247 197 746.308 441.578 215 424.207 450.066 225 683.780 241.299 228 669.832 195.307 231 491.862 477.371 234 685.214 245.508 237 186.280 332.645 245 500.753 216.260 250 386.014 267.345 251 500.621 466.912 254 672.271 214.401 257 698.937 248.254 258 574.285 250.010 259 694.402 253.008 260 657.644 398.361 261 535.553 205.272 262 456.513 215.121 263 488.691 221.172 264 399.814 223.012 265 526.735 227.772 266 380.496 264.556 267 294.125 271.757 268 242.776 278.432 269 359.919 280.638 270 145.070 291.394 271 669.352 301.754 272 709.043 308.949 273 714.519 313.152 274 120.984 342.407 275 682.259 390.080 276 660.655 391.222 277 639.516 392.226 278 700.301 445.799 279 468.722 453.856 280 727.637 194.735 281 440.139 223.958 282 138.826 302.483 283 564.147 330.973 284 63.275 345.396 285 66.705 354.166 286 136.908 380.211 287 114.858 385.423 288 161.223 443.410 289 501.142 473.125 290 27.180 176.115 291 501.802 211.350 292 231.725 220.007 293 340.190 222.731 294 340.190 222.731 295 391.528 236.451 296 564.952 236.829 297 513.616 237.693 298 198.391 256.527 299 151.298 280.884 300 116.575 308.905 301 327.686 334.636 302 382.956 341.332 303 691.662 382.370 304 745.513 449.509 305 409.539 458.377 306 482.777 220.240 307 597.831 239.389 308 618.662 260.317 309 473.980 263.962 310 541.521 265.348 311 141.500 284.153 312 128.885 311.152 313 117.517 336.936 314 28.344 344.273 315 440.842 456.629 316 34.680 207.919 317 30.300 262.646 318 610.847 268.088 319 145.746 274.564 320 701.578 320.388 321 393.180 231.294 322 57.847 362.487 323 445.834 211.334 324 206.619 360.770 325 206.619 360.770 326 283.405 383.535 327 283.405 383.535 328 632.974 443.398 329 232.225 442.021 330 251.656 284.108 331
38 0.983973582213769 0.10339177361927106 -0.1305572348943948 0.06372537641650514 -0.14438358001907334 -0.03707585481439644 -0.17591644265713002 38 image_000038.jpg
 748.849 304.969 1 470.771 300.080 2 479.722 300.335 3 421.603 297.056 4 642.373 323.277 5 402.272 289.939 15 656.226 282.273 18 408.479 278.308 19 390.518 315.724 20 452.022 519.348 26 770.526 502.553 34 443.772 254.552 37 624.202 233.119 46 624.202 233.119 47 431.099 245.095 48 401.116 258.910 50 489.483 300.585 53 634.698 300.851 55 715.037 305.596 56 366.355 197.412 65 381.610 295.092 68 365.952 209.573 76 685.952 237.065 77 525.650 282.891 79 371.380 312.689 86 473.205 282.449 96 449.253 308.206 97 484.910 308.228 98 663.254 309.932 106 701.463 313.553 109 706.353 313.443 110 575.645 267.966 115 365.686 308.166 118 694.744 386.910 120 550.716 233.320 130 476.847 308.199 131 758.345 309.603 133 766.292 309.904 134 693.890 313.451 138 796.001 387.369 139 649.836 499.768 142 462.928 535.086 146 538.738 575.879 147 686.398 577.648 148 714.505 218.735 149 724.664 305.398 151 732.735 515.620 156 732.854 522.064 157 510.616 557.876 168 592.972 316.064 169 642.097 296.904 170 503.641 249.655 182 768.169 534.219 201 635.863 550.218 202 544.531 589.655 210 452.691 195.102 216 686.459 515.281 221 682.993 316.580 222 472.267 277.252 232 727.098 317.032 237 409.592 488.523 239 584.791 293.599 241 688.615 321.483 243 676.196 396.935 246 506.329 571.549 290 496.967 519.823 333 740.495 384.125 362 235.279 395.497 399 714.370 498.662 401 503.261 307.782 425 686.459 515.281 440 769.558 313.064 446 709.770 488.064 447 712.128 319.396 472 649.836 499.768 473 356.467 270.888 475 696.073 324.715 477 692.443 351.993 478 765.627 506.762 480 529.590 557.858 481 638.661 517.447 482 387.160 406.400 483
42 0.9895936367817506 0.030492752041355847 0.1386194960605839 -0.023649062901484146 -0.7150139408327253 -0.0887770165460018 -0.25036437173220194 42 image_000042.jpg
 649.720 308.735 1 424.491 351.339 4 565.141 341.088 5 289.995 560.271 10 414.519 349.149 15 466.525 511.713 17 577.389 333.301 22 368.592 509.422 23 434.639 518.692 26 501.642 312.755 29 635.872 315.888 40 108.530 297.386 43 462.271 309.112 49 465.639 344.760 53 622.098 315.189 56 642.550 310.467 57 318.518 389.574 58 544.303 399.503 61 676.995 537.825 75 489.369 326.601 79 508.927 316.389 95 455.829 333.388 96 499.005 342.404 101 575.937 328.460 105 610.492 324.209 109 393.607 366.313 118 608.309 387.604 120 571.516 299.161 124 504.453 285.391 130 652.055 312.357 132 657.204 311.100 133 662.468 309.963 134 619.006 322.352 135 632.471 486.442 143 594.851 320.939 150 629.700 313.408 151 439.344 364.194 153 635.437 482.793 155 637.372 498.914 156 509.987 483.538 164 429.104 550.507 165 525.827 508.466 173 462.246 517.558 174 474.917 304.637 182 650.321 313.378 195 650.924 304.186 197 624.941 384.790 212 690.840 521.740 215 629.435 322.031 224 448.192 356.990 227 629.210 317.121 228 454.446 330.113 232 457.829 564.369 234 629.435 322.031 237 592.612 398.844 246 497.431 518.910 248 475.515 314.395 250 388.178 370.863 251 533.156 337.526 259 502.653 300.790 262 465.543 320.392 264 329.754 382.895 268 442.293 541.032 280 523.408 415.846 284 129.973 452.139 285 465.014 559.586 290 475.943 310.092 292 461.239 320.169 307 420.290 544.585 316 252.304 371.501 332 434.147 543.491 335 691.757 540.494 345 380.072 561.345 346 305.244 540.845 350 433.585 422.628 366 634.655 471.447 371 289.995 560.271 378 461.239 320.169 396 532.115 414.581 397 588.331 295.227 403 365.988 342.022 404 253.438 386.270 420 596.671 324.291 426 459.161 315.272 432 37.753 385.369 437 520.176 342.595 442 646.462 313.457 444 665.714 312.454 446 619.532 475.472 447 294.177 397.309 459 662.840 536.053 462 602.406 462.755 464 443.282 549.361 467 425.368 346.746 484 229.344 432.157 490 510.518 415.871 491 603.203 471.656 492 603.203 471.656 493 500.267 303.323 494 625.727 398.042 498 594.267 470.913 500 628.034 484.194 502 336.397 507.248 503 534.023 312.157 505 248.172 386.191 507 609.562 462.284 514 557.599 470.394 515 251.750 434.441 525 255.729 374.121 532 255.729 374.121 533 247.588 379.384 538 222.872 396.413 539 553.178 335.503 550 124.011 398.988 551 576.005 399.174 552 553.370 408.874 553 622.433 419.404 554 452.869 546.980 555 505.530 291.441 556 555.920 338.325 557 663.736 372.324 558 423.878 486.926 559 511.914 498.951 560 123.600 451.022 561 642.133 467.768 562 493.600 474.001 563 607.036 487.182 564 668.816 525.941 565 662.840 536.053 566 412.613 537.964 567 566.312 541.468 568 216.602 464.022 569 138.031 442.752 570 608.666 323.035 571 215.571 403.143 572 448.414 516.332 573 448.414 516.332 574 462.246 517.558 575 509.430 509.961 576 477.787 512.543 577
43 0.9761218905185456 0.17515171848260866 -0.11960576005072966 0.04692974959134149 -0.13159579802245983 0.002737387823633408 -0.037890606109242005 43 image_000043.jpg
 697.543 218.282 1 528.389 343.020 26 514.087 186.080 48 692.629 218.266 57 712.497 363.399 75 567.989 222.086 100 579.488 221.325 101 694.385 223.286 136 686.472 339.515 156 686.619 343.081 157 673.240 339.088 176 698.641 339.431 177 556.028 187.508 182 677.856 266.398 212 719.814 354.297 215 503.964 354.532 225 669.693 330.624 247 583.307 345.633 248 369.219 360.728 253 537.493 227.897 310 272.358 194.447 332 554.011 342.171 333 679.162 326.559 341 691.760 264.189 362 637.808 272.789 365 295.289 335.554 416 276.216 193.465 431 696.159 221.184 444 713.780 220.616 445 302.391 295.546 476 276.233 196.840 532 724.013 348.158 536 712.350 217.937 578 703.678 365.310 579 703.678 365.310 580 698.641 339.431 581 503.964 354.532 582
54 0.9450263008488465 0.07253740917697811 -0.2917649288722909 0.1285956442038644 -0.1599390893165094 -0.03174244057458835 -0.09248628847868766 54 image_000054.jpg
 231.685 407.631 1 51.560 388.853 3 25.650 361.670 14 30.775 356.460 37 156.035 354.728 47 60.703 356.305 49 59.003 389.181 53 157.649 398.496 55 225.989 407.146 57 195.694 361.050 77 175.888 405.671 106 45.993 398.124 107 199.915 410.078 109 235.058 454.133 112 51.853 356.779 114 32.778 376.095 116 190.465 455.530 120 107.124 350.044 130 214.646 351.785 149 207.325 527.278 155 206.573 538.088 156 206.199 542.186 157 215.563 362.625 166 162.003 396.740 170 220.598 538.546 177 73.007 357.274 182 248.906 460.016 184 205.145 456.907 212 242.163 556.993 215 226.592 393.081 218 188.004 410.759 222 152.630 357.597 230 216.118 413.510 237 191.811 415.045 243 230.968 463.151 274 240.920 561.854 305 241.734 569.039 345 233.004 396.839 359 185.110 392.559 360 186.255 522.435 393 195.819 525.650 401 184.082 382.432 403 67.746 394.922 425 187.655 406.636 426 246.282 560.018 430 193.598 519.795 447 222.660 563.600 462 191.592 433.373 478 228.299 533.446 480 204.446 466.668 498 94.049 347.569 584 203.603 381.375 621 212.423 356.443 623 207.339 391.387 624 59.305 401.473 625 200.834 456.631 626 233.714 557.633 627 246.692 387.825 628 237.633 557.913 629
60 0.9888383895651157 0.12242129145692243 -0.07720803653724097 0.035363613218061155 -0.2594509008927688 0.0037114462825592782 0.008505226543695156 60 image_000060.jpg
 745.542 287.472 1 639.982 310.227 5 99.215 389.395 7 412.787 287.884 15 102.871 365.915 16 768.381 479.690 34 494.338 293.556 53 711.646 289.560 56 140.390 325.283 59 392.877 293.103 68 44.278 365.828 69 39.086 433.042 71 777.013 533.818 75 490.161 301.832 98 520.685 300.101 99 527.891 300.007 100 546.952 298.151 101 140.390 325.283 119 741.956 295.901 136 721.315 288.938 151 416.417 391.061 185 93.963 516.506 188 384.853 235.895 203 515.045 300.457 205 789.150 517.688 215 722.653 300.219 237 596.299 299.492 259 638.027 321.847 319 377.314 267.928 322 195.465 324.753 331 54.082 268.795 332 66.076 448.178 339 131.606 329.594 414 126.554 326.610 433 578.886 302.694 443 731.969 291.636 450 480.144 325.435 454 267.960 322.292 489 291.380 472.112 535 147.572 324.766 586 728.420 287.728 588 221.568 328.191 605 705.769 267.590 624 765.512 232.034 630 792.653 357.940 631 735.510 450.777 632 480.144 325.435 633
63 0.9911180645079362 0.12810568244871368 -0.002263538197729549 0.03562001818844224 -0.3534300800956895 -0.012875812476574312 -0.06447361251274196 63 image_000063.jpg
 735.653 302.247 1 561.530 305.958 3 526.795 304.527 4 473.046 369.333 6 514.708 301.207 15 674.120 289.446 18 690.075 296.573 24 448.279 292.266 25 604.438 283.189 29 747.620 432.725 34 653.372 258.557 46 531.187 271.992 48 568.101 305.674 53 712.691 303.450 56 730.234 302.626 57 502.490 304.261 68 751.782 470.059 75 592.002 294.075 79 591.984 253.774 85 496.013 316.008 86 534.636 267.789 94 651.416 360.126 113 622.599 282.738 115 488.132 310.113 117 492.438 313.187 118 699.052 357.519 120 697.838 263.528 122 668.183 283.430 124 437.178 309.002 126 557.709 307.494 127 746.920 304.894 134 702.358 424.812 141 719.123 303.237 151 686.919 307.118 152 457.502 322.936 154 721.443 430.170 155 721.924 445.748 157 664.612 299.447 170 515.106 368.794 185 454.651 375.417 186 494.737 423.866 187 473.018 455.656 208 761.687 459.547 215 428.273 296.983 217 729.475 286.975 218 692.151 282.029 219 689.878 311.489 222 689.878 311.489 223 628.906 371.156 229 650.968 261.466 230 720.031 310.573 237 695.796 315.181 243 702.506 430.282 247 577.586 280.605 250 705.819 352.134 272 698.102 419.358 277 439.373 366.030 302 484.258 373.505 303 759.276 466.136 305 535.547 274.936 324 761.626 471.955 345 516.328 417.150 349 123.797 200.875 358 455.471 365.227 367 106.581 420.419 374 127.325 197.497 382 169.473 264.402 384 626.526 365.285 387 86.848 344.226 390 158.806 391.622 394 464.238 417.561 395 424.080 376.879 400 709.333 429.287 401 684.137 281.983 403 456.093 285.545 404 472.994 306.986 409 129.382 181.735 412 115.016 260.190 418 690.863 307.321 426 512.342 291.967 441 754.863 304.583 445 749.752 307.381 446 741.150 314.754 452 674.657 290.905 458 741.128 467.639 462 706.135 382.837 463 464.114 424.858 465 709.820 312.980 472 667.107 431.201 473 700.712 316.586 477 697.992 335.163 478 689.796 419.218 500 715.447 430.649 501 715.447 430.649 502 634.426 288.048 505 698.674 413.578 514 752.406 466.376 518 473.192 299.597 520 655.595 313.280 557 741.808 471.871 579 741.808 471.871 580 704.237 310.645 583 721.829 435.582 601 531.181 286.950 615 597.343 274.666 619 709.031 288.952 624 756.545 461.226 629 134.049 375.020 634 156.368 376.125 635 747.620 432.725 636 690.434 328.339 637 83.231 339.041 638 160.323 414.727 639 159.488 427.515 640 484.130 432.696 641 133.166 454.335 642 411.550 290.619 643 93.152 343.350 644 460.892 294.570 645
85 0.9950576798954641 0.09674444830412841 0.0060536144588921766 0.021542289130097262 -0.4774745383572319 -0.07808041889725707 -0.43853382277279124 85 image_000085.jpg
 677.018 198.480 1 316.710 316.205 6 206.506 440.944 8 250.748 458.588 9 252.950 451.592 13 372.283 219.423 15 141.615 305.105 16 450.489 409.782 17 124.252 444.916 21 611.906 193.986 24 407.064 417.334 26 490.640 185.945 29 359.849 255.261 30 404.703 184.222 37 231.786 466.658 42 438.480 176.447 49 107.385 247.938 51 442.553 219.555 53 568.945 205.363 55 643.702 202.504 56 669.388 199.273 57 228.252 258.873 58 111.222 380.433 62 355.465 225.032 68 136.902 371.876 72 349.119 239.531 86 136.169 435.596 88 119.300 451.539 92 487.595 220.250 101 614.328 205.713 103 630.783 211.233 109 127.121 313.368 111 515.379 182.117 115 342.999 237.427 118 170.096 269.336 119 625.827 281.266 120 212.521 336.874 121 580.149 178.888 124 275.991 237.901 126 393.864 252.641 128 431.547 227.303 131 681.020 202.612 132 686.114 201.843 133 693.979 201.270 134 641.320 209.912 135 688.304 205.105 137 669.840 279.120 140 656.299 389.786 143 417.119 431.351 146 616.094 465.517 148 609.855 205.893 150 653.594 201.361 151 660.381 385.995 155 661.679 402.977 156 314.546 436.780 158 527.524 460.801 159 504.001 380.980 164 399.801 451.364 165 182.538 459.969 167 443.831 416.909 174 454.323 173.385 182 107.688 291.376 183 370.298 312.567 185 295.286 326.632 186 124.526 430.827 188 120.213 281.760 189 335.693 319.551 190 77.194 336.362 191 74.855 368.909 192 140.585 288.707 194 679.245 203.297 195 459.833 223.889 205 646.649 279.741 212 721.458 427.645 215 403.204 201.236 226 439.793 468.083 234 524.266 204.160 241 455.809 184.611 250 335.648 242.800 251 533.346 218.077 259 622.352 380.134 261 492.599 171.789 262 246.416 250.993 268 104.597 276.841 271 80.331 329.497 275 625.937 371.658 277 669.538 433.011 279 701.230 153.792 281 97.765 287.483 283 72.205 373.541 288 112.407 432.459 289 456.216 179.474 292 293.192 198.685 294 293.192 198.685 295 341.987 209.341 296 155.581 239.529 299 111.773 266.679 300 276.744 315.448 302 436.614 189.331 307 581.438 228.381 309 498.509 235.754 311 102.397 269.504 312 89.622 296.523 313 77.218 324.159 314 572.455 236.665 319 106.531 259.213 320 232.530 367.681 327 232.530 367.681 328 204.381 266.922 331 220.140 437.570 350 546.648 237.015 356 105.098 281.225 363 663.098 436.094 375 336.047 446.999 377 139.961 298.675 386 522.373 297.424 387 437.024 310.974 398 251.781 321.391 399 133.042 292.000 405 133.042 292.000 406 317.954 231.582 409 136.169 435.596 419 119.859 246.101 420 453.556 224.521 425 688.304 205.105 427 434.082 183.328 432 161.496 270.947 433 323.154 311.428 438 175.080 268.248 448 185.426 279.447 456 185.426 279.447 457 190.612 265.726 459 691.224 441.877 462 637.632 317.876 463 477.226 459.971 468 337.306 208.407 475 624.272 248.443 478 150.201 347.414 479 331.554 232.568 485 259.707 258.650 489 85.075 303.787 490 161.079 245.925 495 647.960 293.691 498 111.974 247.116 507 64.620 261.316 508 108.095 285.375 511 401.480 300.701 512 155.558 344.567 513 70.483 396.599 516 72.721 265.584 522 78.757 271.657 523 70.588 305.750 524 123.703 307.959 525 57.716 340.001 526 57.716 340.001 527 118.868 432.698 531 62.232 395.914 542 60.330 411.610 543 56.293 439.207 545 73.366 398.277 549 498.990 160.867 556 391.472 380.759 559 667.907 371.256 562 56.428 264.346 572 425.490 414.568 574 702.414 195.762 578 631.760 213.012 583 482.071 154.095 584 520.194 182.089 585 175.080 268.248 586 401.577 314.299 587 357.589 216.491 589 116.768 259.010 591 394.398 315.228 592 661.259 393.834 601 359.589 428.046 603 79.770 301.664 606 93.335 422.577 609 443.752 230.507 610 458.980 240.123 611 620.350 326.436 612 90.475 328.075 616 315.400 419.167 617 445.411 455.275 620 148.879 466.245 622 698.063 164.621 628 428.800 248.602 633 133.439 340.546 648 625.611 425.898 652 419.895 439.510 653 296.297 304.387 654 257.552 349.911 655 118.868 432.698 656 117.663 461.319 657 133.764 244.799 658 249.969 368.903 659 285.179 366.274 660
97 0.9713958193741565 0.10764589131608816 -0.1988534626501643 0.07252463506300291 0.08070174012666814 0.006609868102647297 0.003833351480221372 97 image_000097.jpg
 718.205 364.432 1 572.317 360.720 3 399.376 508.773 10 549.427 339.083 14 329.702 392.471 16 669.016 351.591 18 523.262 369.160 20 669.714 370.340 22 449.598 314.381 28 608.083 342.998 29 546.263 329.688 48 577.335 360.933 53 713.833 364.371 57 694.542 381.392 91 624.926 343.220 115 509.316 364.775 118 568.980 362.281 127 626.765 362.205 129 712.686 480.544 156 682.057 371.049 222 682.057 371.049 223 537.478 495.366 225 427.559 363.813 268 416.465 493.015 350 635.121 348.466 505 580.863 368.932 610 430.598 372.218 663
16 0.973202409635738 0.105725729143132 -0.18653511222555624 0.0830890831003582 0.001916718228098413 -0.04727511132822022 -0.26666864372719074 16 image_000016.jpg
 518.612 220.058 2 464.470 214.675 4 450.254 193.441 19 497.213 458.539 26 489.742 169.192 37 683.746 154.035 46 683.746 154.035 47 477.232 157.988 48 539.402 221.169 53 695.882 227.449 55 420.832 210.482 68 533.697 229.042 98 716.901 238.007 105 347.590 237.297 108 680.169 322.290 113 183.525 330.808 121 711.081 441.353 142 544.898 461.273 174 730.769 238.890 198 448.583 480.999 225 685.051 469.859 240 641.164 217.503 241 737.671 332.204 246 603.597 466.475 248 727.549 256.565 249
109 0.9927448807541862 0.09147996161174417 0.0771463810503767 0.011724072425078357 -0.5304037627743127 -0.09051078352461951 -0.40371113727795904 109 image_000109.jpg
 555.222 205.237 3 402.545 335.869 6 186.343 327.265 16 515.981 159.976 37 566.965 204.206 53 882.786 163.532 57 291.479 265.343 58 151.049 421.740 62 452.243 215.871 68 142.295 409.660 78 152.359 492.674 83 444.637 234.561 86 179.963 490.484 88 834.689 208.071 91 627.091 203.035 101 548.817 151.656 114 754.392 141.759 124 350.883 238.043 126 900.770 167.138 132 920.492 164.226 134 843.145 180.168 135 970.801 263.414 139 619.187 535.447 147 797.415 176.514 150 860.146 167.372 151 521.220 232.274 153 875.944 423.398 155 877.957 447.437 156 878.339 456.194 157 652.834 418.267 164 513.164 513.658 165 779.234 451.703 178 147.752 311.661 183 472.713 329.495 185 375.171 350.657 186 166.510 484.454 188 162.510 298.881 189 427.544 340.118 190 185.491 306.550 194 742.452 498.964 202 621.711 119.921 204 351.521 353.895 213 969.123 482.626 215 514.399 182.753 226 868.107 235.487 238 834.415 426.538 247 427.710 239.839 251 868.107 235.487 255 143.755 293.642 271 116.146 358.948 275 824.699 404.342 277 890.229 489.586 279 152.579 486.651 289 372.953 185.539 294 112.709 318.411 301 352.223 336.246 302 558.737 164.629 307 758.159 208.863 309 127.299 317.683 313 112.265 352.457 314 889.845 292.747 321 296.806 404.259 327 296.806 404.259 328 972.771 510.380 345 144.480 299.160 363 756.726 299.397 365 137.729 538.729 381 676.997 305.208 387 560.630 325.998 398 328.584 357.345 400 211.572 287.887 414 164.258 469.945 416 923.803 502.121 462 535.813 511.903 467 197.126 379.432 479 745.694 453.432 482 966.867 257.150 496 103.122 366.900 499 153.176 256.729 507 104.608 441.664 516 107.529 281.034 522 114.949 288.703 523 106.070 329.778 524 93.726 427.960 529 164.646 238.449 532 164.646 238.449 533 103.808 270.287 539 87.953 495.262 545 208.918 401.426 547 642.230 122.932 556 758.482 506.814 568 101.743 374.817 569 757.374 443.813 594 36.356 355.007 607 190.430 455.970 608 130.195 473.950 609 805.961 528.760 613 127.494 390.567 614 746.844 506.096 618 948.715 486.384 627 884.432 388.831 632 934.555 426.165 636 803.232 222.385 637 415.945 449.167 641 825.626 480.163 652 328.080 381.128 655 160.254 487.029 656 158.497 523.239 657 178.639 252.232 658 319.030 406.375 659 363.760 402.095 660 966.867 257.150 661 952.539 232.683 662 415.681 322.700 665
93 0.9954438948658352 -0.005448701962091815 -0.07308448644295397 0.06099523909428965 -0.27456268543728723 -0.27878174180641635 -0.6711698690747021 93 image_000093.jpg
 449.164 171.427 3 154.014 475.258 9 373.645 154.625 19 400.450 419.116 26 394.647 476.884 27 698.249 84.407 36 611.297 96.572 46 457.077 122.614 49 752.528 159.975 57 343.588 172.599 68 705.916 171.231 109 324.456 186.822 118 764.084 250.956 140 247.606 401.839 144 387.845 469.371 165 77.436 463.458 253 743.615 217.041 255 580.220 174.288 259 412.542 456.066 280 464.355 487.577 290 454.322 138.050 307 285.561 485.964 346 654.189 165.949 361 283.103 507.754 380 247.197 372.125 395 245.699 384.740 465 373.471 395.917 471
26 0.9877106598180269 0.09784778451716339 0.11964794020365996 -0.023191221192841394 -0.27580184867829755 0.0542568382785444 0.2160083468687081 26 image_000026.jpg
 823.742 400.405 4 949.337 401.429 5 781.613 458.343 6 748.172 545.992 9 709.868 547.990 10 572.086 358.483 11 572.086 358.483 12 747.683 541.192 13 813.707 397.924 15 651.300 450.167 16 878.701 514.174 17 955.785 377.247 18 816.237 390.647 19 653.415 539.413 21 789.051 511.718 23 969.575 382.711 24 754.270 394.966 25 850.933 519.188 26 853.174 542.087 27 888.123 377.452 29 838.676 519.017 31 569.553 360.398 35 728.646 522.559 41 975.737 342.935 45 934.105 351.635 46 934.105 351.635 47 825.589 372.010 48 618.195 412.975 51 860.987 398.193 53 944.046 389.393 55 993.780 386.540 56 1009.879 384.676 57 712.456 420.969 58 635.730 498.389 62 619.943 415.415 67 802.305 401.749 68 621.904 451.957 69 653.841 493.218 72 1012.443 482.881 73 731.596 543.615 74 972.055 348.543 77 629.800 492.558 78 599.734 474.380 82 642.318 534.606 83 797.573 411.826 86 670.858 514.558 87 660.283 533.261 88 657.997 468.904 93 897.376 379.880 95 974.355 388.772 103 985.529 434.888 120 908.084 538.389 123 949.634 372.228 124 746.356 409.727 126 830.286 420.585 128 995.375 493.609 141 858.301 527.373 146 988.013 336.438 149 999.539 385.887 151 969.022 391.559 152 1014.108 497.541 155 633.178 432.065 161 912.077 496.055 164 947.877 387.158 170 874.992 518.748 174 738.373 525.693 179 633.178 432.065 181 631.754 435.103 189 796.359 460.680 190 805.388 498.016 193 647.992 439.855 194 789.353 531.951 208 999.175 433.634 212 753.255 466.317 213 982.868 483.740 214 737.506 399.529 217 1007.963 371.557 218 972.819 394.685 222 972.819 394.685 223 931.816 354.580 230 876.651 548.662 234 949.841 518.207 240 978.192 398.053 243 652.134 458.844 245 974.610 441.415 246 995.981 499.451 247 867.505 376.193 250 967.724 351.723 252 881.978 542.159 254 886.691 383.777 266 825.636 382.969 282 882.866 545.615 290 867.594 373.150 292 1012.443 482.881 304 953.800 402.796 309 579.978 428.324 318 617.590 419.888 320 595.282 485.437 323 669.112 476.788 325 853.100 534.683 335 1006.051 494.663 341 978.465 500.019 342 738.495 539.783 343 807.093 548.078 346 492.099 427.567 347 650.892 483.826 348 824.601 496.599 349 723.042 533.562 350 981.416 531.675 351 493.256 422.831 352 500.925 332.508 354 500.925 332.508 355 935.826 362.189 357 505.794 355.787 358 1013.742 374.185 359 967.455 379.376 360 958.122 390.483 361 1013.671 430.895 362 620.481 434.339 363 646.734 434.875 364 956.115 443.246 365 839.903 451.768 366 766.845 455.699 367 600.251 459.279 368 819.424 458.679 369 559.464 474.984 370 622.381 499.207 372 868.572 522.274 373 511.089 523.958 374 1017.971 527.427 375 894.456 534.083 376 806.613 537.973 377 709.868 547.990 378 810.292 552.999 379 807.797 556.137 380 636.937 558.274 381 508.322 353.275 382 745.212 380.097 383 537.232 398.572 384 544.531 438.681 385 648.607 446.152 386 918.887 445.951 387 903.083 451.783 388 973.112 457.981 389 492.360 467.381 390 647.834 481.877 391 650.892 483.826 392 992.567 495.478 393 539.067 498.002 394 778.299 499.845 395 855.099 379.300 396 926.055 450.051 397 862.732 454.624 398 734.878 461.195 399 740.407 467.223 400 1003.454 498.333 401 646.408 553.275 402 964.936 370.105 403 760.391 388.289 404 642.093 441.840 405 642.093 441.840 406 637.936 484.241 407 637.936 484.241 408 777.538 405.775 409 550.643 434.059 410 983.023 494.334 411 508.521 340.740 412 744.191 399.207 413 664.893 430.354 414 645.147 477.347 415 647.124 522.317 416 754.270 394.966 417 505.051 402.452 418 660.283 533.261 419 627.522 412.107 420 815.048 520.641 421 572.316 376.438 422 796.996 378.378 423 775.107 370.848 424
50 0.9617522910962736 0.11748638693354352 -0.22957731231074865 0.09232405845719281 0.08143764667562636 -0.046957005451946435 -0.34297177813125235 50 image_000050.jpg
 442.804 222.653 4 196.578 458.726 10 459.627 192.085 14 431.916 204.220 19 468.776 465.481 27 687.160 176.731 36 464.332 185.214 37 622.476 177.633 46 622.476 177.633 47 454.759 175.571 48 502.078 184.074 49 426.880 186.067 50 505.329 229.764 53 632.164 238.276 55 719.747 247.861 57 392.018 127.720 65 392.018 127.720 66 406.529 218.171 68 641.855 306.193 70 390.525 138.703 76 673.531 185.641 77 399.249 233.608 86 688.536 272.236 91 64.912 440.537 92 98.262 299.345 93 345.057 239.216 108 59.172 269.337 111 106.091 287.552 162 637.483 236.186 170 729.403 244.011 197 400.462 163.452 203 705.945 465.720 209 717.199 228.015 218 671.591 214.437 219 686.606 213.081 220 676.231 259.705 243 35.478 158.326 332 79.576 325.409 348
52 0.9962454024294668 0.05931294651934839 0.05981850307572144 0.019970469081740497 -0.5435576187107176 -0.11484617323138169 -0.37044991416451784 52 image_000052.jpg
 414.915 315.725 4 616.015 317.574 5 340.613 415.225 6 267.310 568.518 9 268.946 560.585 13 401.305 311.019 15 477.375 519.482 17 406.309 299.198 19 633.433 309.287 22 335.093 510.971 23 431.013 526.544 26 386.489 353.328 30 411.912 527.628 31 373.253 529.476 32 190.809 573.629 33 677.672 213.992 36 435.857 273.869 37 579.067 308.659 39 474.563 311.452 53 384.149 316.959 68 709.072 466.303 73 762.427 563.843 75 209.653 565.559 80 377.178 333.506 86 681.560 323.995 91 167.416 434.377 93 536.615 281.073 95 460.680 296.834 96 438.541 323.066 97 498.057 315.774 99 504.824 315.229 100 522.670 312.303 101 631.009 298.987 102 683.757 301.110 110 461.688 268.280 114 553.715 270.213 115 370.242 331.288 118 671.799 378.768 120 520.214 566.489 123 422.363 349.522 128 554.384 306.229 129 530.545 241.164 130 463.479 320.408 131 733.161 291.485 132 668.954 302.462 138 325.199 513.625 144 442.039 542.719 146 506.949 583.872 147 437.488 333.274 153 709.262 495.679 155 710.810 515.395 156 710.673 522.748 157 333.035 546.249 158 173.687 423.059 162 471.514 403.671 163 537.258 487.971 164 423.071 564.217 165 484.026 565.099 168 470.460 527.374 174 413.450 267.435 180 771.761 370.845 184 395.753 411.573 185 362.599 495.483 187 140.141 535.150 188 363.714 484.702 193 163.655 385.416 194 670.908 298.339 199 604.706 555.509 202 492.153 316.685 205 655.531 307.605 222 460.382 291.163 232 465.396 583.775 234 469.346 572.164 236 707.070 345.047 238 561.379 295.154 241 651.714 390.755 246 677.914 497.676 247 521.314 529.623 248 216.457 558.713 253 707.070 345.047 255 720.657 303.196 258 571.397 310.228 259 528.417 259.961 262 335.441 352.914 270 739.540 381.931 274 102.268 427.957 275 670.524 479.690 277 441.038 554.496 280 122.745 384.520 283 92.380 473.312 288 128.271 537.846 289 476.134 578.535 290 561.379 295.154 297 374.718 558.323 306 468.683 279.273 307 598.513 296.274 308 458.055 330.289 310 532.992 328.823 311 99.690 421.295 314 411.106 557.179 316 612.814 330.525 319 131.985 354.184 320 180.483 444.966 325 180.483 444.966 326 634.624 546.389 329 195.174 537.465 330 431.416 544.870 334 696.233 417.494 338 327.595 560.518 344 235.775 545.034 350 454.436 548.116 353 621.264 393.703 365 708.584 482.718 371 458.893 534.993 373 354.952 558.777 377 357.538 586.784 379 557.847 396.213 387 569.068 405.023 397 691.110 496.454 401 327.078 297.783 404 373.253 529.476 421 486.130 317.343 425 741.556 294.232 427 477.499 551.482 429 392.892 526.918 439 726.642 292.093 444 759.250 288.352 445 335.562 407.291 451 239.313 438.096 453 459.223 345.800 454 208.448 375.438 456 208.448 375.438 457 561.071 488.901 461 323.325 499.051 465 369.222 500.559 466 441.606 564.862 467 505.178 575.742 468 166.007 522.926 470 412.370 507.762 471 749.685 504.353 480 497.969 565.764 481 608.487 519.974 482 732.468 334.308 487 108.997 400.492 490 525.215 262.838 494 696.755 392.397 498 655.396 478.098 500 86.945 535.430 504 90.432 357.062 508 429.231 399.387 512 175.541 444.068 513 671.467 469.601 514 605.929 475.772 515 764.477 557.757 518 95.084 403.389 524 146.001 405.082 525 80.083 438.818 527 685.234 445.406 528 70.416 500.670 530 134.278 538.257 531 107.891 411.367 534 145.928 388.882 540 145.928 388.882 541 80.633 497.384 542 77.764 514.607 543 77.764 514.607 544 178.598 466.454 547 178.598 466.454 548 90.375 499.406 549 597.997 309.913 550 629.137 390.271 552 690.280 418.247 554 457.620 562.125 555 534.851 248.690 556 540.323 506.737 560 516.240 474.706 563 750.416 548.920 565 743.923 560.677 566 400.164 548.231 567 616.790 562.337 568 89.189 442.365 569 450.328 524.477 573 450.328 524.477 574 470.460 527.374 575 536.957 522.610 576 492.635 522.658 577 745.183 568.098 579 734.479 515.271 581 517.483 241.280 584 557.502 270.699 585 199.075 363.763 586 429.501 413.768 587 710.795 288.525 588 385.248 309.164 589 516.033 313.159 590 142.227 353.338 591 421.965 414.913 592 329.068 509.254 593 617.118 510.788 594 729.813 556.627 595 208.841 559.562 596 18.084 404.936 597 165.897 435.227 598 13.267 454.816 599 13.267 454.816 600 709.998 504.145 601 621.475 508.400 602 380.285 537.194 603 245.377 543.008 604 248.490 362.216 605 103.759 398.314 606 29.752 426.756 607 161.003 511.228 608 109.737 526.392 609 475.452 324.589 610 490.884 334.113 611 665.072 428.544 612 653.073 580.951 613 109.435 454.390 614 422.538 291.648 615 112.183 426.373 616 333.349 529.421 617
111 0.9799756486414103 0.12243933013667857 -0.14289544591047482 0.06509392332864318 -0.15221959457882372 -0.0027670512855244613 -0.03872428354601732 111 image_000111.jpg
 426.753 283.154 4 570.340 301.145 5 438.691 260.443 14 415.459 278.255 15 419.475 270.156 19 521.148 288.726 38 434.133 249.315 48 634.641 289.788 57 219.186 294.507 59 550.562 344.133 61 114.982 187.799 64 574.443 336.581 70 627.052 398.518 73 656.227 453.507 75 496.880 274.717 79 391.601 211.890 81 395.055 293.317 86 610.496 309.065 91 461.332 273.404 96 507.082 290.048 101 172.480 327.240 111 527.241 264.498 115 390.610 289.699 118 604.064 342.983 120 265.867 355.042 121 573.614 267.692 124 409.211 275.768 125 352.111 298.774 154 442.142 452.218 165 641.031 426.691 177 481.425 252.000 182 641.056 286.435 197 618.003 343.017 212 625.305 296.594 237 481.750 260.374 250 610.771 337.628 272 453.430 445.747 280 467.065 262.358 307 634.774 353.007 321 156.754 252.273 332 38.025 121.747 354 38.025 121.747 355 50.092 134.930 412 160.679 251.600 431 413.087 268.566 441 581.635 344.696 497 646.051 451.651 566 638.449 449.330 595 431.792 265.401 615 291.678 261.153 666
91 0.9344144232408215 0.17639077524256305 -0.293737317690193 0.09733638234195637 -0.07889034035351508 -0.0037542551211533215 -0.48671999124574045 91 image_000091.jpg
 87.817 30.011 5 42.248 9.187 39 195.402 28.215 40 203.967 23.697 57 229.764 302.604 75 104.785 16.861 105 217.588 30.831 132 223.993 31.490 133 209.618 33.765 136 226.159 35.650 137 176.524 237.918 143 186.135 21.791 151 128.291 19.568 152 181.847 234.342 155 181.477 252.851 156 181.147 260.052 157 151.067 22.720 199 171.256 111.696 212 244.466 285.504 215 185.110 26.691 228 16.955 117.285 229 143.148 35.762 243 148.381 232.860 247 188.178 287.095 279 95.291 35.072 309 245.086 306.420 345 198.399 111.463 362 90.247 115.981 365 162.140 232.760 401 226.159 35.650 427 235.282 36.773 446 212.374 297.374 462 78.452 44.237 486 258.954 115.447 496 231.347 296.541 518 212.102 67.823 521 230.485 287.456 627 260.152 112.141 631 258.954 115.447 661 249.795 93.498 662
65 0.9800749144306485 0.03837014083691757 -0.17132044975838465 0.09289886462682649 -0.028429567353169025 -0.009960296975353314 -0.03344384496533906 65 image_000065.jpg
 275.227 539.502 7 279.153 524.346 16 612.323 490.986 18 479.100 484.425 19 500.615 620.219 26 500.718 645.482 27 335.608 639.587 80 457.362 503.466 86 277.867 620.842 88 591.092 501.626 89 637.600 521.051 91 284.118 547.117 93 554.649 643.340 123 607.485 485.220 124 577.595 508.544 169 626.453 562.529 171 524.675 621.694 174 640.647 619.772 176 664.733 620.717 177 626.961 510.106 222 475.710 631.739 225 609.681 557.370 235 519.588 478.553 307 465.789 555.875 483 475.710 631.739 582 435.960 619.372 617 628.795 633.628 646
3 0.967673962403401 0.1565016584774074 -0.18586402094999666 0.06759359020551992 -0.018201253324858828 -0.007333299249619951 -0.08470903457859302 3 image_000003.jpg
 66.061 419.660 7 12.271 260.306 11 12.271 260.306 12 195.813 526.055 13 314.603 346.536 14 291.987 363.562 15 69.110 403.572 16 295.745 355.766 19 450.681 383.283 22 15.509 262.983 43 310.325 335.598 48 343.966 339.356 49 291.359 343.981 50 500.706 377.300 57 97.442 377.081 59 421.576 428.602 61 278.904 365.983 68 272.640 377.647 86 313.824 331.516 94 388.103 356.319 95 336.084 359.514 96 321.704 375.939 97 344.079 376.341 98 363.287 376.378 99 367.973 376.542 100 379.842 376.272 101 449.623 376.882 102 465.569 377.205 103 360.952 378.831 104 448.500 379.550 105 452.941 379.642 106 334.998 381.013 107 237.115 382.066 108 476.042 382.468 109 479.138 382.559 110 50.462 408.861 111 512.469 423.750 112 428.244 429.254 113 335.885 340.344 114 399.288 351.990 115 321.590 360.931 116 263.657 371.577 117 268.384 374.473 118 97.442 377.081 119 471.675 428.096 120 145.451 437.014 121 470.910 338.439 122 384.292 533.342 123 443.016 355.756 124 285.302 361.633 125 206.032 367.226 126 335.914 372.712 127 309.142 391.173 128 401.642 372.854 129
92 0.9832442635216333 0.09188766221581941 -0.14054799320034592 0.07094823653257917 -0.12073579071384885 -0.10572370941510016 -0.5552652948421891 92 image_000092.jpg
 108.560 314.133 7 206.063 450.713 8 269.397 471.562 9 197.796 472.145 10 271.278 463.556 13 459.952 475.842 27 550.400 211.894 29 715.433 250.452 40 699.065 246.101 56 124.410 257.569 60 399.805 233.681 68 483.353 196.907 114 733.229 250.374 132 744.856 250.392 134 727.066 253.332 136 719.287 432.991 156 719.636 439.079 157 453.762 470.178 165 431.526 190.989 180 385.349 403.809 187 732.726 250.619 195 707.465 250.096 228 500.496 488.001 234 711.458 254.416 237 70.625 435.890 289 461.358 463.230 335 42.230 376.246 372 267.175 323.748 399 93.670 340.280 415 140.957 256.923 433 414.566 217.019 441 71.674 259.769 509 141.098 216.179 537
88 0.9616493272749328 0.2396863786571368 0.13326373741324496 0.004668498438215071 -0.23200851213978432 -0.010119387310865674 0.17956366363673165 88 image_000088.jpg
 712.982 292.832 9 599.178 154.783 11 599.178 154.783 12 787.318 175.623 14 772.059 188.064 15 674.090 295.575 33 910.147 253.481 73 929.447 288.478 75 896.565 153.270 77 760.282 197.916 86 651.878 281.855 88 876.913 171.181 124 768.569 186.992 125 806.580 227.942 163 911.693 151.473 166 890.184 228.535 171 890.184 228.535 172 919.263 271.125 177 907.886 288.304 244 892.738 155.720 252 814.627 170.389 292 728.960 176.662 294 728.960 176.662 295 757.097 183.720 296 820.869 183.592 298 722.310 231.079 302 935.259 285.580 305 804.775 175.107 307 625.855 201.575 320 757.777 180.957 322 660.461 242.767 325 936.295 289.440 345 867.218 163.252 357 833.598 229.422 388 645.105 246.017 391 637.995 247.637 408 659.323 209.832 414 598.940 168.692 422 761.754 173.167 423 921.809 287.332 462 719.508 263.202 535 628.617 191.326 538 933.545 282.026 629
25 0.9900512013498289 0.13824457745387142 -0.00862438583737742 0.024752189689319384 -0.1831882966697574 0.013889152642310599 0.0541749497007264 25 image_000025.jpg
 599.273 464.032 9 555.147 465.276 10 489.885 351.981 16 747.713 434.277 17 839.551 289.809 18 686.896 295.489 19 677.467 318.127 20 488.310 453.481 21 648.513 427.836 23 855.278 296.565 24 615.391 295.609 25 700.462 274.655 48 683.202 283.665 50 826.859 302.225 55 894.557 301.308 57 469.120 406.477 62 671.612 305.955 68 889.442 406.325 73 462.262 399.363 78 551.783 463.318 80 475.675 448.062 83 666.054 316.962 86 496.927 446.668 88 483.325 458.397 92 777.800 288.508 95 726.230 295.670 96 769.454 308.757 101 869.802 308.002 109 788.101 283.660 115 862.317 264.813 122 777.407 460.481 123 833.876 283.211 124 773.723 263.118 130 724.356 447.344 146 711.824 318.590 153 890.527 435.965 157 737.135 275.226 160 468.878 330.127 161 784.500 415.615 164 713.970 460.384 165 831.656 300.143 170 858.236 369.339 171 743.627 438.498 174 903.691 431.811 177 589.194 441.229 179 468.878 330.127 181 749.541 310.065 205 774.084 478.093 210 893.162 287.382 218 856.437 309.838 223 671.204 371.678 233 692.084 420.076 239 854.128 262.997 252 831.879 449.667 256 666.129 284.847 265 906.385 356.424 274 724.348 453.939 280 749.821 468.593 290 459.064 293.030 332 744.451 437.803 333 719.069 449.649 334 718.576 455.222 335 419.158 245.707 336 790.904 366.702 337 880.363 376.808 338 468.583 401.894 339 838.051 406.704 340 881.865 418.151 341 853.753 422.582 342 588.721 456.529 343 644.131 458.397 344 667.275 468.213 346 342.567 309.815 347 487.818 390.254 348 690.094 412.479 349 571.234 449.523 350 853.271 456.496 351 343.646 304.542 352 734.044 449.791 353 353.209 195.795 354 353.209 195.795 355 811.189 322.953 356 819.701 271.159 357
110 0.9846615575677742 0.15704063038635188 -0.05893141034527294 0.04803064871588021 -0.29500290423566594 0.00034152736527172725 0.05491028793439043 110 image_000110.jpg
 283.868 425.026 13 462.304 437.559 27 186.210 435.641 33 67.057 177.265 51 240.117 209.049 58 160.100 212.212 59 762.215 436.926 75 708.240 204.718 135 675.499 452.673 148 333.167 215.099 154 720.607 379.990 155 720.703 395.709 156 720.547 401.881 157 456.408 431.274 165 111.892 394.561 188 628.986 427.387 202 775.619 421.666 215 692.818 380.421 247 372.299 203.418 267 197.432 205.953 269 510.752 444.924 290 666.678 380.345 342 775.571 439.729 345 385.639 441.850 346 241.501 408.283 350 664.237 431.874 351 385.459 456.071 380 108.128 299.737 415 782.669 426.801 430 188.912 211.347 459 766.441 420.222 474 631.632 431.876 618 762.402 423.497 627 769.024 423.505 629 756.633 383.904 636 338.990 172.860 645 475.609 419.924 653 269.946 216.182 663 776.586 388.736 664 255.719 164.045 666
44 0.9835554399329534 0.10534766081829769 -0.13083157001858955 0.06636023263792122 -0.14953455683381917 -0.09252155861509463 -0.5694977142702758 44 image_000044.jpg
 445.085 90.086 14 417.652 103.517 19 90.964 336.498 21 452.329 359.839 27 539.887 96.181 29 680.742 59.523 36 449.211 83.013 37 593.598 132.141 39 237.518 364.569 42 486.858 79.414 49 717.616 128.713 57 150.161 143.286 59 120.688 145.006 60 68.344 261.970 62 392.433 118.526 68 236.287 350.797 74 524.755 108.894 79 166.481 130.234 84 82.205 343.857 92 475.247 107.411 96 371.244 126.222 117 377.743 129.818 118 207.430 222.802 121 404.230 110.269 125 292.352 123.595 126 722.347 135.868 136 463.213 335.086 146 702.720 128.979 151 82.428 147.003 161 125.294 203.093 162 171.285 356.342 167 628.098 121.413 170 733.551 317.769 177 82.428 147.003 181 378.739 288.622 187 89.237 320.759 188 78.159 151.465 189 15.683 209.001 191 107.544 162.621 194 728.071 133.523 195 178.223 141.946 211 669.151 275.311 214 705.484 137.249 237 576.496 117.834 241 504.093 90.280 250 532.953 105.056 266 502.842 368.257 290 504.693 85.477 292 375.989 102.523 296 65.045 132.398 300 378.782 96.316 322 372.419 365.789 346 718.476 198.411 362 410.641 215.744 369 73.916 361.643 402 96.152 164.629 406 170.620 156.479 456 170.620 156.479 457 369.009 293.879 469 370.749 98.664 475 122.262 229.166 479 375.989 102.523 506 283.774 282.755 535 183.436 69.013 546 683.777 137.365 583
103 0.9779864712728885 0.1056859360398698 -0.16658720213625378 0.0679826621754263 -0.06995712809659868 -0.03462616112520824 -0.18426954150214633 103 image_000103.jpg
 176.557 355.245 16 615.222 300.474 18 469.447 472.152 26 646.101 260.977 36 641.106 261.529 45 591.760 264.936 47 452.670 272.884 48 494.512 312.994 53 599.323 314.136 55 583.643 377.958 61 409.226 321.438 86 180.783 476.985 88 649.038 338.583 91 466.015 318.700 97 591.586 377.962 113 404.950 318.507 118 607.365 293.686 124 539.450 264.995 130 688.310 323.535 137 671.058 455.814 155 670.816 467.640 156 671.062 473.039 157 512.791 499.984 168 634.733 395.032 171 654.245 468.707 176 401.258 387.334 190 536.202 325.304 200 411.311 265.924 203 510.349 318.518 205 652.669 282.176 231 502.465 505.027 236 637.974 329.493 243 399.024 322.030 251 665.781 354.831 255 136.450 277.871 332 674.531 374.087 362 407.266 495.073 377 334.042 271.437 383 173.331 349.352 386 688.310 323.535 427 558.837 322.924 442 695.325 323.319 446 330.057 452.766 503 182.069 384.486 598 612.112 462.086 602 695.192 277.796 630 296.470 287.169 643 639.026 485.234 646 712.712 462.330 664
9 0.987412143021736 0.12027819721505834 -0.08762573934457513 0.0535924055881001 -0.24001529003482103 -0.07558558487566525 -0.5556574269769201 9 image_000009.jpg
 89.230 374.154 21 547.345 109.313 29 447.628 99.913 37 734.037 144.829 40 145.058 174.653 59 389.058 139.892 68 102.128 290.699 72 161.310 161.020 84 544.933 146.639 101 754.512 143.946 132 746.747 147.578 136 421.335 92.146 180 80.808 180.972 181 503.984 93.224 182 789.246 219.668 184 408.319 238.006 185 312.259 249.077 186 375.356 321.006 187 76.714 185.780 189 366.159 244.519 190 375.350 310.754 193 104.540 195.353 194 753.535 144.624 195
