# 3D point list with one line of data per point:
#   POINT3D_ID, X, Y, Z, R, G, B, ERROR, TRACK[] as (IMAGE_ID, POINT2D_IDX)
# Number of points: 667, mean track length: 5.91
0 0.4316749124014014 0.1434666048064923 0.9691867612240435 0 0 0 0.43 1 0 2 0 4 0 17 0 27 0 29 0 33 0 40 0 53 0 61 0 71 0 73 0 77 0 96 0 113 0 142 0 
1 0.5516703407378264 0.14941997080475442 0.9281836752009266 0 0 0 0.34 1 1 11 0 15 0 17 1 19 0 29 1 33 1 38 0 40 1 42 0 43 0 53 1 54 0 60 0 63 0 71 1 73 1 77 1 85 0 96 1 97 0 142 1 
2 0.40220714064338253 0.1707897166195415 0.968867069357138 0 0 0 0.43 1 2 2 1 15 1 16 0 38 1 71 2 142 2 
3 0.4066106661059693 0.17009776791648337 0.9672621334819006 0 0 0 0.37 1 3 15 2 17 2 27 1 29 2 38 2 54 1 63 1 77 2 93 0 97 1 109 0 142 3 
4 0.3752139146211118 0.1734626742718654 0.9763041365848764 0 0 0 0.38 1 4 2 2 4 1 11 1 15 3 16 1 17 3 26 0 27 2 29 3 33 2 38 3 40 2 42 1 50 0 52 0 63 2 71 3 111 0 142 4 
5 0.4937503644402825 0.16803167600669322 0.9375826683166607 0 0 0 0.27 1 5 26 1 38 4 40 3 42 2 52 1 60 1 73 2 91 0 96 2 111 1 142 5 
6 0.33106354848290587 0.23505710895348433 0.9722094539445131 0 0 0 0.34 1 6 26 2 52 2 63 3 85 1 109 1 142 6 
7 0.18256528157168417 0.25805500391398584 1.0380720155991172 0 0 0 0.44 1 7 3 0 27 3 60 2 65 0 92 0 142 7 
8 0.25463244076432795 0.3244989665257765 0.9760545486044931 0 0 0 0.32 1 8 19 1 33 3 85 2 92 1 96 3 142 8 
9 0.29355501405035606 0.32662814039683224 0.9512089987252141 0 0 0 0.61 1 9 19 2 25 0 26 3 33 4 52 3 77 3 85 3 88 0 92 2 93 1 113 1 142 9 
10 0.2519582162085442 0.33617897268586244 0.9678275669585974 0 0 0 0.41 1 10 2 3 4 2 17 4 25 1 26 4 33 5 42 3 50 1 71 4 92 3 96 4 97 2 142 10 
11 0.1151521109132366 0.11572779829425205 0.9444286427793308 0 0 0 0.29 1 11 2 4 3 1 17 5 26 5 71 5 73 3 88 1 96 5 142 11 
12 0.11518699499646443 0.11574804827038035 0.9443919971030155 0 0 0 0.27 1 12 2 5 3 2 17 6 26 6 73 4 88 2 96 6 142 12 
13 0.29380559905870124 0.322238490476933 0.9531855572233207 0 0 0 0.44 1 13 3 3 11 2 26 7 52 4 53 2 77 4 85 4 92 4 110 0 113 2 142 13 
14 0.38325202427002397 0.15351222236174566 0.9806745307058037 0 0 0 0.51 1 14 3 4 15 4 19 3 29 4 44 0 50 2 54 2 77 5 88 3 96 7 97 3 111 2 142 14 
15 0.3651577745170385 0.17147442796531512 0.9816881906779015 0 0 0 0.35 1 15 2 6 3 5 4 3 11 3 19 4 26 8 29 5 33 6 38 5 42 4 52 5 60 3 61 1 63 4 71 6 77 6 85 5 88 4 111 3 113 3 142 15 
16 0.18401030845940614 0.24382949762311465 1.0405496843024085 0 0 0 0.35 1 16 2 7 3 6 4 4 17 7 19 5 25 2 26 9 27 4 40 4 60 4 61 2 65 1 71 7 77 7 85 6 96 8 97 4 103 0 109 2 113 4 142 16 
17 0.4248126280011563 0.2786540854216971 0.9172877479013501 0 0 0 0.32 1 17 4 5 15 5 19 6 25 3 26 10 42 5 52 6 61 3 85 7 142 17 
18 0.5006008763487902 0.144941077736288 0.9446098094283374 0 0 0 0.49 1 18 4 6 11 4 15 6 25 4 26 11 33 7 38 6 40 5 53 3 63 5 65 2 97 5 103 1 142 18 
19 0.36793279460387884 0.16439058922736616 0.982966137520457 0 0 0 0.4 1 19 2 8 3 7 4 7 11 5 16 2 19 7 25 5 26 12 27 5 29 6 33 8 38 7 40 6 44 1 50 3 52 7 53 4 61 4 65 3 71 8 77 8 93 2 96 9 111 4 113 5 142 19 
20 0.35844141473681645 0.18579965381299246 0.9747426785501829 0 0 0 0.79 1 20 4 8 11 6 19 8 25 6 29 7 38 8 97 6 142 20 
21 0.18707734581193317 0.3376001437817572 0.998841527155956 0 0 0 0.43 1 21 9 0 25 7 26 13 27 6 44 2 71 9 73 5 85 8 96 10 142 21 
22 0.5026778394422485 0.16271677209094693 0.9368262838204117 0 0 0 0.71 1 22 2 9 3 8 11 7 17 8 19 9 29 8 42 6 52 8 77 9 97 7 142 22 
23 0.3370246888862683 0.2862556552557989 0.9451393123281872 0 0 0 0.58 1 23 25 8 26 14 42 7 52 9 77 10 142 23 
24 0.51445263552694 0.14950434659119638 0.942156072179621 0 0 0 0.77 1 24 4 9 15 7 25 9 26 15 63 6 77 11 85 9 96 11 142 24 
25 0.30329401841632697 0.17356051463554972 1.0104853757600198 0 0 0 0.41 1 25 25 10 26 16 33 9 63 7 71 10 142 25 
26 0.39839976350974565 0.28591328193646887 0.9233429925269021 0 0 0 0.29 1 26 4 10 11 8 16 3 26 17 27 7 38 9 42 8 43 1 52 10 53 5 65 4 85 10 93 3 96 12 103 2 142 26 
27 0.3994429588472326 0.3078881943520744 0.9132077195040964 0 0 0 0.46 1 27 15 8 26 18 27 8 44 3 50 4 65 5 77 12 92 5 93 4 96 13 110 1 142 27 
28 0.29024563279214577 0.14784438163537086 1.0246178888086037 0 0 0 1.14 1 28 4 11 97 8 142 28 
29 0.4415827089007485 0.1473250318459559 0.9646424423175772 0 0 0 1.16 1 29 9 1 15 9 26 19 29 9 42 9 44 4 53 6 63 8 77 13 85 11 92 6 97 9 142 29 
30 0.358687596943694 0.1955957344460561 0.9738764353894596 0 0 0 0.86 1 30 33 10 52 11 71 11 85 12 142 30 
31 0.38653252393561155 0.2881927836022931 0.9281734639213793 0 0 0 0.57 1 31 26 20 52 12 142 31 
32 0.3629832591849108 0.292425563626316 0.9336858903840378 0 0 0 0.64 1 32 52 13 142 32 
33 0.23349521474458013 0.3427248993907807 0.9767181612437057 0 0 0 0.66 1 33 52 14 88 5 110 2 142 33 
34 0.5645123202247008 0.2501041070087638 0.8814665025062646 0 0 0 0.22 2 10 38 10 60 5 63 9 96 14 142 34 
35 0.11279663257312614 0.11762961824895406 0.9434854761863753 0 0 0 0.39 2 11 17 9 26 21 71 12 96 15 142 35 
36 0.5242635382524646 0.11118106219174 0.9517955684855428 0 0 0 0.3 2 12 4 12 17 10 19 10 33 11 40 7 44 5 50 5 52 15 61 5 93 5 103 3 142 36 
37 0.3857532385868997 0.14870776990287593 0.9816931220974108 0 0 0 0.27 2 13 4 13 9 2 15 10 16 4 17 11 19 11 27 9 29 10 33 12 38 11 40 8 44 6 50 6 52 16 54 3 71 13 77 14 85 13 96 16 109 3 113 6 142 37 
38 0.4532418404816991 0.16510952618929867 0.9534070433669241 0 0 0 0.27 2 14 17 12 19 12 27 10 29 11 111 5 142 38 
39 0.4733157494110605 0.16450261591601317 0.9467547260371609 0 0 0 0.21 2 15 4 14 11 9 17 13 40 9 44 7 52 17 77 15 91 1 113 7 142 39 
40 0.5427584575673414 0.15342844701415292 0.928626485529544 0 0 0 0.26 2 16 9 3 15 11 42 10 77 16 91 2 92 7 142 40 
41 0.27342483097571996 0.30682519976589967 0.9699760576199525 0 0 0 0.26 2 17 11 10 17 14 26 22 77 17 142 41 
42 0.2779881944910095 0.33529732526758876 0.9579988577938691 0 0 0 0.25 2 18 44 8 85 14 142 42 
43 0.11762597495729238 0.1176843813141929 0.945139438705933 0 0 0 0.42 2 19 3 9 17 15 42 11 71 14 73 6 96 17 142 43 
44 0.11872833211365558 0.12722077154916478 0.9408606325110005 0 0 0 0.22 2 20 73 7 142 44 
45 0.5205874215222199 0.11228110913376146 0.953013235556534 0 0 0 0.31 2 21 4 15 11 11 15 12 17 16 26 23 29 12 71 15 73 8 103 4 142 45 
46 0.48273542746820997 0.12141498506101994 0.9608407581926126 0 0 0 0.25 2 22 4 16 11 12 15 13 16 5 26 24 33 13 38 12 50 7 61 6 63 10 71 16 93 6 96 18 142 46 
47 0.4828085794843839 0.12139211025243303 0.9608951999706494 0 0 0 0.28 2 23 4 17 11 13 15 14 16 6 19 13 26 25 33 14 38 13 50 8 54 4 71 17 96 19 103 5 142 47 
48 0.3778321808368696 0.14421193491094625 0.98156302166217 0 0 0 0.24 2 24 3 10 4 18 11 14 15 15 16 7 17 17 19 14 25 11 26 26 27 11 29 13 33 15 38 14 40 10 43 2 50 9 53 7 63 11 71 18 77 18 96 20 97 10 103 6 111 6 113 8 142 48 
49 0.4080130298978829 0.14268701461850558 0.9761161478649372 0 0 0 0.57 2 25 3 11 4 19 17 18 27 12 33 16 40 11 42 12 44 9 50 10 53 8 54 5 61 7 71 19 77 19 85 15 93 7 113 9 142 49 
50 0.3624233377159849 0.1543418323741527 0.9841890394028779 0 0 0 0.4 2 26 3 12 4 20 17 19 25 12 38 15 40 12 50 11 61 8 71 20 142 50 
51 0.1422129245449645 0.20745550196140047 1.0777793699158766 0 0 0 0.27 2 27 26 27 71 21 73 9 85 16 110 3 142 51 
52 0.48279087748459826 0.1554270412470097 0.9468250561526134 0 0 0 0.06 2 28 4 21 40 13 73 10 142 52 
53 0.41222392611713526 0.16938534575677264 0.966222452073775 0 0 0 0.34 2 29 4 22 11 15 15 16 16 8 17 20 19 15 26 28 27 13 29 14 33 17 38 16 40 14 42 13 50 12 52 18 53 9 54 6 60 6 63 12 71 22 77 20 85 17 96 21 97 11 103 7 109 4 113 10 142 53 
54 0.45342356372596015 0.16295654324071704 0.955972496310218 0 0 0 0.23 2 30 11 16 27 14 40 15 142 54 
55 0.48971587339203204 0.15671992440087376 0.9430514866590937 0 0 0 0.32 2 31 4 23 11 17 16 9 17 21 25 13 26 29 38 17 40 16 50 13 54 7 71 23 73 11 77 21 85 18 103 8 142 55 
56 0.5332094080197396 0.15267966873169792 0.9331252077917183 0 0 0 0.28 2 32 26 30 38 18 42 14 53 10 60 7 61 9 63 13 71 24 73 12 85 19 92 8 142 56 
57 0.5470519676258384 0.15015271381444037 0.9291659881411768 0 0 0 0.32 2 33 3 13 11 18 15 17 17 22 19 16 25 14 26 31 29 15 33 18 42 15 43 3 44 10 50 14 53 11 54 8 61 10 63 14 71 25 73 13 77 22 85 20 91 3 93 8 96 22 97 12 109 5 111 7 142 57 
58 0.25600284004136986 0.20538906863584092 1.0211476654053584 0 0 0 0.33 2 34 19 17 26 32 33 19 40 17 42 16 53 12 71 26 85 21 109 6 110 4 142 58 
59 0.2056617626721729 0.2168398679028503 1.0417095297224 0 0 0 0.27 2 35 3 14 9 4 27 15 33 20 44 11 60 8 96 23 110 5 111 8 113 11 142 59 
60 0.18708326991188687 0.2212171302055695 1.0502346707257655 0 0 0 0.38 2 36 19 18 27 16 40 18 44 12 71 27 73 14 77 23 92 9 142 60 
61 0.47963283810925583 0.20564276929384726 0.928892710755632 0 0 0 0.17 2 37 3 15 15 18 19 19 42 17 77 24 103 9 111 9 142 61 
62 0.16521927203097064 0.2983427235285697 1.0273987366807706 0 0 0 0.33 2 38 25 15 26 33 29 16 40 19 44 13 73 15 77 25 85 22 109 7 113 12 142 62 
63 0.11539147671759309 0.11957968900430353 0.9433639250267678 0 0 0 0.1 2 39 17 23 73 16 142 63 
64 0.11545822751526333 0.11968068835940951 0.9430543100687482 0 0 0 0.34 2 40 17 24 73 17 111 10 142 64 
65 0.34267536565073 0.12505041263767636 1.0118313359648805 0 0 0 0.19 2 41 19 20 38 19 50 15 142 65 
66 0.3426440522129272 0.12487798891068953 1.0118890992701153 0 0 0 0.24 2 42 27 17 50 16 142 66 
67 0.1441247579616246 0.21011669283676726 1.0757323820325764 0 0 0 0.18 2 43 26 34 40 20 142 67 
68 0.3539621865974293 0.17584662229392395 0.9835311133730485 0 0 0 0.39 2 44 3 16 4 24 9 5 11 19 16 10 17 25 19 21 25 16 26 35 27 18 29 17 33 21 38 20 40 21 44 14 50 17 52 19 53 13 60 9 61 11 63 15 71 28 77 26 85 23 92 10 93 9 96 24 109 8 113 13 142 68 
69 0.14768241008619074 0.2495790050185177 1.0560610605138097 0 0 0 0.32 2 45 26 36 60 10 142 69 
70 0.49970172941612323 0.1963544964092809 0.9278706187763432 0 0 0 0.27 2 46 50 18 111 11 142 70 
71 0.147065194882824 0.2889317480934231 1.0418042842182187 0 0 0 0.2 2 47 40 22 60 11 73 18 142 71 
72 0.18671596804393742 0.29009827207907823 1.022610729380988 0 0 0 0.32 2 48 9 6 19 22 26 37 27 19 40 23 73 19 85 24 142 72 
73 0.5432938244201282 0.23787426724451097 0.8915760160270896 0 0 0 0.45 2 49 4 25 19 23 25 17 26 38 33 22 52 20 71 29 73 20 77 27 88 6 111 12 142 73 
74 0.2765365163801192 0.3271095603649488 0.9591576750736915 0 0 0 0.28 2 50 26 39 44 15 77 28 142 74 
75 0.5685048910730346 0.27714007828965903 0.8664310237742132 0 0 0 0.36 2 51 4 26 19 24 33 23 40 24 42 18 43 4 52 21 60 12 63 16 71 30 88 7 91 4 110 6 111 13 142 75 
76 0.3425861481546968 0.13166893846835712 1.0094619662437598 0 0 0 0.51 2 52 38 21 50 19 142 76 
77 0.5172463262594487 0.11841019754245237 0.9539446143289895 0 0 0 0.28 2 53 4 27 15 19 26 40 38 22 50 20 54 9 71 31 73 21 88 8 142 77 
78 0.15777407720429076 0.2926495980002592 1.0320470074033252 0 0 0 0.24 2 54 25 18 26 41 109 9 142 78 
79 0.43200391550706985 0.1570611338743336 0.9647600683629567 0 0 0 0.58 2 55 4 28 19 25 27 20 38 23 40 25 42 19 44 16 61 12 63 17 77 29 111 14 113 14 142 79 
80 0.24912395497828357 0.33414632268903777 0.96970317391394 0 0 0 0.54 2 56 25 19 52 22 65 6 142 80 
81 0.34251556960327795 0.1214005104481431 1.0126940301337777 0 0 0 0.38 2 57 17 26 111 15 142 81 
82 0.13879852111271682 0.24312076281468972 0.9406890943503596 0 0 0 0.24 2 58 26 42 77 30 142 82 
83 0.1736126249850475 0.33591631006435824 1.0092296674787458 0 0 0 0.58 2 59 19 26 25 20 26 43 71 32 77 31 109 10 142 83 
84 0.2153635253125041 0.20699649249852003 1.0400673156763283 0 0 0 0.29 2 60 9 7 40 26 44 17 77 32 142 84 
85 0.4311238607448141 0.12413219894699631 0.980268844972723 0 0 0 0.44 2 61 40 27 63 18 142 85 
86 0.3497846539478912 0.1862181035926196 0.9825201517098906 0 0 0 0.84 2 62 3 17 4 29 11 20 19 27 25 21 26 44 29 18 33 24 38 24 40 28 50 21 52 23 63 19 65 7 71 33 85 25 88 9 103 10 109 11 111 16 142 86 
87 0.20663228264122405 0.3096269412833712 1.0041451189595 0 0 0 0.47 2 63 26 45 40 29 142 87 
88 0.1950571894151921 0.330224908169058 0.9998720862269287 0 0 0 0.49 2 64 4 30 17 27 19 28 25 22 26 46 27 21 65 8 71 34 73 22 77 33 85 26 88 10 103 11 109 12 142 88 
89 0.4802164373041156 0.15967952178131112 0.9449959430054129 0 0 0 1.0 2 65 17 28 61 13 65 9 73 23 142 89 
90 0.5280756851939021 0.1692170823211943 0.9283357400635806 0 0 0 0.38 2 66 4 31 15 20 17 29 19 29 33 25 53 14 142 90 
91 0.5283537189092692 0.16920606515469191 0.9285909086458312 0 0 0 0.54 2 67 4 32 19 30 50 22 52 24 53 15 61 14 65 10 97 13 103 12 109 13 111 17 142 91 
92 0.18222351188224623 0.3433292834939903 1.0003211982024862 0 0 0 0.6 2 68 19 31 25 23 44 18 50 23 85 27 142 92 
93 0.19174352186018848 0.2639040736852825 1.030753384706566 0 0 0 0.49 2 69 4 33 17 30 19 32 26 47 27 22 50 24 52 25 65 11 71 35 73 24 77 34 142 93 
94 0.38066456839930857 0.14037656024736825 0.9825516566831431 0 0 0 0.36 3 18 17 31 19 33 53 16 63 20 142 94 
95 0.4478392956662901 0.15018101920407015 0.9625228494776233 0 0 0 0.26 3 19 25 24 26 48 40 30 42 20 52 26 77 35 142 95 
96 0.4028490024147057 0.16113049342682287 0.9727805024034115 0 0 0 0.29 3 20 4 34 11 21 15 21 19 34 25 25 27 23 38 25 40 31 42 21 44 19 52 27 53 17 77 36 111 18 113 15 142 96 
97 0.39058132845509586 0.17696224250144565 0.9695248785703983 0 0 0 0.24 3 21 11 22 19 35 27 24 29 19 38 26 40 32 52 28 96 25 103 13 142 97 
98 0.40966707640733524 0.17382683444132097 0.9643952392068098 0 0 0 0.26 3 22 4 35 16 11 27 25 38 27 60 13 142 98 
99 0.4267979141293262 0.17093781813276765 0.9607363877922738 0 0 0 0.27 3 23 17 32 29 20 52 29 60 14 142 99 
100 0.43073007402839913 0.17034215323151017 0.9590936084691031 0 0 0 0.23 3 24 11 23 43 5 52 30 60 15 142 100 
101 0.44126081282110385 0.16810042118639576 0.9560531807625622 0 0 0 0.36 3 25 4 36 9 8 17 33 19 36 25 26 27 26 29 21 33 26 40 33 42 22 43 6 52 31 53 18 60 16 85 28 96 26 109 14 111 19 113 16 142 101 
102 0.5014494033904784 0.1576400339205222 0.939575589217399 0 0 0 0.28 3 26 52 32 142 102 
103 0.5166795049973297 0.1553758343240322 0.937536599105614 0 0 0 0.29 3 27 11 24 15 22 26 49 73 25 77 37 85 29 96 27 142 103 
104 0.425116711981992 0.17312080366354188 0.9592418885740593 0 0 0 0.51 3 28 27 27 29 22 142 104 
105 0.501081802998269 0.15992934748526874 0.9391894415574542 0 0 0 0.22 3 29 11 25 16 12 17 34 29 23 42 23 91 5 142 105 
106 0.5056426540728234 0.15938027894158902 0.9395507180348439 0 0 0 0.28 3 30 17 35 29 24 38 28 54 10 96 28 113 17 142 106 
107 0.40264873392750405 0.17897799327861968 0.9649505559197961 0 0 0 0.34 3 31 17 36 27 28 54 11 61 15 96 29 142 107 
108 0.3207234077329907 0.1964565982364156 0.9915855052305018 0 0 0 0.3 3 32 16 13 17 37 27 29 29 25 50 25 77 38 96 30 113 18 142 108 
109 0.5257099422666686 0.15802770949591802 0.9325474447370999 0 0 0 0.39 3 33 11 26 25 27 29 26 38 29 42 24 54 12 77 39 85 30 93 10 142 109 
110 0.5289731729352404 0.15764023464969149 0.9326407510708258 0 0 0 0.2 3 34 4 37 38 30 52 33 77 40 142 110 
111 0.16916868829540724 0.25225285955077636 1.048863998293571 0 0 0 0.24 3 35 4 38 40 34 50 26 77 41 85 31 111 20 142 111 
112 0.5607955895321023 0.1878940003597514 0.9118472044057152 0 0 0 0.3 3 36 33 27 40 35 54 13 71 36 142 112 
113 0.4852820621267259 0.20489569815856604 0.9277879978481285 0 0 0 0.35 3 37 15 23 16 14 40 36 63 21 103 14 142 113 
114 0.40203013792847453 0.144693463349267 0.9774888768517062 0 0 0 0.53 3 38 4 39 27 30 52 34 53 19 54 14 77 42 92 11 96 31 109 15 113 19 142 114 
115 0.45735742509742533 0.14443565075567527 0.9607403542078017 0 0 0 0.49 3 39 4 40 25 28 38 31 52 35 63 22 73 26 77 43 85 32 96 32 97 14 111 21 113 20 142 115 
116 0.39049842832906345 0.16460497968469026 0.9751164824828208 0 0 0 0.43 3 40 4 41 54 15 142 116 
117 0.341562771595375 0.18261718060873974 0.9859578478650751 0 0 0 0.31 3 41 44 20 63 23 96 33 142 117 
118 0.34579647092930565 0.18427791952568898 0.9830403434879894 0 0 0 0.28 3 42 4 42 17 38 19 37 33 28 38 32 40 37 42 25 44 21 52 36 63 24 71 37 77 44 85 33 93 11 97 15 103 15 111 22 142 118 
119 0.2057209181450701 0.21704192397786454 1.0417425000496259 0 0 0 0.19 3 43 60 17 85 34 142 119 
120 0.5243218149299693 0.19773094363667995 0.9196504733048807 0 0 0 0.23 3 44 4 43 11 27 19 38 26 50 33 29 38 33 42 26 52 37 54 16 63 25 71 38 73 27 77 45 85 35 111 23 142 120 
121 0.24905261513967406 0.25879106912536154 1.0065858657395703 0 0 0 0.24 3 45 4 44 11 28 16 15 17 39 19 39 27 31 29 27 33 30 40 38 44 22 71 39 77 46 85 36 96 34 111 24 142 121 
122 0.5199350252682844 0.12140638179892628 0.9499525598364437 0 0 0 0.34 3 46 25 29 29 28 40 39 63 26 142 122 
123 0.45072574678137395 0.29753510323394067 0.9005142654973523 0 0 0 0.46 3 47 15 24 25 30 26 51 27 32 52 38 65 12 142 123 
124 0.4961015949646447 0.14082357725476827 0.9510562843162518 0 0 0 0.51 3 48 15 25 19 40 25 31 26 52 33 31 40 40 42 27 63 27 65 13 71 40 73 28 77 47 85 37 88 11 103 16 109 16 111 25 142 124 
125 0.35997137568677157 0.1704165398656237 0.984089783576858 0 0 0 0.76 3 49 29 29 40 41 44 23 88 12 96 35 111 26 142 125 
126 0.2940153685162937 0.18910271302532736 1.0074338739522049 0 0 0 0.59 3 50 26 53 44 24 63 28 77 48 85 38 109 17 142 126 
127 0.40302011625501194 0.17212909514952074 0.9672160375287182 0 0 0 0.25 3 51 63 29 97 16 142 127 
128 0.38147552226764037 0.19232559363558738 0.9682071273324242 0 0 0 0.7 3 52 26 54 29 30 33 32 52 39 85 39 142 128 
129 0.459956925703434 0.16254076745036516 0.95332055651484 0 0 0 1.32 3 53 40 42 52 40 97 17 142 129 
130 0.44306082583136913 0.12783121908413375 0.9706257112086308 0 0 0 0.44 4 45 25 32 27 33 38 34 42 28 52 41 54 17 77 49 103 17 142 130 
131 0.4055188797752203 0.17466297669305478 0.9661366621838996 0 0 0 0.24 4 46 27 34 38 35 40 43 52 42 85 40 96 36 113 21 142 131 
132 0.5535878040742075 0.15163792286882316 0.9262245244320092 0 0 0 0.2 4 47 9 9 11 29 40 44 42 29 52 43 85 41 91 6 92 12 109 18 142 132 
133 0.5565798318178915 0.1510311431680102 0.9253930509217914 0 0 0 0.28 4 48 38 36 42 30 53 20 85 42 91 7 142 133 
134 0.5606705421810378 0.15042511980966153 0.9243055760852505 0 0 0 0.33 4 49 11 30 38 37 42 31 53 21 61 16 63 30 85 43 92 13 96 37 109 19 142 134 
135 0.5317808973460806 0.15704066600093458 0.9311141440706471 0 0 0 0.34 4 50 42 32 85 44 109 20 110 7 142 135 
136 0.5495436797176529 0.15406633931790614 0.9261115547859071 0 0 0 0.3 4 51 9 10 11 31 43 7 44 25 60 18 61 17 91 8 92 14 142 136 
137 0.5578588993735097 0.1527365902221762 0.9243376281402054 0 0 0 0.4 4 52 19 41 29 31 77 50 85 45 91 9 103 18 142 137 
138 0.5214120796454419 0.15860715955632718 0.9331051703434597 0 0 0 0.3 4 53 38 38 52 44 142 138 
139 0.5787271324996102 0.18910949320353918 0.905790822252603 0 0 0 0.48 4 54 38 39 109 21 142 139 
140 0.5482467481908654 0.19449930688372083 0.9113230976028397 0 0 0 0.39 4 55 15 26 19 42 33 33 85 46 93 12 96 38 142 140 
141 0.5291759353002056 0.24955933724068835 0.8940191696537544 0 0 0 0.17 4 56 26 55 63 31 142 141 
142 0.5008162388452163 0.25844988928072254 0.8971816973938503 0 0 0 0.23 4 57 11 32 16 16 38 40 77 51 142 142 
143 0.541820573107673 0.2531897866186112 0.8868334342898792 0 0 0 0.21 4 58 42 33 85 47 91 10 142 143 
144 0.32956560831025666 0.2897358122046207 0.9498774462205404 0 0 0 0.29 4 59 17 40 27 35 52 45 93 13 96 39 142 144 
145 0.40256580580888274 0.2821975479169432 0.9243298168312729 0 0 0 0.28 4 60 29 32 53 22 142 145 
146 0.4051798498761244 0.29375910456652876 0.9201092641527374 0 0 0 0.31 4 61 15 27 19 43 25 33 26 56 27 36 29 33 33 34 38 41 44 26 52 46 77 52 85 48 96 40 113 22 142 146 
147 0.4445177147621549 0.3061427138703344 0.8966321289383091 0 0 0 0.34 4 62 38 42 52 47 109 22 142 147 
148 0.5213913717026089 0.2946332119724558 0.8765104475058973 0 0 0 0.29 4 63 38 43 77 53 85 49 110 8 142 148 
149 0.5308720176307238 0.10576983178564402 0.9502484157076445 0 0 0 0.14 4 64 11 33 17 41 26 57 29 34 38 44 54 18 71 41 142 149 
150 0.5140415371295247 0.15572780138878783 0.9386928864948388 0 0 0 0.29 4 65 11 34 42 34 71 42 77 54 85 50 109 23 142 150 
151 0.5385265804160354 0.15176240461284016 0.9317871383950199 0 0 0 0.21 4 66 11 35 19 44 26 58 38 45 42 35 44 27 53 23 60 19 63 32 71 43 73 29 77 55 85 51 91 11 96 41 109 24 142 151 
152 0.5120890612215271 0.15828842428446205 0.9378631614481046 0 0 0 0.25 4 67 11 36 26 59 29 35 53 24 63 33 77 56 91 12 142 152 
153 0.3904791484533879 0.1827283481328232 0.9674794361480401 0 0 0 0.2 4 68 17 42 25 34 27 37 42 36 52 48 71 44 96 42 109 25 142 153 
154 0.3143791671660919 0.19756357436384242 0.9929435987237897 0 0 0 0.58 4 69 61 18 63 34 110 9 111 27 142 154 
155 0.5438757108404407 0.25077112846468036 0.886083051289495 0 0 0 0.24 4 70 11 37 26 60 29 36 42 37 52 49 53 25 54 19 63 35 71 45 77 57 85 52 91 13 103 19 109 26 110 10 142 155 
156 0.5449290776709322 0.25983439201253294 0.8839807195808823 0 0 0 0.26 4 71 38 46 42 38 43 8 52 50 53 26 54 20 71 46 77 58 85 53 91 14 92 15 96 43 97 18 103 20 109 27 110 11 142 156 
157 0.5450126779256228 0.26312275147671726 0.8825506504242971 0 0 0 0.2 4 72 25 35 38 47 43 9 52 51 53 27 54 21 63 36 71 47 91 15 92 16 96 44 103 21 109 28 110 12 142 157 
158 0.33735935008519574 0.3066169109374404 0.940846071943506 0 0 0 0.2 4 73 11 38 52 52 77 59 85 54 113 23 142 158 
159 0.47232151357427427 0.2991095778385929 0.8905870827621754 0 0 0 0.32 4 74 11 39 85 55 142 159 
160 0.4122999997518405 0.1417118551937968 0.9765203653948602 0 0 0 0.52 4 75 25 36 27 38 77 60 96 45 113 24 142 160 
161 0.16126079135708155 0.22705131061484346 1.0612702337123552 0 0 0 0.25 4 76 25 37 26 61 40 45 44 28 71 48 142 161 
162 0.1952105210519839 0.25641554333591215 1.032947860497667 0 0 0 0.33 4 77 44 29 50 27 52 53 142 162 
163 0.4156290408348397 0.21933851932576684 0.9434063890722472 0 0 0 0.42 4 78 29 37 52 54 88 13 142 163 
164 0.456552145475251 0.2590829678382867 0.9158202010710043 0 0 0 0.35 4 79 25 38 26 62 33 35 40 46 42 39 52 55 85 56 109 29 142 164 
165 0.3958882448635291 0.30552433311462357 0.9157556695486497 0 0 0 0.43 4 80 15 28 25 39 27 39 42 40 52 56 85 57 92 17 93 14 109 30 110 13 111 28 142 165 
166 0.5341163420238603 0.11527420239039499 0.9496830057848943 0 0 0 0.3 4 81 15 29 54 22 71 49 88 14 142 166 
167 0.23810408576408748 0.3385230725533875 0.975053045689146 0 0 0 0.51 4 82 44 30 85 58 96 46 142 167 
168 0.4306353451079608 0.30057723677795134 0.9073760610916525 0 0 0 0.27 4 83 11 40 15 30 38 48 52 57 53 28 103 22 142 168 
169 0.4671229232172113 0.16846445754399045 0.9459840403585793 0 0 0 0.61 4 84 33 36 38 49 65 14 142 169 
170 0.4936400404347088 0.1545755305282896 0.9442697448110484 0 0 0 0.59 4 85 15 31 19 45 25 40 26 63 38 50 40 47 44 31 50 28 54 23 63 37 71 50 73 30 77 61 142 170 
171 0.5182029243684002 0.2113056285838116 0.9150384547298555 0 0 0 0.47 4 86 15 32 17 43 25 41 33 37 65 15 77 62 88 15 103 23 142 171 
172 0.5181112990721675 0.21106853885920504 0.9149354732595582 0 0 0 0.33 4 87 15 33 17 44 33 38 88 16 142 172 
173 0.4703930908393908 0.2720140838307105 0.9034684561028404 0 0 0 0.13 4 88 42 41 142 173 
174 0.4212979635791052 0.2828993732803378 0.9167398917773849 0 0 0 0.27 4 89 15 34 16 17 19 46 25 42 26 64 42 42 52 58 65 16 85 59 142 174 
175 0.5296113958263061 0.18499414006228254 0.9225432785901901 0 0 0 0.71 4 90 15 35 77 63 142 175 
176 0.5321291835116356 0.2612460825157929 0.8861435103370057 0 0 0 0.36 4 91 43 10 53 29 65 17 96 47 103 24 142 176 
177 0.5562437990700172 0.2580236369025232 0.8810293035593031 0 0 0 0.54 4 92 11 41 25 43 40 48 43 11 44 32 53 30 54 24 65 18 71 51 88 17 96 48 111 29 142 177 
178 0.5080705431903929 0.26586942758527315 0.8922583178571254 0 0 0 0.82 4 93 109 31 142 178 
179 0.28380596027499355 0.3088737865202006 0.9659650666846293 0 0 0 0.25 4 94 25 44 26 65 77 64 142 179 
180 0.3705290893937181 0.14593247251436953 0.9893709686796924 0 0 0 0.67 9 11 19 47 52 59 92 18 142 180 
181 0.16144053691705432 0.22697640844365177 1.0607312751740285 0 0 0 0.32 9 12 19 48 25 45 26 66 40 49 44 33 71 52 73 31 96 49 142 181 
182 0.4179385938870015 0.14083015048046618 0.9756790282360704 0 0 0 0.55 9 13 19 49 38 51 42 43 43 12 53 31 54 25 71 53 73 32 85 60 111 30 113 25 142 182 
183 0.14688944108022256 0.23897269953347897 1.0656130292939916 0 0 0 0.24 19 50 40 50 85 61 109 32 142 183 
184 0.5728529330121122 0.18978258325967007 0.9062952700262329 0 0 0 0.18 9 14 52 60 54 26 142 184 
185 0.3692629328835939 0.22841924484398937 0.9563348719331491 0 0 0 0.31 9 15 52 61 60 20 63 38 77 65 85 62 109 33 142 185 
186 0.3151273525737922 0.24379682759006327 0.9778370340446126 0 0 0 0.32 9 16 40 51 63 39 77 66 85 63 109 34 142 186 
187 0.3544878123481725 0.275591895633906 0.9409585070345108 0 0 0 0.45 9 17 44 34 52 62 63 40 92 19 142 187 
188 0.18430474420541018 0.32926725369393933 1.0055117598683634 0 0 0 0.43 40 52 44 35 52 63 60 21 85 64 109 35 110 14 113 26 142 188 
189 0.15901002882364715 0.23042178224438045 1.061061790779981 0 0 0 0.33 9 18 26 67 40 53 44 36 77 67 85 65 109 36 142 189 
190 0.34596087972764916 0.2350918688785318 0.9623103697932103 0 0 0 0.55 9 19 26 68 85 66 103 25 109 37 142 190 
191 0.12295236123458775 0.27401687342829595 1.0629177809104338 0 0 0 0.25 44 37 85 67 142 191 
192 0.12789086879524408 0.2962550383872513 1.0479725256761399 0 0 0 0.05 40 54 85 68 142 192 
193 0.35436038002424625 0.269755890777119 0.9428733389697885 0 0 0 0.28 9 20 26 69 52 64 142 193 
194 0.17980464446929884 0.23353715704835917 1.0489564893747743 0 0 0 0.35 9 21 19 51 26 70 27 40 40 55 44 38 52 65 71 54 73 33 77 68 85 69 109 38 142 194 
195 0.5525073141511022 0.15202410619882473 0.9248697975102395 0 0 0 0.34 9 22 42 44 44 39 53 32 61 19 85 70 92 20 142 195 
196 0.5162927811724214 0.11441084214802667 0.9560056789769205 0 0 0 0.14 11 42 29 38 142 196 
197 0.5528702343490179 0.1463199573292377 0.9274495588525474 0 0 0 0.41 11 43 19 52 42 45 50 29 53 33 111 31 142 197 
198 0.5086673983009135 0.15900537850137933 0.9379879133624147 0 0 0 0.17 11 44 16 18 142 198 
199 0.522356895715885 0.15657435338662562 0.9338304391072413 0 0 0 0.23 11 45 52 66 91 16 96 50 142 199 
200 0.4424156549299199 0.1731050011247578 0.9534165683964407 0 0 0 0.33 11 46 15 36 96 51 103 26 142 200 
201 0.5638482460897251 0.2666830961998505 0.8760996514171486 0 0 0 0.49 11 47 38 52 40 56 142 201 
202 0.4942749283576163 0.28499648876084305 0.8882209340001866 0 0 0 0.25 11 48 38 53 52 67 109 39 110 15 142 202 
203 0.3483965324732542 0.14484082373236415 0.9989707526143754 0 0 0 0.45 11 49 27 41 50 30 60 22 61 20 71 55 103 27 142 203 
204 0.43708991265269875 0.13061229413108916 0.966364630679615 0 0 0 0.67 11 50 33 39 109 40 142 204 
205 0.42349433373294615 0.17143527900236266 0.9609518876194486 0 0 0 0.3 11 51 17 45 25 46 52 68 60 23 85 71 103 28 113 27 142 205 
206 0.462934376808196 0.25531553290017955 0.9118960729210466 0 0 0 0.16 11 52 15 37 142 206 
207 0.5429399192879982 0.26535905646819413 0.8819271336898449 0 0 0 0.36 11 53 17 46 71 56 77 69 142 207 
208 0.3372767924009147 0.3067264356186438 0.9407039800778869 0 0 0 0.1 11 54 26 71 63 41 142 208 
209 0.5416053572002697 0.28111256066820306 0.8761357908118037 0 0 0 0.14 11 55 17 47 40 57 50 31 142 209 
210 0.44824706573836687 0.31275864392391156 0.8943336177903732 0 0 0 0.51 11 56 25 47 27 42 38 54 77 70 142 210 
211 0.22394384091257344 0.2126166727797955 1.0334391046882554 0 0 0 0.16 11 57 27 43 33 40 40 58 44 40 61 21 96 52 142 211 
212 0.5357387167259227 0.19583388382022154 0.9162732852532678 0 0 0 0.23 11 58 15 38 26 72 29 39 42 46 43 13 53 34 54 27 85 72 91 17 111 32 142 212 
213 0.30050034788483776 0.2472623857227549 0.9846859898067929 0 0 0 0.38 11 59 26 73 109 41 142 213 
214 0.5186682515249167 0.24073191919314973 0.8985077591934224 0 0 0 0.39 11 60 26 74 33 41 44 41 96 53 142 214 
215 0.5761454173359369 0.2687752577710275 0.8707466707037645 0 0 0 0.35 11 61 17 48 19 53 33 42 40 59 42 47 43 14 54 28 60 24 63 42 71 57 73 34 77 71 85 73 91 18 109 42 110 16 142 215 
216 0.3892657989451532 0.11591226798187353 0.9965176992978548 0 0 0 0.14 11 62 15 39 38 55 142 216 
217 0.2847582777489149 0.1796108476157594 1.0158430633745825 0 0 0 0.31 26 75 63 43 142 217 
218 0.5463864415965384 0.13815820715962224 0.93572854632413 0 0 0 0.57 15 40 25 48 26 76 50 32 53 35 54 29 63 44 77 72 142 218 
219 0.5156798181780503 0.1369808671519974 0.9452719412034706 0 0 0 0.42 11 63 50 33 53 36 61 22 63 45 96 54 142 219 
220 0.525299658985494 0.1335871206767911 0.9423136776438541 0 0 0 0.82 11 64 50 34 61 23 71 58 96 55 142 220 
221 0.520272727854174 0.26358500131484774 0.8897395030289156 0 0 0 0.26 11 65 38 56 53 37 96 56 142 221 
222 0.5147255437579054 0.16077029296746517 0.932154471406546 0 0 0 0.71 11 66 26 77 29 40 38 57 52 69 54 30 63 46 65 19 71 59 97 19 142 222 
223 0.5147033646063337 0.1606387494575098 0.9329611347876552 0 0 0 0.57 11 67 25 49 26 78 29 41 53 38 63 47 71 60 97 20 142 223 
224 0.5388243803843271 0.15687343242819526 0.9266688655366551 0 0 0 0.19 11 68 42 48 53 39 142 224 
225 0.3754946649603393 0.2999677631669951 0.9241970266591362 0 0 0 0.48 11 69 16 19 19 54 43 15 65 20 97 21 142 225 
226 0.3852414575535377 0.1595246085961461 0.9790341012077598 0 0 0 0.27 15 41 40 60 77 73 85 74 109 43 142 226 
227 0.3985726569693308 0.17770960944137756 0.9663395146767484 0 0 0 0.35 15 42 27 44 42 49 77 74 113 28 142 227 
228 0.5381519410018238 0.15413496717205724 0.9303689514453538 0 0 0 0.23 15 43 19 55 33 43 42 50 91 19 92 21 142 228 
229 0.46684107940082925 0.21605992183727787 0.9284920677511633 0 0 0 0.22 15 44 63 48 91 20 142 229 
230 0.4809704298855291 0.12467423648058495 0.963036869778976 0 0 0 0.64 15 45 26 79 54 31 63 49 73 35 142 230 
231 0.5292816907531864 0.1262292383007758 0.9436870828367007 0 0 0 0.3 15 46 19 56 33 44 40 61 73 36 103 29 142 231 
232 0.40208827557978905 0.158270901453135 0.9733606242661097 0 0 0 0.37 15 47 38 58 42 51 52 70 142 232 
233 0.35574558171257065 0.23414692470173268 0.9612895991791613 0 0 0 0.39 15 48 25 50 27 45 77 75 142 233 
234 0.42146284259740296 0.31011918466088134 0.903098250760153 0 0 0 0.44 15 49 19 57 26 80 42 52 52 71 85 75 92 22 142 234 
235 0.5009334632639835 0.2095245554498194 0.9207487975568873 0 0 0 0.18 15 50 65 21 142 235 
236 0.42297697659650274 0.30472468389074864 0.9058657598511746 0 0 0 0.45 15 51 52 72 103 30 142 236 
237 0.5386646815893462 0.15684427050920696 0.9260866088426122 0 0 0 0.46 15 52 17 49 19 58 38 59 42 53 44 42 54 32 60 25 63 50 71 61 92 23 111 33 142 237 
238 0.5416490513911842 0.1794160904105437 0.921730145474225 0 0 0 0.46 15 53 52 73 109 44 142 238 
239 0.3752474459653073 0.273636542859075 0.9350423399731123 0 0 0 0.25 15 54 25 51 38 60 142 239 
240 0.4884861498479768 0.2740401665609581 0.8948312847205919 0 0 0 0.33 16 20 26 81 142 240 
241 0.4629280559529833 0.15747527183700885 0.9534552371286826 0 0 0 0.24 16 21 33 45 38 61 44 43 52 74 77 76 85 76 142 241 
242 0.2147915832298429 0.22641510209498725 1.0307616843833305 0 0 0 0.42 73 37 77 77 142 242 
243 0.5192732321163991 0.16353969296487597 0.9324321976646849 0 0 0 0.37 26 82 29 42 38 62 40 62 50 35 54 33 61 24 63 51 71 62 91 21 103 31 142 243 
244 0.5455185322854282 0.2812720612909471 0.8757958719475522 0 0 0 0.44 17 50 40 63 77 78 88 18 142 244 
245 0.18493255511578416 0.2528597107568656 1.0369666027068503 0 0 0 0.37 17 51 19 59 26 83 27 46 29 43 53 40 96 57 113 29 142 245 
246 0.5142129567079874 0.2042836904988438 0.9187416317974554 0 0 0 0.25 16 22 26 84 38 63 40 64 42 54 52 75 71 63 73 38 77 79 142 246 
247 0.5292123618246896 0.25394125293344966 0.8915426124838255 0 0 0 0.58 26 85 33 46 43 16 52 76 63 52 91 22 96 58 109 45 110 17 142 247 
248 0.4496454258987395 0.2800568602452216 0.9076028721678336 0 0 0 0.36 16 23 27 47 42 55 43 17 52 77 142 248 
249 0.5069092899259316 0.1676690067665934 0.9339034109152388 0 0 0 0.51 16 24 17 52 33 47 142 249 
250 0.419222594533494 0.14764606659907206 0.9725923779680444 0 0 0 0.17 17 53 19 60 26 86 27 48 40 65 42 56 44 44 63 53 77 80 85 77 111 34 142 250 
251 0.34126478619194744 0.18787138850216664 0.9825258063035014 0 0 0 0.3 17 54 19 61 27 49 42 57 77 81 85 78 103 32 109 46 142 251 
252 0.5130288222530834 0.12094031569813515 0.9528929124521217 0 0 0 0.31 17 55 25 52 26 87 88 19 142 252 
253 0.25161789033065346 0.3306328222175309 0.9738924974587274 0 0 0 0.53 17 56 27 50 43 18 52 78 71 64 93 15 142 253 
254 0.4267647744303921 0.3042286899174695 0.9060559193967961 0 0 0 0.33 17 57 19 62 26 88 33 48 142 254 
255 0.5415539768635613 0.1791882771158858 0.9212671747717772 0 0 0 0.54 17 58 52 79 53 41 93 16 103 33 109 47 142 255 
256 0.49601033373319675 0.28091988560519654 0.8900484588956566 0 0 0 0.56 17 59 25 53 142 256 
257 0.5309703182093743 0.13805716376061486 0.941355645530765 0 0 0 0.33 19 63 40 66 142 257 
258 0.5475327320818778 0.15782611936448349 0.9259545074492365 0 0 0 0.18 19 64 52 80 142 258 
259 0.4690179921494501 0.16533831471133642 0.947568749166393 0 0 0 0.26 19 65 40 67 42 58 52 81 60 26 85 79 93 17 113 30 142 259 
260 0.5441293133719618 0.16069386051892637 0.9234489639334902 0 0 0 0.17 19 66 33 49 40 68 142 260 
261 0.523286699923418 0.250309706576776 0.8938295477814785 0 0 0 0.31 19 67 33 50 85 80 142 261 
262 0.44234365814256543 0.1387813703913621 0.967320094100761 0 0 0 0.2 19 68 29 44 40 69 42 59 52 82 85 81 142 262 
263 0.3887496515948831 0.14945586838312083 0.9833547992690794 0 0 0 0.27 19 69 40 70 142 263 
264 0.41146309786375274 0.151508500164441 0.9724245019309125 0 0 0 0.34 19 70 42 60 142 264 
265 0.34890376493579994 0.15774700292442942 0.9933542618999427 0 0 0 0.31 19 71 25 54 40 71 71 65 142 265 
266 0.4373285896785559 0.15395828559562874 0.9642119024714744 0 0 0 0.35 19 72 26 89 27 51 44 45 142 266 
267 0.33680517028722345 0.18658078993332589 0.9873301569353882 0 0 0 0.32 19 73 33 51 40 72 110 18 142 267 
268 0.27080361731973074 0.19895001902997603 1.0149809894341726 0 0 0 0.37 19 74 40 73 42 61 77 82 85 82 96 59 97 22 113 31 142 268 
269 0.2287642981140207 0.20875598671544549 1.0334810092123194 0 0 0 0.38 19 75 29 45 96 60 110 19 113 32 142 269 
270 0.32193775967291194 0.1992962875256453 0.9908779615074123 0 0 0 0.11 19 76 52 83 142 270 
271 0.1438789040067511 0.22823138963386097 1.068102031836073 0 0 0 0.41 19 77 40 74 85 83 109 48 142 271 
272 0.5303430888054141 0.19283695367055353 0.9214572471518223 0 0 0 0.22 19 78 33 52 63 54 71 66 111 35 142 272 
273 0.5540080276724036 0.1943228344404851 0.9102021983401403 0 0 0 0.23 19 79 96 61 142 273 
274 0.5574931471662707 0.19618533684235834 0.9080569095247734 0 0 0 0.4 19 80 25 55 40 75 52 84 53 42 54 34 142 274 
275 0.1259860277655734 0.26863244268409564 1.0623158357443165 0 0 0 0.3 19 81 40 76 52 85 85 84 109 49 142 275 
276 0.5378152863622175 0.2431692364609521 0.891606042417604 0 0 0 0.23 19 82 33 53 142 276 
277 0.5254667594414982 0.2462355257416128 0.8975238422899249 0 0 0 0.16 19 83 33 54 40 77 52 86 63 55 85 85 109 50 142 277 
278 0.5127416461225442 0.248345943547855 0.9013632083181401 0 0 0 0.18 19 84 40 78 142 278 
279 0.5489260854010378 0.27431041416990626 0.8750337593604253 0 0 0 0.38 19 85 85 86 91 23 109 51 142 279 
280 0.40532292490702276 0.2998067596958342 0.9180379110468552 0 0 0 0.32 19 86 25 56 27 52 33 55 42 62 52 87 93 18 96 62 111 36 142 280 
281 0.5645935266456152 0.12355086816661666 0.9342433940223375 0 0 0 0.15 19 87 85 87 142 281 
282 0.3776492469585384 0.15582206377234864 0.9815219835932183 0 0 0 0.41 19 88 26 90 53 43 142 282 
283 0.1389339460806887 0.23681928697947932 1.0674593093531624 0 0 0 0.53 19 89 52 88 85 88 142 283 
284 0.46421474729596834 0.21668817477865618 0.9298423611428976 0 0 0 0.27 19 90 40 79 42 63 73 39 142 284 
285 0.13650192862722083 0.24204294025082276 0.934103146373983 0 0 0 0.36 19 91 42 64 142 285 
286 0.1385961648631739 0.24792395726755645 0.9337650052194072 0 0 0 0.2 19 92 77 83 142 286 
287 0.14619633732076118 0.29216555231105495 1.0391247454555788 0 0 0 0.34 19 93 73 40 142 287 
288 0.1251825811941244 0.2998827675303412 1.0491746979886651 0 0 0 0.31 19 94 40 80 52 89 85 89 142 288 
289 0.17200607527531575 0.3331915520434184 1.012544311398343 0 0 0 0.3 19 95 40 81 52 90 77 84 85 90 92 24 109 52 142 289 
290 0.42734590038532183 0.30671571839755835 0.9021953859589622 0 0 0 0.48 19 96 25 57 26 91 27 53 33 56 38 64 42 65 44 46 52 91 93 19 110 20 142 290 
291 0.11672262693394535 0.13343165991125153 0.9384495783438872 0 0 0 0.32 19 97 73 41 142 291 
292 0.41955767961492657 0.1446133029864691 0.9734145344609411 0 0 0 0.38 19 98 26 92 33 57 40 82 42 66 44 47 85 91 88 20 142 292 
293 0.215211529043321 0.16772929901680583 1.0554393521930818 0 0 0 0.18 19 99 77 85 142 293 
294 0.3037219159637155 0.1619877038713632 1.015800897509937 0 0 0 0.32 19 100 40 83 85 92 88 21 109 53 142 294 
295 0.30377256765175964 0.16191940330594434 1.0156862824042472 0 0 0 0.16 19 101 85 93 88 22 142 295 
296 0.3432666038607014 0.16720464082775596 0.9918316067540525 0 0 0 0.6 19 102 40 84 44 48 85 94 88 23 142 296 
297 0.46282148016827035 0.15760186156685027 0.9538480547656784 0 0 0 0.1 19 103 52 92 142 297 
298 0.4287157092132035 0.16100016556631247 0.9637721610845896 0 0 0 0.12 19 104 40 85 88 24 142 298 
299 0.18906666147505857 0.1972919932637226 1.0573845009626908 0 0 0 0.24 19 105 40 86 85 95 142 299 
300 0.1473050982932867 0.22020969255857267 1.0727331605732788 0 0 0 0.59 19 106 44 49 77 86 85 96 142 300 
301 0.11861272090554853 0.2448785642703857 1.07465492777824 0 0 0 0.58 19 107 40 87 109 54 142 301 
302 0.3001531842181003 0.23839392815781085 0.9873523801600647 0 0 0 0.18 19 108 40 88 63 56 85 97 88 25 109 55 142 302 
303 0.3419008717508874 0.23701690826835184 0.9661874288634594 0 0 0 0.31 19 109 40 89 63 57 142 303 
304 0.5433689711285061 0.23818148137699868 0.8920178625279447 0 0 0 0.26 19 110 26 93 33 58 142 304 
305 0.5754386977152123 0.2734650363164422 0.8688826170674124 0 0 0 0.51 19 111 54 35 63 58 88 26 142 305 
306 0.3660687579672035 0.30709602973768463 0.9259068064448099 0 0 0 0.3 19 112 27 54 52 93 142 306 
307 0.4071455616842131 0.1511207348241991 0.9744190673701821 0 0 0 0.39 19 113 27 55 40 90 42 67 52 94 53 44 65 22 85 98 88 27 93 20 96 63 109 56 111 37 142 307 
308 0.4838676545957026 0.1572749547329412 0.9450678535060435 0 0 0 0.29 19 114 40 91 52 95 142 308 
309 0.4979414957465501 0.16959525600699138 0.9379309651869598 0 0 0 0.22 19 115 26 94 73 42 85 99 91 24 109 57 142 309 
310 0.40273774367853443 0.18038318426623848 0.9656994690679486 0 0 0 0.2 19 116 43 19 52 96 142 310 
311 0.4481797020334675 0.17697423889192523 0.9506719310088975 0 0 0 0.42 19 117 40 92 52 97 85 100 142 311 
312 0.1389120200272698 0.22357295499783852 1.075104073490094 0 0 0 0.16 19 118 40 93 85 101 142 312 
313 0.1301283122511835 0.24433531661896463 1.0709482152351186 0 0 0 0.43 19 119 85 102 109 58 142 313 
314 0.12233349828755467 0.26490416148334056 1.065100786434553 0 0 0 0.35 19 120 40 94 52 98 85 103 109 59 142 314 
315 0.1256334786132893 0.23632284053059185 0.9088765574978956 0 0 0 0.69 19 121 40 95 142 315 
316 0.387150061293032 0.3039235302748635 0.9224464443557212 0 0 0 0.56 19 122 42 68 52 99 142 316 
317 0.11655890577104017 0.1543540257049939 0.9471997750410169 0 0 0 0.28 19 123 40 96 142 317 
318 0.12274561429900054 0.1870464866824711 0.9241713304108158 0 0 0 0.43 19 124 26 95 40 97 142 318 
319 0.49258011615479846 0.17470797547897404 0.9354110143035539 0 0 0 0.33 19 125 52 100 60 27 85 104 142 319 
320 0.14102480223748445 0.21599773957637777 1.078203259233683 0 0 0 0.27 19 126 26 96 40 98 52 101 85 105 88 28 142 320 
321 0.5495710968833272 0.2015879850607206 0.9084824953220897 0 0 0 0.24 19 127 29 46 71 67 109 60 111 38 142 321 
322 0.34450037461136057 0.16353325637069374 0.9942340486403392 0 0 0 0.43 19 128 44 50 60 28 88 29 142 322 
323 0.13539183456914453 0.2522393775138658 0.9271632744922818 0 0 0 0.32 19 129 26 97 40 99 142 323 
324 0.38159451306672465 0.14670613862578366 0.9811389320872029 0 0 0 0.27 19 130 63 59 142 324 
325 0.204801549868241 0.26991174525871914 1.0224488229388955 0 0 0 0.49 19 131 26 98 40 100 52 102 88 30 142 325 
326 0.2034353432907146 0.2706366920695147 1.0256580380617204 0 0 0 0.41 19 132 40 101 52 103 142 326 
327 0.26924623959572974 0.2755853858076283 0.9871768407513021 0 0 0 0.52 19 133 85 106 109 61 142 327 
328 0.26924623959572974 0.2755853858076283 0.9871768407513021 0 0 0 0.52 19 134 85 107 109 62 142 328 
329 0.5090079012342408 0.2786992574309008 0.8876649686588398 0 0 0 0.43 19 135 52 104 142 329 
330 0.23175521112560457 0.32149379562825076 0.9872234215780508 0 0 0 0.36 19 136 52 105 142 330 
331 0.23883003091506702 0.21091045530718025 1.0220426661971274 0 0 0 0.99 19 137 60 29 85 108 142 331 
332 0.14921677215823625 0.1928170297371835 1.081173074550778 0 0 0 0.31 25 58 42 69 43 20 50 36 60 30 73 43 103 34 111 39 142 332 
333 0.42203522369461755 0.28215194079091904 0.9166915005713697 0 0 0 0.34 25 59 38 65 43 21 142 333 
334 0.3997337489792601 0.29490340852707353 0.9179948348610543 0 0 0 0.35 25 60 27 56 52 106 142 334 
335 0.39982732711391406 0.301019787265145 0.9166343093093973 0 0 0 0.42 25 61 26 99 42 70 77 87 92 25 142 335 
336 0.11552301539114676 0.1229060277982264 0.9409550959375624 0 0 0 0.11 25 62 73 44 142 336 
337 0.461214290476758 0.21653411748594958 0.9326702476776602 0 0 0 0.14 25 63 40 102 142 337 
338 0.5369963587448269 0.21566936325625508 0.9082170766027212 0 0 0 0.33 25 64 52 107 142 338 
339 0.1644538316919236 0.2943297630128586 1.029921326264768 0 0 0 0.32 25 65 40 103 60 31 142 339 
340 0.5020939764737056 0.24514194711606715 0.9083510997462583 0 0 0 0.49 25 66 33 59 40 104 142 340 
341 0.5376567836407157 0.24948497877218564 0.8909848912853561 0 0 0 0.3 25 67 26 100 43 22 142 341 
342 0.5140865068566599 0.25620451459556776 0.8946935324012744 0 0 0 0.3 25 68 26 101 29 47 110 21 142 342 
343 0.28380130041973317 0.3236112236017454 0.962035567951875 0 0 0 0.16 25 69 26 102 142 343 
344 0.3343658415365145 0.31502915429004186 0.9400156411919443 0 0 0 0.15 25 70 52 108 142 344 
345 0.5767236820658419 0.2780154695469389 0.8654058674483119 0 0 0 0.46 33 60 40 105 42 71 54 36 63 60 88 31 91 25 109 63 110 22 142 345 
346 0.35468958502306863 0.3181355396276249 0.9236218628241363 0 0 0 0.35 25 71 26 103 42 72 44 51 77 88 93 21 110 23 142 346 
347 0.07135046947989725 0.14549898960027638 0.7633854748246448 0 0 0 0.26 25 72 26 104 142 347 
348 0.18332912713624147 0.2802054573814834 1.0272212961686467 0 0 0 0.33 25 73 26 105 27 57 40 106 50 37 71 68 73 45 77 89 142 348 
349 0.37344534025260145 0.26721388735651813 0.9387617566049121 0 0 0 0.23 25 74 26 106 63 61 71 69 142 349 
350 0.26690995844369536 0.31900520948392536 0.9680666938665766 0 0 0 0.32 25 75 26 107 42 73 52 109 53 45 71 70 85 109 97 23 110 24 113 33 142 350 
351 0.5146918010571304 0.28479443223314677 0.8846583816326407 0 0 0 0.62 25 76 26 108 110 25 142 351 
352 0.0717814217096777 0.1420613846306499 0.7663762119805482 0 0 0 0.17 25 77 26 109 73 46 142 352 
353 0.41314246483276523 0.2943660558733677 0.9154976407218623 0 0 0 0.48 25 78 33 61 52 110 142 353 
354 0.07077034882627964 0.0666005971993079 0.8212845303593154 0 0 0 0.34 25 79 26 110 73 47 111 40 142 354 
355 0.07077034882627964 0.0666005971993079 0.8212845303593154 0 0 0 0.34 25 80 26 111 73 48 111 41 142 355 
356 0.4773189660771412 0.17582739443163145 0.9401459212359943 0 0 0 0.41 25 81 85 110 142 356 
357 0.48379819533812213 0.13122741512185218 0.956990462447678 0 0 0 0.43 25 82 26 112 88 32 142 357 
358 0.07608475800642513 0.0877295305394422 0.8135214327441032 0 0 0 0.37 26 113 63 62 142 358 
359 0.5502654102701411 0.13947250748576062 0.9277409236430887 0 0 0 0.17 26 114 54 37 142 359 
360 0.5114625900263355 0.14675686576235017 0.9423290026631026 0 0 0 0.26 26 115 54 38 142 360 
361 0.5032198914146873 0.15742547960618256 0.9415522337469938 0 0 0 0.67 26 116 93 22 96 64 142 361 
362 0.5479324789189899 0.19189186052814414 0.9123468507527281 0 0 0 0.32 26 117 38 66 43 23 44 52 61 25 73 49 91 26 103 35 142 362 
363 0.144676512020143 0.2315031775422697 1.0667813004603197 0 0 0 0.3 26 118 85 111 109 64 142 363 
364 0.17821729143815412 0.22865965272432853 1.0528708191192628 0 0 0 0.21 26 119 71 71 142 364 
365 0.4985343953008957 0.207203420736197 0.9228234780103177 0 0 0 0.44 26 120 33 62 40 107 43 24 52 111 91 27 109 65 142 365 
366 0.38973381958012326 0.2234728243130777 0.9522222916890284 0 0 0 0.41 26 121 42 74 142 366 
367 0.3153535609466702 0.23447744090730255 0.9795720090165919 0 0 0 0.26 26 122 40 108 63 63 142 367 
368 0.13906789008232204 0.22845116025565737 0.9493081768029918 0 0 0 0.3 26 123 77 90 142 368 
369 0.3695915460618785 0.23175233915583587 0.957173083743248 0 0 0 0.13 26 124 44 53 77 91 142 369 
370 0.11139326430997844 0.21990234329765085 0.8592207640001253 0 0 0 0.18 26 125 73 50 142 370 
371 0.543566542400175 0.2442968848636525 0.8874097256757054 0 0 0 0.35 40 109 42 75 52 112 142 371 
372 0.14796640401771471 0.3019410614450643 1.0357714395444289 0 0 0 0.48 26 126 40 110 73 51 92 26 142 372 
373 0.41489482275954803 0.2877626859949907 0.9175135219319694 0 0 0 0.25 26 127 52 113 142 373 
374 0.09018640790136417 0.22882955103427605 0.7343375602225478 0 0 0 0.13 26 128 63 64 142 374 
375 0.545731999035277 0.27643917328586914 0.8755478918785312 0 0 0 0.22 26 129 85 112 142 375 
376 0.4385320219435735 0.29587076859291045 0.9067425410221954 0 0 0 0.23 26 130 27 58 142 376 
377 0.35441578959070114 0.3083823974932301 0.9270276809959959 0 0 0 0.34 26 131 52 114 77 92 85 113 103 36 113 34 142 377 
378 0.25197850705644925 0.3360123583391306 0.967722706957425 0 0 0 0.4 26 132 33 63 42 76 142 378 
379 0.3577040694261817 0.32267228487109934 0.9215791802685445 0 0 0 0.13 26 133 52 115 142 379 
380 0.3552415475309939 0.32647594957139614 0.9212163167904561 0 0 0 0.38 26 134 93 23 110 26 142 380 
381 0.16647807223734373 0.3613718753419742 1.0024957993938175 0 0 0 0.64 26 135 109 66 142 381 
382 0.07780916352591956 0.08572310761730643 0.8163815556509685 0 0 0 0.24 26 136 63 65 142 382 
383 0.29350305246265346 0.1595484638815902 1.0229648682498493 0 0 0 0.58 26 137 33 64 103 37 142 383 
384 0.09483341845907096 0.13885260866772417 0.8550104434273398 0 0 0 0.49 26 138 63 66 142 384 
385 0.1004942176602801 0.17922499810103687 0.8492593058616701 0 0 0 0.15 26 139 73 52 142 385 
386 0.18087392474046135 0.24014825035390575 1.0450905501237953 0 0 0 0.31 26 140 40 111 71 72 73 53 85 114 103 38 113 35 142 386 
387 0.46482341415733974 0.2113984488007492 0.9308915885414285 0 0 0 0.27 26 141 52 116 63 67 85 115 109 67 142 387 
388 0.4503576657311359 0.21902388811080503 0.9365361759885046 0 0 0 0.2 26 142 40 112 88 33 142 388 
389 0.512437523136261 0.21955137880999345 0.9135035255558059 0 0 0 0.26 26 143 33 65 40 113 142 389 
390 0.07269278700858087 0.1799226730801279 0.748391871129258 0 0 0 0.33 26 144 63 68 142 390 
391 0.17949131418737568 0.27924147804544586 1.031257779057055 0 0 0 0.17 26 145 88 34 142 391 
392 0.18324664788958256 0.28034435233832705 1.0272654540275035 0 0 0 0.29 26 146 27 59 40 114 73 54 142 392 
393 0.5265565490992726 0.25081288745689334 0.8927491519846054 0 0 0 0.18 26 147 40 115 54 39 142 393 
394 0.09915372011290086 0.2297021407467269 0.8140799538568558 0 0 0 0.06 26 148 63 69 142 394 
395 0.3263885468326845 0.27706463290020483 0.9567528510851938 0 0 0 0.41 26 149 63 70 77 93 93 24 142 395 
396 0.4071750819032392 0.1511147878033699 0.9743653269584875 0 0 0 0.24 26 150 27 60 40 116 42 77 142 396 
397 0.47096911891736276 0.2153745905975614 0.9278836302422203 0 0 0 0.25 26 151 40 117 42 78 52 117 142 397 
398 0.4122950113265905 0.22430546169872978 0.9466878166806355 0 0 0 0.19 26 152 85 116 109 68 142 398 
399 0.2810269956260385 0.2444180767728915 0.9945659208442261 0 0 0 0.46 26 153 29 48 38 67 71 73 85 117 92 27 113 36 142 399 
400 0.2867989359107347 0.2498322562048558 0.9885885813923427 0 0 0 0.36 26 154 63 71 77 94 109 69 113 37 142 400 
401 0.5353376926344746 0.2526497256034906 0.8908102996548456 0 0 0 0.55 26 155 38 68 52 118 54 40 63 72 71 74 91 28 142 401 
402 0.17818645591194657 0.3554339777438547 1.0004385413423234 0 0 0 0.25 26 156 44 54 113 38 142 402 
403 0.5092019215095474 0.13825851454051186 0.9461186936204415 0 0 0 0.33 26 157 42 79 54 41 63 73 73 55 77 95 142 403 
404 0.3101657508949299 0.16607024214274765 1.0093655551543976 0 0 0 0.28 26 158 42 80 52 119 63 74 142 404 
405 0.17227246083230707 0.23676011371326564 1.0528138131841813 0 0 0 0.25 26 159 27 61 40 118 73 56 85 118 142 405 
406 0.17228780005894834 0.2366518733637069 1.052675923734018 0 0 0 0.27 26 160 27 62 40 119 44 55 73 57 85 119 142 406 
407 0.16717889213729825 0.28376539589220745 1.036623724012651 0 0 0 0.12 26 161 40 120 71 75 142 407 
408 0.16740196663160725 0.2832667072178936 1.0356982374469879 0 0 0 0.22 26 162 29 49 88 35 142 408 
409 0.32754059932762913 0.18127631934141408 0.9900770146272965 0 0 0 0.5 26 163 63 75 71 76 85 120 113 39 142 409 
410 0.10357344428492028 0.17879904488647247 0.865838180288821 0 0 0 0.21 26 164 73 58 142 410 
411 0.5173827994205866 0.24900971104506214 0.8913352690252678 0 0 0 0.32 26 165 40 121 142 411 
412 0.07795529432369802 0.07455915304917808 0.8220616899428811 0 0 0 0.67 26 166 63 76 111 42 142 412 
413 0.29188815152447584 0.17883083939508038 1.0149435398652198 0 0 0 0.37 26 167 29 50 142 413 
414 0.20018925668796791 0.22028913258582963 1.0408125654903524 0 0 0 0.66 26 168 27 63 60 32 88 36 109 70 142 414 
415 0.17610893955770096 0.27519129122567676 1.03517739491942 0 0 0 0.3 26 169 29 51 71 77 92 28 110 27 113 40 142 415 
416 0.17874264409103094 0.3230795110131599 1.0142325549678723 0 0 0 0.39 26 170 43 25 109 71 142 416 
417 0.30332615777419497 0.1737108979568001 1.010853757560862 0 0 0 0.42 26 171 33 66 113 41 142 417 
418 0.07862039773335577 0.12750531579616972 0.7877286109564265 0 0 0 0.3 26 172 63 77 142 418 
419 0.19468280667773727 0.33091250149442497 1.0007391794198395 0 0 0 0.37 26 173 85 121 142 419 
420 0.1537053272267329 0.20565800273862295 1.0743356176366612 0 0 0 0.56 26 174 42 81 85 122 142 420 
421 0.362996672619812 0.2924508757624005 0.9338146300984537 0 0 0 0.66 26 175 52 120 142 421 
422 0.11523083420587037 0.1344149852055451 0.9387448171273505 0 0 0 0.32 26 176 88 37 142 422 
423 0.34930135983904853 0.15254552505015487 0.9960864833078288 0 0 0 0.63 26 177 33 67 53 46 71 78 88 38 96 65 142 423 
424 0.3266277085340022 0.14718030683649988 1.0084286297878107 0 0 0 0.36 26 178 53 47 142 424 
425 0.41948940258732376 0.17207461611712 0.9619057245602219 0 0 0 0.28 27 64 38 69 52 121 54 42 85 123 113 42 142 425 
426 0.5155151261623518 0.1578761078717925 0.9371254924214139 0 0 0 0.2 29 52 42 82 54 43 63 78 142 426 
427 0.5579500304082967 0.15285901900405838 0.9252603802285289 0 0 0 0.26 52 122 85 124 91 29 103 39 142 427 
428 0.3537334155525153 0.28741641579408067 0.93632900372055 0 0 0 0.36 27 65 29 53 142 428 
429 0.4264064987119346 0.29421385948370343 0.9102525021735468 0 0 0 0.14 27 66 52 123 142 429 
430 0.5801509420025601 0.27081944696491983 0.8684168017071666 0 0 0 0.37 54 44 71 79 77 96 110 28 142 430 
431 0.15286891283660317 0.19197931085782288 1.0816525676083655 0 0 0 0.12 43 26 111 43 142 431 
432 0.4048101875852234 0.14753181954843728 0.9769066683439274 0 0 0 0.21 27 67 40 122 42 83 53 48 77 97 85 125 142 432 
433 0.19753256693738322 0.2189039284016921 1.0453391808028298 0 0 0 0.41 27 68 33 68 60 33 71 80 73 59 85 126 92 29 96 66 142 433 
434 0.5237496738947888 0.1851371139052585 0.9265205523047632 0 0 0 0.12 40 123 73 60 142 434 
435 0.138147870953314 0.2602936749618462 0.9235907518177336 0 0 0 0.14 73 61 77 98 142 435 
436 0.43033769716864395 0.14729547733715032 0.9699000718890632 0 0 0 0.68 27 69 61 26 142 436 
437 0.11133918401502874 0.1814459074580595 0.8793202429633703 0 0 0 0.33 42 84 73 62 142 437 
438 0.33536072050742144 0.2319251661560914 0.9729200760353962 0 0 0 0.25 27 70 33 69 40 124 71 81 77 99 85 127 142 438 
439 0.37521948098725144 0.28944810942979765 0.9298509942690578 0 0 0 0.11 27 71 52 124 142 439 
440 0.520263311572795 0.26345759445511724 0.8894162325151796 0 0 0 0.15 38 70 53 49 142 440 
441 0.36215808348810324 0.16426127724629438 0.9854178417174795 0 0 0 0.51 29 54 63 79 77 100 92 30 96 67 111 44 113 43 142 441 
442 0.4591626472831414 0.16829470243765135 0.9486850610553713 0 0 0 0.14 29 55 42 85 53 50 103 40 142 442 
443 0.45913155013687085 0.16813365846549988 0.9484329717656887 0 0 0 0.14 29 56 60 34 142 443 
444 0.5500757182069064 0.1519992549379687 0.926506133375361 0 0 0 0.35 29 57 42 86 43 27 52 125 142 444 
445 0.5664101903267834 0.14932343275167143 0.9228822545363509 0 0 0 0.3 29 58 43 28 52 126 63 80 142 445 
446 0.5624312278733385 0.15191464765673582 0.9231987268077315 0 0 0 0.33 29 59 38 71 42 87 63 81 77 101 91 30 96 68 103 41 142 446 
447 0.5332781833923864 0.2482182715727874 0.8944255667072796 0 0 0 0.19 29 60 38 72 42 88 54 45 142 447 
448 0.20942813447354952 0.21619105866637128 1.0422236690633415 0 0 0 0.4 29 61 85 128 142 448 
449 0.527399381894122 0.1532844354669225 0.9341075903289994 0 0 0 0.08 29 62 96 69 142 449 
450 0.5444961921729216 0.1525583660353158 0.9293614645717606 0 0 0 0.14 29 63 60 35 71 82 142 450 
451 0.32594627851384306 0.23129960264646876 0.9795085464315271 0 0 0 0.2 29 64 52 127 142 451 
452 0.5565978657917625 0.15850903564591934 0.9212718993300439 0 0 0 0.35 29 65 63 82 71 83 73 63 142 452 
453 0.2553640113014947 0.2581794216792501 1.0014179316111063 0 0 0 0.25 29 66 52 128 142 453 
454 0.4044947119799588 0.18860653684399126 0.9628613133077277 0 0 0 0.55 29 67 52 129 60 36 142 454 
455 0.4026935594812867 0.2867115160380775 0.9224525315859458 0 0 0 0.15 33 70 53 51 142 455 
456 0.2203916289944567 0.2227502828767569 1.032767221065217 0 0 0 0.15 33 71 44 56 52 130 85 129 142 456 
457 0.2203916289944567 0.2227502828767569 1.032767221065217 0 0 0 0.15 33 72 44 57 52 131 85 130 142 457 
458 0.501753029294224 0.14623040619817707 0.9452604031494743 0 0 0 0.09 33 73 63 83 142 458 
459 0.2239076321227024 0.21279276118075624 1.0339313500011131 0 0 0 0.21 33 74 42 89 85 131 96 70 110 29 113 44 142 459 
460 0.5598806409841316 0.19029663550902626 0.9107812348542949 0 0 0 0.22 33 75 40 125 142 460 
461 0.46987762176987163 0.2564170064850927 0.9062466767717559 0 0 0 0.24 33 76 40 126 52 132 142 461 
462 0.5603898914443386 0.27709049814405184 0.8702610726839607 0 0 0 0.34 33 77 42 90 54 46 63 84 71 84 85 132 88 39 91 31 109 72 142 462 
463 0.531402767049632 0.21734730689178527 0.9103774252982202 0 0 0 0.14 33 78 63 85 77 102 85 133 142 463 
464 0.5224252762044327 0.24115492911715192 0.8985089035505233 0 0 0 0.41 33 79 40 127 42 91 142 464 
465 0.3272161657522028 0.28258545098626814 0.9527263596691142 0 0 0 0.43 33 80 52 133 63 86 77 103 93 25 142 465 
466 0.3582794068653578 0.27814348021149404 0.9414590721253046 0 0 0 0.19 33 81 52 134 142 466 
467 0.4064959586026418 0.3043223158148103 0.9145882200818128 0 0 0 0.83 33 82 42 92 52 135 109 73 142 467 
468 0.4433945625335138 0.30152586920900476 0.8962281453636498 0 0 0 0.39 33 83 52 136 85 134 142 468 
469 0.34899379208321396 0.2792581329283036 0.9399867604168434 0 0 0 0.09 33 84 44 58 142 469 
470 0.2052268233300661 0.31759848244375605 1.0006007815427729 0 0 0 0.24 33 85 52 137 73 64 142 470 
471 0.3857016284678087 0.2784407107538965 0.9321532329902582 0 0 0 0.3 33 86 52 138 93 26 142 471 
472 0.5309789017201613 0.15969187017107886 0.9267563318159142 0 0 0 0.79 38 73 63 87 96 71 142 472 
473 0.5007551182342155 0.2585187077222949 0.8973894062957115 0 0 0 0.19 38 74 63 88 142 473 
474 0.5708828492697416 0.26883673759445986 0.8714626466770784 0 0 0 0.34 53 52 110 30 142 474 
475 0.3395727461293255 0.16584541886183385 0.9931711437352067 0 0 0 0.66 38 75 40 128 44 59 85 135 142 475 
476 0.18334780275670548 0.28242002982318626 1.0231558610608038 0 0 0 0.2 43 29 73 65 142 476 
477 0.523301316973353 0.1644081389036504 0.9305360984506391 0 0 0 0.5 38 76 63 89 142 477 
478 0.5228867873679914 0.17963341926476858 0.9282655775414798 0 0 0 0.35 38 77 54 47 63 90 85 136 142 478 
479 0.19611818531567626 0.27222564810653876 1.0250958812886783 0 0 0 0.37 44 60 73 66 77 104 85 137 109 74 142 479 
480 0.5627547060774943 0.2529074574996244 0.8825414065289675 0 0 0 0.47 38 78 52 139 54 48 142 480 
481 0.43908829777477154 0.2978977085148711 0.9010255941807096 0 0 0 0.55 38 79 52 140 142 481 
482 0.4952599293805952 0.2680580531293019 0.8953848963294835 0 0 0 0.64 38 80 52 141 109 75 142 482 
483 0.3611923705134365 0.2342708686693724 0.9587281370348232 0 0 0 0.28 38 81 65 23 142 483 
484 0.37558395206452794 0.17005490030254655 0.9780751930100297 0 0 0 0.15 40 129 42 93 96 72 142 484 
485 0.33698552599913 0.1819698555691701 0.987969553275144 0 0 0 0.16 40 130 85 138 142 485 
486 0.49070717955752124 0.1760373964989306 0.9371281790804614 0 0 0 0.33 40 131 91 32 142 486 
487 0.5540319460252188 0.17331604536088577 0.9205703533091617 0 0 0 0.08 40 132 52 142 142 487 
488 0.3501575704033535 0.19261238188488336 0.9771255357050157 0 0 0 0.21 40 133 71 85 142 488 
489 0.2823394962988882 0.20329503560372947 1.0088228947536246 0 0 0 0.11 40 134 60 37 85 139 142 489 
490 0.12665877189549338 0.24983515493321098 1.0700480157326597 0 0 0 0.44 40 135 42 94 52 143 85 140 142 490 
491 0.45403349496731327 0.21697062496602446 0.9335173805432392 0 0 0 0.31 40 136 42 95 142 491 
492 0.5232525647453534 0.24605749844123204 0.8940877124133713 0 0 0 0.28 40 137 42 96 142 492 
493 0.5232525647453534 0.24605749844123204 0.8940877124133713 0 0 0 0.28 40 138 42 97 142 493 
494 0.44038494988096016 0.14050311256131467 0.9672153159409348 0 0 0 0.23 40 139 42 98 52 144 142 494 
495 0.18961721806610854 0.20238216392235076 1.0648589717902956 0 0 0 0.51 40 140 85 141 142 495 
496 0.5775398741976132 0.18662225936683682 0.9068096655142597 0 0 0 0.15 40 141 91 33 109 76 142 496 
497 0.5054736240915612 0.2017785238621781 0.9222390244135693 0 0 0 0.15 96 73 111 45 142 497 
498 0.5365930950835116 0.203407848187051 0.911878888576037 0 0 0 0.4 40 142 42 99 52 145 54 49 85 142 142 498 
499 0.1164734785983697 0.27397552593741625 1.0640545566403579 0 0 0 0.37 40 143 109 77 142 499 
500 0.5179124242242221 0.24533839836443233 0.8939506020334825 0 0 0 0.34 40 144 42 100 52 146 63 91 142 500 
501 0.539111098344859 0.2521730946169125 0.887950305034878 0 0 0 0.39 40 145 63 92 142 501 
502 0.5390938565689178 0.25224666278326807 0.8884781952795955 0 0 0 0.36 40 146 42 101 63 93 71 86 142 502 
503 0.2992481644270779 0.290919525140802 0.9638191370141076 0 0 0 0.19 40 147 42 102 103 42 142 503 
504 0.133770203640113 0.33834861360897517 1.0266878978362635 0 0 0 0.21 40 148 52 147 142 504 
505 0.4682683345070352 0.14797996193232268 0.95602237829332 0 0 0 0.16 40 149 42 103 63 94 77 105 97 24 142 505 
506 0.343123480185629 0.1674987340662488 0.9930959254802629 0 0 0 0.48 40 150 44 61 142 506 
507 0.1467253251310724 0.20645469116676357 1.076223311557541 0 0 0 0.32 40 151 42 104 85 143 109 78 142 507 
508 0.10161561289273253 0.22048706803154866 1.0902645828015385 0 0 0 0.45 40 152 52 148 85 144 142 508 
509 0.15355003907201595 0.22868801598214455 1.0629117162964374 0 0 0 0.48 40 153 92 31 142 509 
510 0.1309090877323558 0.21216174926852846 0.9375392797210301 0 0 0 0.28 40 154 77 106 142 510 
511 0.1466020037954783 0.23470031332329355 1.066890724926388 0 0 0 0.23 40 155 85 145 142 511 
512 0.3887566033279281 0.2201964497276081 0.95612695840846 0 0 0 0.08 40 156 52 149 85 146 142 512 
513 0.1999528497362353 0.2699401220036922 1.0257356643074573 0 0 0 0.19 40 157 52 150 85 147 142 513 
514 0.5259892883712867 0.24188825400615163 0.9017736876268714 0 0 0 0.27 40 158 42 105 52 151 63 95 142 514 
515 0.4931124485466428 0.24687939717545268 0.901518411096926 0 0 0 0.32 40 159 42 106 52 152 142 515 
516 0.125664518726768 0.31641588615009375 1.0440341776071487 0 0 0 0.26 40 160 85 148 109 79 142 516 
517 0.14350846298520595 0.29576422231373223 0.9217405313049422 0 0 0 0.18 40 161 77 107 142 517 
518 0.5692098499637942 0.2743933364069124 0.8674155137446293 0 0 0 0.37 40 162 52 153 63 96 91 34 142 518 
519 0.518821147383855 0.1261682595300597 0.9465504733346147 0 0 0 0.15 40 163 73 67 142 519 
520 0.32718215700940706 0.17608980981959954 0.9990347497623888 0 0 0 0.39 40 164 63 97 142 520 
521 0.5538717000716726 0.1701586983411124 0.9232752942826542 0 0 0 0.18 40 165 91 35 142 521 
522 0.10823940112775696 0.22348992108583857 1.0895077463810086 0 0 0 0.2 40 166 85 149 109 80 142 522 
523 0.10915893266453926 0.22897280326044264 1.0961401044201942 0 0 0 0.19 40 167 85 150 109 81 142 523 
524 0.11033556461658738 0.253710848206812 1.079695907589125 0 0 0 0.55 40 168 52 154 85 151 109 82 142 524 
525 0.16740200126595547 0.2479716875584601 1.0479141472580258 0 0 0 0.29 40 169 42 107 52 155 85 152 142 525 
526 0.10320433090108917 0.2793227251468574 1.0709626560950933 0 0 0 0.24 40 170 85 153 142 526 
527 0.10249922421458543 0.2797237333741772 1.0723026546042314 0 0 0 0.24 40 171 52 156 85 154 142 527 
528 0.5321010345415059 0.22933183432334936 0.9030668117853343 0 0 0 0.09 40 172 52 157 142 528 
529 0.11329139276647827 0.3108583630990339 1.0535387451161138 0 0 0 0.67 40 173 109 83 142 529 
530 0.10614276959495487 0.3214049853090796 1.052522331634235 0 0 0 0.17 40 174 52 158 142 530 
531 0.17763122650686713 0.3324421007685047 1.0103823308324051 0 0 0 0.23 40 175 52 159 85 155 142 531 
532 0.15299570245323316 0.19538054893214116 1.0804351970289667 0 0 0 0.42 40 176 42 108 43 30 109 84 142 532 
533 0.15271043558221375 0.1954662989666083 1.0809471093569725 0 0 0 0.48 40 177 42 109 109 85 142 533 
534 0.12860997139569016 0.2571088560414538 1.0654844091342348 0 0 0 0.2 40 178 52 160 142 534 
535 0.29985106762775876 0.28405765091044805 0.9674477706727566 0 0 0 0.4 40 179 44 62 60 38 88 40 142 535 
536 0.5800619049391224 0.2629862691125371 0.8720254732861524 0 0 0 0.34 40 180 43 31 142 536 
537 0.1928277549952422 0.19341711234429837 1.064500547676058 0 0 0 0.75 40 181 92 32 142 537 
538 0.14488343225069636 0.19946985825245478 1.078931579581145 0 0 0 0.5 40 182 42 110 88 41 142 538 
539 0.10297324653651628 0.21726458381959807 1.095345049760112 0 0 0 0.39 40 183 42 111 109 86 142 539 
540 0.15999457840372552 0.2383008501896071 1.061811998769748 0 0 0 0.45 40 184 52 161 142 540 
541 0.15999457840372552 0.2383008501896071 1.061811998769748 0 0 0 0.45 40 185 52 162 142 541 
542 0.1146231379590358 0.3184876096135664 1.0519150853913166 0 0 0 0.28 40 186 52 163 85 156 142 542 
543 0.11832147110031756 0.32820576951741853 1.0415508468244936 0 0 0 0.13 40 187 52 164 85 157 142 543 
544 0.11826186405433733 0.32823560987548345 1.0415214504130927 0 0 0 0.06 40 188 52 165 142 544 
545 0.1181405214990314 0.347653804176295 1.0345847432414448 0 0 0 0.28 40 189 85 158 109 87 142 545 
546 0.22086954253228913 0.16630981103403564 1.0542934319818296 0 0 0 0.46 40 190 44 63 142 546 
547 0.2060485005241094 0.28276236674681093 1.0174598149361405 0 0 0 0.44 40 191 52 166 109 88 142 547 
548 0.20561120463526722 0.28305132307364916 1.0182111259409887 0 0 0 0.45 40 192 52 167 142 548 
549 0.12740609247273177 0.3175123444302665 1.0433759381723156 0 0 0 0.65 40 193 52 168 85 159 142 549 
550 0.4840223440603702 0.16448721139826467 0.9439763705473142 0 0 0 0.4 42 112 52 169 142 550 
551 0.12966704269121085 0.19975292427716237 0.9397594965491906 0 0 0 0.34 42 113 77 108 142 551 
552 0.5026053892056858 0.20496159378548245 0.9218581577526486 0 0 0 0.16 42 114 52 170 142 552 
553 0.48649819972628006 0.21135410323885104 0.9241609349650712 0 0 0 0.16 42 115 77 109 142 553 
554 0.534159762279186 0.2162763120495582 0.9086115615892425 0 0 0 0.31 42 116 52 171 142 554 
555 0.4156308253142659 0.3010976616878892 0.9109171104224615 0 0 0 0.26 42 117 52 172 142 555 
556 0.44616859022524213 0.1322028182176856 0.9642040064022674 0 0 0 0.37 42 118 52 173 85 160 109 89 142 556 
557 0.48670213959755065 0.1661200808583866 0.9408232938445804 0 0 0 0.1 42 119 63 98 142 557 
558 0.5605520533804238 0.18807750662066447 0.9116969998401571 0 0 0 0.24 42 120 71 87 142 558 
559 0.3867765049122982 0.26662317905181593 0.9348793274992201 0 0 0 0.33 42 121 85 161 142 559 
560 0.45922072696689253 0.2676496686101445 0.9102131331541484 0 0 0 0.23 42 122 52 174 142 560 
561 0.13543300801258612 0.23968374274218124 0.9289990728458121 0 0 0 0.26 42 123 73 68 77 110 142 561 
562 0.5477299517680405 0.24276961958558244 0.889133882020242 0 0 0 0.54 42 124 85 162 142 562 
563 0.44518437488145135 0.25285455523353983 0.9169226204546469 0 0 0 0.38 42 125 52 175 142 563 
564 0.5253746018165995 0.25524838925050375 0.8933011567588622 0 0 0 0.32 42 126 73 69 142 564 
565 0.5635690473960133 0.2723258803967979 0.8732498409017728 0 0 0 0.37 42 127 52 176 142 565 
566 0.5604105867920662 0.2772139116936815 0.8702016396923357 0 0 0 0.24 42 128 52 177 111 46 142 566 
567 0.38143235025947575 0.29925812817498676 0.9220233560102188 0 0 0 0.4 42 129 52 178 142 567 
568 0.5005464933590041 0.28673575750179164 0.8845071458070805 0 0 0 0.15 42 130 52 179 109 90 142 568 
569 0.11541943176312724 0.2791868421264572 1.0627614792546476 0 0 0 0.77 42 131 52 180 109 91 142 569 
570 0.13989655683113317 0.2351821990445468 0.9397194738339761 0 0 0 0.12 42 132 77 111 142 570 
571 0.5245861252518802 0.15677192380646077 0.931090086696555 0 0 0 0.58 42 133 53 53 142 571 
572 0.09031213445267074 0.22456489456540407 1.0989207442701636 0 0 0 0.63 42 134 85 163 142 572 
573 0.4091049260947408 0.28374814962392314 0.9225948441571828 0 0 0 0.31 42 135 52 181 142 573 
574 0.4094486865208504 0.2834210148720226 0.9216558983996506 0 0 0 0.41 42 136 52 182 85 164 142 574 
575 0.421201460586863 0.2830257451758423 0.9171560769275835 0 0 0 0.23 42 137 52 183 142 575 
576 0.4577859685932314 0.2751877000884395 0.9084674683506023 0 0 0 0.83 42 138 52 184 142 576 
577 0.43338920253608676 0.2788575248883048 0.9149554303596429 0 0 0 0.41 42 139 52 185 142 577 
578 0.5653737361129675 0.14716690803241034 0.924645741365881 0 0 0 0.36 43 32 85 165 142 578 
579 0.5610824196236683 0.2804109742680616 0.8688552460545125 0 0 0 0.13 43 33 52 186 63 99 142 579 
580 0.5610624608215615 0.28034958806158833 0.8687942604079205 0 0 0 0.16 43 34 63 100 142 580 
581 0.5560952075492501 0.25817095677553514 0.8809628418679192 0 0 0 0.26 43 35 52 187 96 74 142 581 
582 0.37541171106345556 0.2998601477072448 0.9241371287362466 0 0 0 0.33 43 36 65 24 142 582 
583 0.5263091104331938 0.15891645253021697 0.9305806660709901 0 0 0 0.16 44 64 63 101 85 166 142 583 
584 0.4344952570761185 0.12843119050264218 0.9765390741585067 0 0 0 0.89 52 188 54 50 85 167 142 584 
585 0.4598549447192846 0.14421264235050946 0.9593966128940034 0 0 0 0.19 52 189 85 168 142 585 
586 0.20999744538528756 0.21614525397514273 1.040817209835329 0 0 0 0.27 52 190 60 39 85 169 142 586 
587 0.38973541249050475 0.22806092489122226 0.9521892503829016 0 0 0 0.3 52 191 85 170 142 587 
588 0.5422454898946727 0.15050744021783524 0.9297242790237423 0 0 0 0.42 52 192 60 40 142 588 
589 0.3555813988148816 0.17051917838226985 0.9807061102698094 0 0 0 0.13 52 193 85 171 142 589 
590 0.43730113289693656 0.16879136844894338 0.9571306222726882 0 0 0 0.11 52 194 96 75 142 590 
591 0.1519622780915705 0.21452955899300413 1.072117924532265 0 0 0 0.35 52 195 85 172 142 591 
592 0.38479898435662907 0.22938769628398542 0.9550802896420914 0 0 0 0.31 52 196 85 173 142 592 
593 0.33179615368058474 0.2874607778150653 0.9504152475437715 0 0 0 0.3 52 197 96 76 142 593 
594 0.49951580745460966 0.26299335337764207 0.8938195725926176 0 0 0 0.13 52 198 109 92 142 594 
595 0.5540745306808275 0.276349102904175 0.872308578707496 0 0 0 0.15 52 199 111 47 142 595 
596 0.24751321715869767 0.33051332133068334 0.9722478377017569 0 0 0 0.32 52 200 77 112 142 596 
597 0.14028913411979457 0.2345833666581045 0.946415428229121 0 0 0 0.33 52 201 77 113 142 597 
598 0.1900611327698119 0.26502193461636897 1.03160826459448 0 0 0 0.33 52 202 71 88 103 43 142 598 
599 0.1435343329754614 0.26254166042177174 0.9357424552258157 0 0 0 0.25 52 203 77 114 142 599 
600 0.1435343329754614 0.26254166042177174 0.9357424552258157 0 0 0 0.25 52 204 77 115 142 600 
601 0.5443843798114032 0.25474163212369594 0.8849683964402819 0 0 0 0.43 52 205 63 102 85 174 142 601 
602 0.5016257030401607 0.2623828522642004 0.8971882983757659 0 0 0 0.08 52 206 103 44 142 602 
603 0.3678595299479337 0.29631456304253306 0.9310543461722142 0 0 0 0.27 52 207 85 175 142 603 
604 0.2741490018824832 0.3165114307435292 0.9655834845597665 0 0 0 0.45 52 208 77 116 142 604 
605 0.25474813232469473 0.21058010408914768 1.0181067090636313 0 0 0 0.35 52 209 60 41 113 45 142 605 
606 0.11903114973527268 0.24954827807243105 1.0768201588329809 0 0 0 0.17 52 210 85 176 142 606 
607 0.14399419258789548 0.24824245543922505 0.9524606388853002 0 0 0 0.96 52 211 109 93 142 607 
608 0.20036343505206208 0.3108811706867501 1.0033179714213596 0 0 0 0.35 52 212 109 94 142 608 
609 0.15398455842167405 0.32883038537878406 1.0209820367927462 0 0 0 0.33 52 213 85 177 109 95 142 609 
610 0.41375680735124515 0.17603613324917863 0.9604608115056639 0 0 0 0.36 52 214 85 178 97 25 113 46 142 610 
611 0.4232929642869297 0.18122752127186434 0.9587935393482513 0 0 0 0.23 52 215 85 179 142 611 
612 0.5217022403181256 0.22198126440613958 0.9064759301243642 0 0 0 0.34 52 216 85 180 142 612 
613 0.5187194258859021 0.29278570646080526 0.8780333129180046 0 0 0 0.24 52 217 109 96 142 613 
614 0.14146659722307947 0.2842183927359006 1.0451682906572843 0 0 0 0.61 52 218 109 97 142 614 
615 0.37828530318986414 0.158498387572133 0.9810918422123883 0 0 0 0.72 52 219 53 54 63 103 77 117 111 48 142 615 
616 0.13909536460373964 0.2653489978428593 1.0525459960034236 0 0 0 0.12 52 220 85 181 142 616 
617 0.3376407882317135 0.29593722867423466 0.9412632298004969 0 0 0 0.88 52 221 65 25 85 182 142 617 
618 0.49604550379778783 0.2875661556882731 0.8874090302507572 0 0 0 0.27 53 55 109 98 110 31 142 618 
619 0.43609012999357494 0.14070060742209414 0.9704323257673985 0 0 0 0.15 53 56 63 104 142 619 
620 0.4240297434603538 0.3032473389225477 0.9058679098627136 0 0 0 0.4 53 57 85 183 142 620 
621 0.5249783410951426 0.13344252375180002 0.9406845709480555 0 0 0 0.38 53 58 54 51 71 89 142 621 
622 0.20960605360275686 0.34809669284924954 0.9862399215986553 0 0 0 0.51 53 59 85 184 142 622 
623 0.5296803942665189 0.11033424600289451 0.9498669529672076 0 0 0 0.09 54 52 71 90 142 623 
624 0.5298827919173048 0.1411492215283533 0.9390268846815678 0 0 0 0.11 54 53 60 42 63 105 71 91 142 624 
625 0.41407020628575136 0.17886047921768075 0.9618543655238267 0 0 0 0.32 54 54 71 92 142 625 
626 0.5323204924315091 0.19626880370546623 0.9170980533868982 0 0 0 0.11 54 55 71 93 142 626 
627 0.5689415983409938 0.2705555853868621 0.8705764724065175 0 0 0 0.29 54 56 91 36 109 99 110 32 142 627 
628 0.5632056238525321 0.12974731801136213 0.9345046331788767 0 0 0 0.26 54 57 85 185 142 628 
629 0.5725636521183632 0.2703566182683314 0.8704971106594597 0 0 0 0.44 54 58 63 106 88 42 110 33 142 629 
630 0.5628984782241359 0.11785098142847956 0.9388298924987983 0 0 0 0.25 60 43 103 45 142 630 
631 0.5786406977648859 0.18505407935872906 0.9086535502160229 0 0 0 0.14 60 44 91 37 142 631 
632 0.547451663711379 0.2382230862643709 0.8941014880217611 0 0 0 0.59 60 45 109 100 142 632 
633 0.40449543880420863 0.187697070921966 0.961389867640162 0 0 0 0.42 60 46 85 186 142 633 
634 0.08835992416751451 0.2121629173248055 0.792707832915176 0 0 0 0.22 63 107 73 70 142 634 
635 0.09715147039155106 0.21834453159388595 0.8157294168522452 0 0 0 0.25 63 108 73 71 142 635 
636 0.564425634296616 0.24970162118117467 0.8804106096009251 0 0 0 0.2 63 109 109 101 110 34 142 636 
637 0.5160639465666927 0.17475289363942764 0.9278031709853642 0 0 0 0.31 63 110 109 102 142 637 
638 0.07135155572279364 0.1756571455496233 0.7452693974005608 0 0 0 0.3 63 111 73 72 142 638 
639 0.1023140735677805 0.24563534604958212 0.8067388712187079 0 0 0 0.25 63 112 71 94 142 639 
640 0.10327580432762781 0.2541705681700867 0.8021179223715804 0 0 0 0.11 63 113 73 73 142 640 
641 0.34569598924128275 0.28368682949158663 0.9381018752379949 0 0 0 0.3 63 114 109 103 142 641 
642 0.09499236243089411 0.2648179311745753 0.7693095745779392 0 0 0 0.07 63 115 73 74 142 642 
643 0.2674085913419435 0.17737089559982672 1.0300899938656731 0 0 0 0.14 63 116 103 46 142 643 
644 0.0749858189878794 0.18030369293278392 0.7534216245112595 0 0 0 0.14 63 117 73 75 142 644 
645 0.3153511424948236 0.17332531735898388 1.004869401504653 0 0 0 0.14 63 118 110 35 142 645 
646 0.5208092187192618 0.27501701919895877 0.884185653333423 0 0 0 0.47 65 26 103 47 142 646 
647 0.31440733260391546 0.2005760505151374 0.9928743365500161 0 0 0 0.19 71 95 77 118 142 647 
648 0.17978999538586893 0.2699874687390706 1.034249668563419 0 0 0 0.44 71 96 85 187 142 648 
649 0.5013235315465449 0.1575294228023981 0.9403240653887566 0 0 0 0.4 73 76 113 47 142 649 
650 0.13814787095331368 0.26029367496184636 0.9235907518177342 0 0 0 0.14 73 77 77 119 142 650 
651 0.5070634442950385 0.18600654864250307 0.9314205544784154 0 0 0 0.16 77 120 113 48 142 651 
652 0.5259375872127369 0.2741999240458135 0.8842959040093474 0 0 0 0.22 85 188 109 104 142 652 
653 0.40701597094894776 0.2982190727608342 0.919120136280216 0 0 0 0.16 85 189 110 36 142 653 
654 0.3144142940486764 0.22960858359214353 0.9838751745810315 0 0 0 0.42 85 190 113 49 142 654 
655 0.28689821776040425 0.2622727354713598 0.9867486210494466 0 0 0 0.18 85 191 109 105 142 655 
656 0.17827195085133055 0.3319524468935595 1.0093354237776524 0 0 0 0.26 85 192 109 106 142 656 
657 0.18209338661709376 0.34944667252136075 0.9979517223864914 0 0 0 0.1 85 193 109 107 142 657 
658 0.16664380209350024 0.20314357014011997 1.0696028996331988 0 0 0 0.11 85 194 109 108 142 658 
659 0.28529849806879953 0.2733504158863371 0.9759567466271292 0 0 0 0.34 85 195 109 109 142 659 
660 0.31417147728475503 0.26648835261826753 0.9590218753506475 0 0 0 0.32 85 196 109 110 142 660 
661 0.5775891900071379 0.18665674173779986 0.9069207329753591 0 0 0 0.12 91 38 109 111 142 661 
662 0.5727640281239735 0.17740649357432903 0.9133068153288123 0 0 0 0.31 91 39 109 112 142 662 
663 0.2750701386515965 0.2059936180251399 1.0108226175283357 0 0 0 0.24 97 26 110 37 142 663 
664 0.5757156016482456 0.25063830601133025 0.8772031621682803 0 0 0 0.23 103 48 110 38 142 664 
665 0.33752972403485654 0.22811101037802814 0.9724623438744642 0 0 0 0.36 109 113 113 50 142 665 
666 0.26360946131248975 0.17755960426355885 1.0294365060665498 0 0 0 0.16 110 39 111 49 142 666 
