# Camera list with one line of data per camera:
#   CAMERA_ID, MODEL, WIDTH, HEIGHT, PARAMS[]
# Number of cameras: 93
0 RADIAL 1067 697 806.8689303221026 533.5 348.5 -0.05970871395847377 0.09891023077778463
232 RADIAL 1057 691 1096.853226774645 528.5 345.5 -0.027244699662625917 0.01914825001071466
227 RADIAL 1020 683 1034.4222010845438 510.0 341.5 -0.05910127527625826 0.141641542923916
224 RADIAL 1019 760 1286.3106665074122 509.5 380.0 -0.0077991789887452805 -0.006590781049028276
220 RADIAL 971 643 1297.7178673238564 485.5 321.5 -0.043586945803959595 0.0008471506552871513
190 RADIAL 1030 760 1017.9851598288516 515.0 380.0 -0.01050425486649325 -0.01540791386648045
204 RADIAL 1021 760 1160.0919905506223 510.5 380.0 -0.006900717239703573 -0.014756482901466333
213 RADIAL 1024 628 1979.3294992512353 512.0 314.0 -0.0033117470431027183 0.0015325722943727855
219 RADIAL 1024 760 1144.9838212134885 512.0 380.0 -0.002218837612625633 -0.038565025835252106
221 RADIAL 1029 686 1015.1751771828374 514.5 343.0 -0.02586438346485274 -0.009648861175375091
65 RADIAL 1041 760 989.8505221831988 520.5 380.0 -0.021927287725169237 -0.008242212127887413
67 RADIAL 1022 760 1057.9446181403807 511.0 380.0 -0.015557556291108991 0.004991551161079164
53 RADIAL 1023 760 1083.3791898338877 511.5 380.0 -0.02775430322885597 -0.0010830126824868337
96 RADIAL 1024 760 1038.856541071479 512.0 380.0 0.0040362330371057275 -0.06518121215372596
3 RADIAL 687 1042 1078.9069036839014 343.5 521.0 -0.0070565267305888815 -0.0022248696483013327
50 RADIAL 1015 760 1152.8624585160887 507.5 380.0 0.0010951362985608492 0.0040296319120648695
118 RADIAL 1032 760 1106.0380418321934 516.0 380.0 -0.05708634389293968 0.005465873761056928
164 RADIAL 1033 760 1101.034529323683 516.5 380.0 0.004827987416447563 -0.019388814641318683
217 RADIAL 975 563 977.3758621113824 487.5 281.5 -0.08882843112255402 -0.020914187879788597
11 RADIAL 1014 760 1827.5233922264263 507.0 380.0 -0.018441222095092802 -0.003937769364207563
12 RADIAL 1023 760 1184.0580238147093 511.5 380.0 -0.015969001290173052 -0.001995638724517384
15 RADIAL 1024 760 1061.405027526597 512.0 380.0 -0.00014542403761822015 -3.768036081444348e-05
17 RADIAL 1019 760 1139.1981619169378 509.5 380.0 -0.018517522454643727 -0.0018620461461725426
147 RADIAL 1027 760 1017.5972601329323 513.5 380.0 -0.0639177611426432 0.11528065256463231
152 RADIAL 1021 677 1027.296684914728 510.5 338.5 -0.012954880335532612 0.013541173837993761
29 RADIAL 1023 760 1101.6743915677034 511.5 380.0 -0.0014863480854025257 0.012989371178914145
158 RADIAL 1013 757 1030.2268561263204 506.5 378.5 0.027813638941001927 -0.016543060856521425
33 RADIAL 1026 650 2267.3231154554855 513.0 325.0 -0.03154892480483603 -0.0001572179130611361
162 RADIAL 1033 760 1032.4914719473127 516.5 380.0 -0.010104147035641962 0.007285647541053004
43 RADIAL 1026 760 1016.5870314639711 513.0 380.0 0.011530296450250667 0.0010189097518130837
172 RADIAL 1020 760 1008.8617237425593 510.0 380.0 -0.0016655736507850743 0.0026877488897549314
176 RADIAL 1022 760 1193.6032607405973 511.0 380.0 -0.00409072206595641 -0.013967022926171935
185 RADIAL 1022 760 1067.0264893687208 511.0 380.0 -0.00921023484886157 -0.007869355953821369
71 RADIAL 1033 760 1076.4555989980727 516.5 380.0 -0.01807902929649201 0.01847989335686626
222 RADIAL 1023 760 1032.0019707665522 511.5 380.0 -0.03398387728185774 0.062447165923899844
97 RADIAL 1024 760 1057.0934720234518 512.0 380.0 -0.01759539983181947 -0.003941908113939651
111 RADIAL 1043 690 1174.757468412382 521.5 345.0 -0.007593582011543397 -0.0012095666467931425
113 RADIAL 1014 760 1625.8463756770643 507.0 380.0 0.0013376051928184146 0.0026014999767523337
199 RADIAL 612 454 643.7146858161921 306.0 227.0 -0.01561417465668318 0.010934995773406217
73 RADIAL 1067 697 806.79828267976 533.5 348.5 -0.06640786235740838 0.09849152170738007
56 RADIAL 1028 683 680.383462231748 514.0 341.5 -0.0020021420777875305 -0.01236589283333902
26 RADIAL 1027 760 1044.0991507834485 513.5 380.0 -0.060578656509337324 0.11555608496876754
63 RADIAL 1023 760 1034.9371663133288 511.5 380.0 -0.023285162178309334 0.0012757719705447004
1 RADIAL 1059 695 785.7895195138307 529.5 347.5 -0.08554446839226418 0.11139161397911698
163 RADIAL 1031 760 1055.1038250809484 515.5 380.0 -0.0018958802615440997 0.03930183787389621
60 RADIAL 1015 760 1770.6773606662173 507.5 380.0 -0.009493513379361223 -2.1719269797648208e-05
198 RADIAL 613 454 641.8898730931896 306.5 227.0 -0.01914497763683522 0.011337350100907903
208 RADIAL 1070 698 776.3258932330541 535.0 349.0 -0.08261691557570598 0.10540500896292135
89 RADIAL 1032 760 814.4536360632729 516.0 380.0 -0.05437782528667166 0.10138188140190268
127 RADIAL 1014 758 1954.625831454154 507.0 379.0 -0.044206435507787495 -0.0031436772057554445
157 RADIAL 1018 760 1570.409119747035 509.0 380.0 -0.006761311256860708 0.0044177859277786165
32 RADIAL 988 741 831.8321850461122 494.0 370.5 0.012740295023937566 0.01123197897560274
44 RADIAL 1035 578 780.8952770661858 517.5 289.0 -0.005767265835537051 -0.01824621034024406
194 RADIAL 1009 670 1507.2745653426755 504.5 335.0 -0.0038417585274622946 0.0026223543942947383
77 RADIAL 1066 693 812.9456908037002 533.0 346.5 -0.015132832298555636 -0.0006405465975157813
110 RADIAL 1015 760 1772.1156907855507 507.5 380.0 0.01471400921886197 0.0008028220330876803
38 RADIAL 1018 760 1562.2548610919514 509.0 380.0 -0.00951865992076618 -8.598198256983157e-05
112 RADIAL 1016 760 2340.8084739886103 508.0 380.0 -0.006190621113590331 -0.0002142046544709882
182 RADIAL 1007 756 977.8130914076007 503.5 378.0 -0.004485419283171089 -0.04684022442105157
146 RADIAL 1031 760 1091.8713633047857 515.5 380.0 -0.021223009336271432 0.031027140812708236
128 RADIAL 1025 760 1035.97862269 512.5 380.0 -0.023991197016129392 0.026576671437494186
40 RADIAL 1023 760 938.032301701076 511.5 380.0 0.02681060641187191 0.006575689201378542
214 RADIAL 1028 760 1085.6810279533192 514.0 380.0 -0.016384100376759324 -0.004831987106931241
85 RADIAL 1068 694 862.209208709983 534.0 347.0 -0.03486853731914173 -0.00492665215914162
92 RADIAL 1031 760 805.5286549686407 515.5 380.0 -0.013087913221169627 -0.006522184186833488
181 RADIAL 1010 760 1063.6045286400556 505.0 380.0 0.02578559998996913 -0.1572798766366701
62 RADIAL 1015 760 1426.9604145230287 507.5 380.0 0.01901710457852075 0.0060284858055980875
105 RADIAL 1029 683 1397.6830256729206 514.5 341.5 -0.0029399568475329606 0.005019661574502475
159 RADIAL 1023 760 1051.8618920389079 511.5 380.0 -0.01911985287448597 -0.009148915263803086
234 RADIAL 1031 760 824.9902818549065 515.5 380.0 0.0029071761069656156 0.03792930575244641
148 RADIAL 1015 760 1573.840482186435 507.5 380.0 -0.015464190141735721 -0.0018273926664281934
25 RADIAL 1025 760 1118.9028727738666 512.5 380.0 -0.036336606101128724 -0.03366383381896001
165 RADIAL 1028 760 1045.732755588472 514.0 380.0 -0.0034813628669212613 0.02496921322374862
69 RADIAL 1056 689 807.8374391721338 528.0 344.5 -0.01592028210799403 0.012547515157015632
235 RADIAL 1028 760 1043.1207053835826 514.0 380.0 -0.011443958885710011 0.031099601605119338
129 RADIAL 1032 684 719.0117586769296 516.0 342.0 -0.017122747578659045 -0.001576631305866566
184 RADIAL 1021 760 1270.4601799878096 510.5 380.0 0.014179183634977981 0.009412693085279252
197 RADIAL 1029 760 1070.8742116317048 514.5 380.0 -0.025774665816666754 0.001555713588521145
91 RADIAL 1024 760 1142.804958366225 512.0 380.0 0.0007270322809843645 -0.054528418902357476
81 RADIAL 1026 760 695.8290527669458 513.0 380.0 -0.00036741513090514036 0.013846118221344503
126 RADIAL 1037 760 1120.6763716451953 518.5 380.0 -0.029863729149126158 -0.0024846494669579166
103 RADIAL 1026 760 1121.1428671857989 513.0 380.0 0.001133631052062652 0.02527080895662879
88 RADIAL 1024 760 682.9391350326299 512.0 380.0 -0.025828542257192486 0.00721912995495981
100 RADIAL 1028 760 692.4712928152195 514.0 380.0 -0.008470639731034867 -0.005693278358089638
134 RADIAL 1009 760 1077.8665959032278 504.5 380.0 -0.03278575783971285 -0.006027173567965477
138 RADIAL 1057 689 774.6896573855868 528.5 344.5 -0.007790896431816792 0.0020547134702023004
41 RADIAL 1022 679 1655.5868150661572 511.0 339.5 -0.033539915736855254 -0.0029122799615532557
179 RADIAL 1026 680 1367.4959944911764 513.0 340.0 -0.022477567549185194 -0.0029631748108635593
64 RADIAL 1058 689 774.6384293802427 529.0 344.5 -0.0010102521862338464 0.001090271980598568
200 RADIAL 1064 696 808.0333438754009 532.0 348.0 -0.043423644739652816 0.05737588443803243
76 RADIAL 1023 760 690.9798935358788 511.5 380.0 -0.011682782759983744 -0.012731688283121106
196 RADIAL 1051 690 1146.9210476020814 525.5 345.0 0.015346518829586622 0.006900894953904339
20 RADIAL 1062 690 823.7203383572108 531.0 345.0 -0.0724127239460678 0.07351409283119864
