# Image list with two lines of data per image:
#   IMAGE_ID, QW, QX, QY, QZ, TX, TY, TZ, CAMERA_ID, NAME
#   POINTS2D[] as (X, Y, POINT3D_ID)
# Number of images: 236, mean observations per image: 18.352
2 0.9999978977535898 0.0007290258669356141 -0.001685384816525553 -0.0009083164449056926 0.0035560006700546412 0.0010015352586509312 0.00515048333663181 2 image_000002.jpg
 508.783 134.911 0 625.930 155.823 1 729.476 155.915 2 675.814 172.958 3 681.164 174.765 4 410.596 187.167 5 645.824 189.351 6 392.217 189.885 7 409.435 190.053 8 662.012 189.759 9 684.377 189.928 10 386.592 190.642 11 344.640 191.064 12 364.422 190.805 13 359.646 191.275 14 788.683 191.260 15 800.652 191.459 16 334.131 191.832 17 406.921 192.295 18 306.447 192.476 19 533.556 192.322 20 285.195 193.231 21 353.520 193.734 22 358.260 193.887 23 496.813 210.582 24 496.813 210.582 25 421.938 254.713 26 404.274 255.419 27 628.706 259.676 28 610.696 260.025 29 610.696 260.025 30 628.694 263.737 31 551.623 359.031 32 463.920 363.643 33 505.232 133.272 34 509.705 137.776 35 604.293 137.565 36 645.552 154.604 37 656.060 170.015 38 678.850 185.333 39 742.219 190.786 40 425.682 192.143 41 420.749 192.505 42 659.690 192.339 43 659.690 192.339 44 370.358 193.471 45 370.358 193.471 46 363.265 193.795 47 363.265 193.795 48 317.849 194.610 49 282.735 195.975 50 788.103 199.541 51 540.787 235.295 52 540.787 235.295 53 406.798 256.847 54 417.334 260.227 55 417.334 260.227 56 408.856 260.685 57 319.898 264.777 58 323.153 269.584 59 538.249 274.634 60 458.911 337.164 61 427.694 357.608 62 547.272 133.991 63 599.941 140.781 64 621.963 159.552 65 660.421 165.743 66 438.862 184.397 67 402.173 186.201 68 753.722 186.982 69 762.396 187.065 70 777.206 186.830 71 808.089 187.227 72 562.921 134.137 73 404.926 264.291 74 401.549 271.562 75 317.915 196.921 76
98 0.9703007170643214 -0.083294177849565 -0.22663221737844405 0.014711879121320277 0.42576175285807993 -0.17433450598977565 -0.44606268333189847 98 image_000098.jpg
 456.283 151.938 0 660.948 232.676 4 624.060 245.439 6 665.738 252.320 10 761.505 270.826 15 771.725 272.748 16 491.964 228.063 20 537.035 453.611 32 450.999 148.487 34 456.256 156.376 35 570.640 178.065 36 657.531 246.843 39 639.213 251.174 43 639.213 251.174 44 762.751 279.764 51 503.059 161.798 63 565.937 181.834 64 591.896 208.316 65 736.458 262.665 70 750.559 265.076 71 476.984 221.919 81 610.945 191.390 96 472.624 168.862 97 689.459 248.589 101 678.532 255.956 103 756.701 273.260 106 720.841 272.681 110 661.761 242.740 116 446.620 142.462 128 536.385 189.277 132 743.850 265.360 138 637.216 247.592 142 472.624 168.862 151 596.281 203.875 152 579.520 202.684 153 756.782 270.061 157 530.654 167.488 173 689.427 253.835 174 593.255 200.769 186 508.906 181.108 200 430.207 303.085 214 358.046 458.322 218 697.426 254.352 225 655.653 250.712 226 573.790 186.297 273 450.756 153.095 280 502.290 202.148 289 280.574 236.779 294 356.765 242.480 295 705.420 175.914 306 667.660 249.182 313 675.885 258.996 314 472.524 425.594 318 278.284 461.613 322 602.919 217.301 331 439.704 226.044 332 708.202 205.933 340 645.413 228.963 342 594.169 181.539 352 593.061 331.873 361 635.902 220.893 414 473.889 172.945 419 591.475 202.755 420 450.740 144.203 424 497.619 228.965 449 609.152 277.706 456 359.626 455.273 467 644.395 243.794 482 604.344 229.340 520 549.518 180.478 552 628.587 435.285 582
4 0.9990751641644086 0.014777064302766577 -0.03946516702998811 -0.008541543999537724 0.026602193090113906 0.05704609637293931 0.39612572717425265 4 image_000004.jpg
 425.891 206.634 0 547.944 227.383 1 569.515 262.928 6 321.980 265.434 8 585.666 262.925 9 297.422 265.890 11 253.409 266.755 12 714.898 262.893 15 241.033 267.479 17 319.265 268.087 18 211.194 268.109 19 452.669 267.183 20 188.106 269.067 21 262.077 269.511 22 336.835 333.815 26 318.012 334.547 27 421.668 205.337 34 426.537 209.637 35 525.209 208.648 36 569.256 226.766 37 579.398 242.111 38 602.985 258.828 39 339.910 267.813 41 583.741 265.926 43 583.741 265.926 44 279.883 269.232 45 279.883 269.232 46 271.547 269.655 47 271.547 269.655 48 223.774 270.544 49 715.004 271.647 51 321.020 336.280 54 331.710 339.952 56 323.223 340.457 57 227.884 345.247 58 231.558 350.479 59 346.312 441.683 62 465.846 205.600 63 521.100 212.402 64 313.937 261.392 68 688.745 258.507 70 223.977 272.885 76 671.929 181.166 77 493.998 219.945 78 582.812 246.183 79 636.255 248.408 80 440.476 264.321 81 278.723 266.211 82 518.872 266.605 83 694.512 266.271 84 259.477 266.753 85 375.578 266.954 86 443.151 267.024 87 230.642 270.615 88 205.757 271.169 89 465.801 305.524 90 315.669 336.936 91 374.095 359.030 92 466.974 387.506 93 344.431 428.850 94 529.949 204.389 95 560.285 215.772 96 439.756 217.571 97 468.783 247.513 98 616.052 248.143 99 251.596 252.262 100 637.241 254.150 101 308.753 261.776 102 625.079 262.760 103 682.048 262.927 104 524.889 263.772 105 708.436 266.142 106 311.107 268.144 107 237.085 270.309 108 202.245 271.647 109 667.894 271.418 110 188.846 277.184 111 333.781 335.970 112 227.884 345.247 113 465.874 393.910 114 602.620 252.962 115 606.501 254.182 116 646.152 258.272 117 336.928 273.251 118 232.477 342.561 119 223.888 342.901 120 334.130 344.051 121 455.399 207.343 122 731.637 258.233 123 210.776 301.889 124 645.494 247.658 125 248.339 271.548 126 671.761 314.322 127
39 0.9848993565518577 -0.15028373983846266 -0.08151394599799554 0.02726735566101977 0.14799293481192338 -0.20541237293991707 -0.42770303449591973 39 image_000039.jpg
 458.639 314.689 0 669.321 366.006 1 846.480 381.230 2 759.336 399.892 3 769.453 401.952 4 266.277 394.242 5 708.039 425.471 6 230.800 397.474 7 264.038 399.624 8 736.260 427.440 9 776.325 430.657 10 219.102 398.307 11 137.044 395.650 12 175.697 396.533 13 165.946 397.479 14 115.175 396.069 17 259.536 403.399 18 59.324 394.867 19 502.274 416.365 20 16.276 394.366 21 153.545 400.841 22 162.173 401.541 23 430.280 448.247 24 430.280 448.247 25 278.964 519.803 26 242.649 519.679 27 681.780 549.932 28 648.326 549.399 29 648.326 549.399 30 682.222 557.011 31 538.288 739.740 32 451.622 310.913 34 459.413 320.259 35 629.350 332.977 36 704.459 367.079 37 722.418 393.709 38 765.030 422.459 39 875.692 439.690 40 296.400 404.492 41 286.576 404.707 42 732.654 431.846 43 732.654 431.846 44 186.995 401.987 45 186.995 401.987 46 172.079 401.779 47 172.079 401.779 48 82.101 399.528 49 9.925 398.981 50 514.660 496.367 52 514.660 496.367 53 248.478 522.050 54 268.566 529.683 55 268.566 529.683 56 251.555 529.925 57 71.777 541.304 59 508.194 569.688 60 527.497 319.807 63 622.343 338.643 64 661.753 373.957 65 729.889 387.003 66 321.964 391.745 67 251.271 392.157 68 555.900 321.449 73 243.671 535.675 74 234.212 550.745 75 81.365 403.482 76 868.960 313.031 77 574.773 347.267 78 730.008 400.066 79 820.646 409.586 80 481.020 409.798 81 186.052 396.883 82 620.333 424.974 83 149.024 396.104 85 362.236 405.797 86 485.008 414.698 87 95.047 400.050 88 48.138 398.915 89 523.155 485.537 90 237.276 523.537 91 345.929 569.036 92 521.758 634.894 93 639.123 325.344 95 690.081 346.991 96 481.924 335.152 97 531.348 386.677 98 787.942 405.726 99 138.640 369.074 100 241.537 392.089 102 802.787 433.441 103 630.526 420.531 105 244.412 402.856 107 106.541 400.204 108 41.967 399.563 109 272.857 522.584 112 763.449 412.851 115 771.370 416.321 116 837.203 429.696 117 290.895 413.745 118 270.963 537.138 121 509.637 320.679 122 49.408 453.047 124 127.187 403.471 126 889.660 527.579 127 444.814 304.636 128 894.120 371.950 129 634.886 353.533 130 634.886 353.533 131 575.904 354.103 132 577.291 382.816 133 323.786 357.166 134 695.460 405.678 135 671.909 405.475 136 687.777 410.233 137 687.183 414.771 139 681.374 414.460 140 681.374 414.460 141 729.822 426.525 142 237.147 424.178 143 123.887 448.662 144 518.607 491.318 145 352.205 485.920 146 657.169 556.424 147 268.006 545.757 148 849.693 311.139 150 481.924 335.152 151 668.501 366.678 152 641.268 367.528 153 608.738 369.891 154 661.852 397.321 155 743.458 415.711 156 625.094 420.044 158 452.376 412.717 159 354.084 405.342 160 579.287 452.848 161 579.287 452.848 162 669.643 566.495 165 270.963 537.138 166 197.867 271.704 167 501.570 339.407 168 689.222 401.311 169 844.462 430.653 170 259.262 522.136 171 326.451 247.284 172 569.027 323.967 173 822.731 428.857 174 755.405 265.069 175 755.405 265.069 176 487.513 324.237 177 805.536 390.257 178 285.580 407.660 179 367.545 510.313 180 263.307 528.457 181 250.232 423.284 182 632.306 293.022 183 448.529 277.770 184 747.711 311.221 185 664.476 362.431 186 339.719 567.780 187 505.151 682.798 188 76.241 388.521 189 81.582 518.657 190 501.549 583.761 192 316.339 472.621 195 467.367 485.518 196 467.367 485.518 197 439.923 299.086 198 534.248 346.444 199 534.248 346.444 200 423.705 367.278 201 419.358 372.010 202 477.286 379.930 203 619.636 384.867 204 376.212 391.363 205 376.212 391.363 206 374.641 395.035 207 715.089 421.068 208 792.589 424.667 209 758.647 424.774 210 766.546 429.062 211 134.905 516.366 213 406.001 526.105 214 136.014 538.844 215 474.547 721.970 216 280.903 742.372 218 441.936 295.609 219 875.776 346.851 220 690.425 383.001 221 710.000 403.924 222 692.502 423.863 223 729.822 426.525 224 835.545 427.885 225 760.280 429.212 226 732.924 555.116 230 959.860 579.554 231 486.108 706.337 232 644.066 717.272 233 485.562 720.454 235 287.104 742.407 236 598.279 367.452 237 365.049 383.352 238 268.407 404.107 239 833.401 436.417 240 841.996 436.821 241 463.743 419.215 243 306.172 416.839 244 220.454 467.610 245 220.454 467.610 246 660.417 365.357 247 358.866 394.248 248 698.362 415.711 249 748.097 423.846 250 446.770 536.391 252 187.910 530.461 253 442.883 539.223 254 413.709 542.184 255 678.047 553.119 256 279.665 702.161 258 186.329 295.780 259 745.576 428.008 260 596.922 573.450 261 507.539 580.276 262 761.019 708.067 263 480.243 420.237 264 521.060 605.968 265 680.727 366.571 267 748.931 413.791 268 76.241 388.521 269 335.427 230.537 270 735.869 402.352 271 634.631 344.340 273 326.784 216.339 275 201.987 258.402 276 344.557 283.528 277 232.574 322.277 278 557.595 295.436 279 452.405 316.893 280 135.066 357.253 281 222.826 363.385 282 220.209 365.972 283 443.940 343.893 284 301.300 362.856 285 280.787 367.461 286 554.085 345.306 287 172.858 392.922 288 521.854 377.868 289 643.158 369.186 290 408.454 404.168 291 125.071 441.605 292 542.536 419.034 293 219.453 447.249 294 311.039 449.915 295 283.313 545.955 296 415.746 698.488 298 166.295 744.148 301 184.787 260.414 302 444.814 304.636 303 387.740 337.394 304 665.526 353.701 307 514.993 379.045 308 308.756 402.925 309 433.946 411.720 310 540.361 404.163 311 228.651 440.265 312 783.114 424.566 313 796.472 438.544 314 756.282 475.574 315 78.370 538.638 316 136.014 538.844 317 445.682 697.037 318 422.313 699.376 319 159.009 729.255 320 171.898 744.279 321 181.784 744.439 322 229.561 392.451 323 802.706 427.243 325 135.125 695.480 326 348.698 699.287 327 131.769 709.589 328 660.001 321.193 329 707.528 356.096 330 676.679 385.046 331 426.130 419.365 332 204.339 250.269 333 221.244 259.517 334 648.165 317.006 335 342.481 238.728 336 361.602 407.666 337 815.004 439.058 338 316.339 472.621 339 650.150 709.970 341 745.069 397.057 342 514.254 396.198 343 247.848 510.359 344 736.551 436.091 345 241.138 505.398 346 810.436 442.535 347 780.494 411.833 348 392.274 480.117 349 392.274 480.117 350 665.187 335.358 352 451.325 368.135 354 759.336 399.892 355 431.231 382.726 356 382.550 390.458 357 630.526 420.531 358 815.354 548.679 359 811.652 555.982 360 648.582 556.530 361 372.715 540.328 362 425.861 658.529 363 425.431 668.005 364 419.441 671.182 365 439.959 697.824 366 184.364 690.737 367 197.163 300.417 368 197.163 300.417 369 681.138 354.453 370 520.031 368.901 371 410.246 380.403 372 463.279 393.038 373 876.082 425.217 374 624.925 414.117 375 721.971 553.808 376 718.647 611.032 377 420.188 652.722 378 376.667 663.976 379 385.861 664.995 380 373.330 684.062 381 392.830 702.150 382 373.801 732.283 384 387.083 732.902 385 746.288 316.618 386 169.574 352.418 387 465.921 377.033 388 448.076 545.199 389 320.129 551.478 390 447.724 682.516 391 464.293 695.063 392 190.241 683.656 393 335.427 230.537 394 350.810 373.016 395 291.240 530.713 396 87.751 548.214 397 889.660 527.579 398 619.636 384.867 399 748.906 420.028 400 323.959 552.872 402 236.150 722.201 403 428.082 392.719 405 694.080 414.971 406 530.844 403.243 407 417.535 396.891 408 575.318 545.155 409 575.318 545.155 410 534.569 703.750 411 212.799 359.913 412 211.283 416.239 413 729.716 387.199 414 317.607 573.342 415 296.674 686.398 416 204.284 300.573 417 803.886 377.996 418 482.696 340.821 419 660.417 365.357 420 657.515 562.894 421 153.545 400.841 422 213.066 439.189 423 448.731 305.963 424 449.593 308.560 425 636.712 318.329 426 636.712 318.329 427 416.553 329.171 428 577.533 358.808 429 655.172 370.391 430 526.789 461.319 431 684.115 534.268 432 588.593 563.328 433 689.490 701.753 434 140.895 323.935 435 232.189 325.443 436 631.876 331.620 437 553.083 335.444 438 582.218 355.672 439 669.505 371.034 440 422.110 374.662 441 459.749 378.748 442 573.436 381.081 443 685.613 387.425 444 550.884 390.368 445 540.309 393.035 446 788.649 412.995 447 510.576 417.261 448 510.576 417.261 449 721.374 421.704 450 525.371 431.257 451 820.766 431.381 452 945.087 435.607 453 127.838 444.628 454 755.491 469.200 455 680.825 474.472 456 770.891 479.301 457 682.409 506.831 458 447.539 528.537 459 644.381 561.856 460 687.787 718.672 462 687.787 718.672 463 546.872 721.423 464 499.066 722.127 465 555.554 732.504 466 283.674 738.094 467 868.960 313.031 468 839.928 359.272 469 608.738 369.891 471 459.707 370.747 472 721.972 384.809 473 640.620 387.268 474 352.672 393.457 475 273.390 394.924 476 307.875 398.524 477 395.989 408.967 478 567.136 410.091 479 678.776 410.133 480 743.099 416.072 481 740.927 419.735 482 187.910 530.461 484 410.225 536.912 485 186.351 539.853 486 186.351 539.853 487 446.422 543.887 488 678.047 553.119 489 528.588 557.015 490 657.515 562.894 491 811.652 562.732 492 608.705 563.918 493 822.794 567.213 494 565.377 570.928 495 522.149 594.344 496 483.892 682.079 497 226.580 700.826 498 226.580 700.826 499 601.847 702.844 500 225.786 705.663 501 225.786 705.663 502 234.765 705.481 503 230.012 707.243 504 248.125 706.916 506 554.433 711.148 507 503.854 715.084 508 503.723 721.024 509 588.599 725.885 510 752.367 237.125 512 225.026 267.655 513 181.645 291.275 514 835.047 358.146 515 613.375 383.468 516 613.375 383.468 517 364.840 393.948 518 643.741 402.764 519 677.306 404.078 520 471.566 413.562 521 140.443 431.987 522 685.266 433.802 523 435.533 445.824 525 127.526 454.255 526 579.286 458.204 527 599.386 463.607 528 522.133 466.557 529 831.128 481.687 530 521.606 496.564 531 91.408 520.885 532 518.099 520.838 533 283.452 523.908 534 76.243 533.646 535 687.861 538.790 536 368.369 548.243 537 574.382 572.130 538 678.362 587.004 539 414.500 635.265 540 436.097 659.059 541 402.559 676.741 542 334.986 702.192 543 445.940 702.517 544 445.506 710.270 545 756.304 711.942 546 540.961 724.877 547 366.367 738.500 548 328.938 237.695 549 178.941 258.662 550 598.128 339.814 552 646.554 375.332 553 251.271 392.157 554 535.130 398.352 555 314.840 417.074 556 761.333 440.155 557 46.923 445.808 558 123.394 465.247 559 478.225 520.700 560 229.557 550.667 562 601.545 568.762 563 602.518 588.649 564 684.277 624.612 565 604.611 686.790 567 510.586 688.360 568 434.365 691.384 569 263.488 742.366 570 454.520 328.743 571 278.847 372.128 572 440.680 375.458 573 757.233 377.651 574 839.957 400.142 576 239.003 416.953 577 81.582 518.657 578 809.051 683.625 579 498.974 687.302 580 423.421 691.372 581 310.557 339.649 583 297.829 422.854 584 520.712 435.773 585 566.520 439.159 586 325.127 502.305 587 702.887 414.036 591 538.735 416.485 592 282.700 552.548 593 268.175 372.543 594 839.353 382.138 595 703.597 388.588 596 220.491 696.627 597 699.129 501.079 598
200 0.9986701058946884 -0.041659740582851164 -0.029692260590554558 -0.00639246304135811 0.02962090922741087 -0.12049893029704928 -0.5100746093322147 200 image_000200.jpg
 477.903 93.376 0 700.983 139.558 3 708.421 140.744 4 662.231 161.339 6 343.440 166.676 8 683.786 161.565 9 713.760 161.493 10 312.684 168.308 11 257.084 171.138 12 283.052 169.549 13 276.906 170.779 14 849.016 164.298 15 864.242 164.484 16 242.923 172.575 17 340.333 169.395 18 206.126 174.876 19 511.213 165.416 20 177.954 176.993 21 268.495 174.028 22 274.908 173.947 23 358.384 249.586 26 334.409 251.225 27 540.452 386.729 32 471.843 91.099 34 478.289 97.612 35 604.287 97.166 36 705.545 156.473 39 365.432 168.162 41 358.783 168.916 42 680.790 164.754 43 680.790 164.754 44 291.130 172.746 45 291.130 172.746 46 280.989 173.588 47 280.989 173.588 48 221.321 176.911 49 174.601 180.496 50 849.140 174.743 51 338.092 252.927 54 351.945 256.764 55 340.544 258.263 57 223.680 274.107 59 408.067 359.025 61 527.763 93.580 63 598.908 101.614 64 679.708 131.714 66 334.074 162.211 68 832.954 159.358 71 550.122 93.847 73 336.144 263.202 74 221.109 180.306 76 290.008 169.280 82 495.236 107.140 97 257.260 152.169 100 327.542 162.529 102 733.020 162.719 103 605.045 161.607 105 178.176 186.385 111 354.571 252.085 112 214.881 264.817 120 867.812 159.166 123 761.682 146.012 125 824.577 160.814 138 678.784 161.145 142 495.236 107.140 151 841.376 164.282 157 560.336 94.623 173 358.318 171.520 179 228.741 258.909 190 534.094 112.745 200 419.971 153.923 206 667.896 157.730 208 726.778 156.991 209 700.659 158.409 210 874.569 161.435 212 680.303 376.279 217 365.734 396.901 218 650.462 161.071 223 701.833 161.458 226 855.684 164.297 227 791.524 240.615 228 370.083 396.713 236 581.676 124.631 237 692.625 158.249 250 690.336 161.401 260 698.619 358.239 263 387.510 39.316 270 548.706 73.009 279 472.603 95.460 280 643.517 364.218 300 282.024 71.050 302 374.027 166.168 309 320.877 197.208 312 307.583 68.089 334 332.502 241.081 346 700.983 139.558 355 618.814 258.024 361 693.244 155.356 400 337.311 385.547 403 652.611 154.408 406 296.402 98.856 417 627.480 119.821 420 310.426 197.349 423 569.051 116.632 439 516.742 165.318 449 708.755 197.617 457 367.187 394.248 467 349.846 162.620 476 687.739 155.357 482 834.919 163.890 483 297.844 267.729 486 297.844 267.729 487 330.981 372.599 498 330.981 372.599 499 330.732 375.405 501 330.732 375.405 502 336.418 375.445 503 333.457 376.557 504 345.064 375.776 506 310.930 73.531 513 282.788 93.851 514 802.066 163.741 524 465.441 190.175 525 361.559 252.417 534 401.890 369.299 543 383.643 44.542 549 278.172 70.117 550 796.379 62.844 551 334.074 162.211 554 350.912 146.099 572 761.099 134.187 576 795.807 67.000 590
9 0.9993695888781331 0.008023687845595397 0.032411656540032106 -0.012063969875545213 -0.11486959647428363 -0.049172213320057306 -0.3505738419868677 9 image_000009.jpg
 446.854 96.739 0 595.614 148.249 6 344.537 160.863 8 638.401 146.856 10 321.309 162.678 11 279.763 165.886 12 294.075 165.161 14 754.512 143.946 15 268.891 167.168 17 473.751 156.444 20 220.793 171.666 21 577.535 229.433 31 442.117 95.093 34 447.628 99.913 35 549.790 94.999 36 606.455 127.085 38 631.742 142.476 39 361.294 162.094 41 610.566 150.764 43 610.566 150.764 44 304.998 166.786 45 304.998 166.786 46 297.466 167.451 48 252.608 171.085 49 754.605 153.039 51 342.021 230.802 54 352.316 234.144 55 352.316 234.144 56 343.673 235.213 57 257.612 248.693 59 488.836 94.295 63 545.600 98.912 64 611.407 121.790 66 503.984 93.224 73 339.266 238.163 74 252.455 173.612 76 304.193 163.842 82 395.539 158.969 86 554.621 89.548 95 585.705 99.637 96 461.647 107.549 97 646.039 130.622 99 655.582 146.838 103 548.967 150.460 105 265.497 170.021 108 221.181 179.230 111 353.861 230.046 112 630.609 136.274 115 357.988 167.734 118 437.226 91.721 128 720.601 98.680 129 552.436 107.447 130 552.436 107.447 131 516.819 112.522 132 517.443 130.301 133 371.617 133.121 134 589.096 136.854 135 574.424 137.708 136 584.062 140.376 137 734.343 141.650 138 583.605 143.062 139 579.801 143.313 140 579.801 143.313 141 609.098 147.739 142 331.852 176.659 143 276.444 196.349 144 485.180 199.778 145 393.799 205.565 146 568.061 229.652 147 352.696 242.760 148 531.546 317.023 149 692.990 61.236 150 461.647 107.549 151 573.477 113.482 152 556.871 116.424 153 537.381 120.427 154 568.696 133.206 155 618.038 139.823 156 748.011 144.152 157 545.696 150.416 158 446.161 157.112 159 391.571 158.991 160 520.330 173.341 161 520.330 173.341 162 749.352 224.789 163 748.247 228.175 164 570.515 235.241 165 353.578 238.032 166 303.588 87.774 167 473.677 108.347 168 585.297 134.407 169 683.286 141.884 170 347.289 229.937 171 372.480 62.582 172 512.823 93.849 173 668.844 142.056 174 633.908 36.743 175 633.908 36.743 176 463.924 100.281 177 656.399 118.975 178 355.299 164.556 179 401.997 219.209 180 347.707 233.746 181 340.097 175.277 182 556.219 66.520 183 445.246 71.549 184
13 0.9917496653188801 -0.0549120440515286 -0.11419055434531553 0.01943639897760246 0.21205653250973458 -0.09588168467311406 -0.3531910696839378 13 image_000013.jpg
 475.321 183.436 0 664.444 272.330 6 327.348 250.602 8 292.296 249.498 11 257.275 247.754 13 250.059 248.435 14 845.019 288.718 15 859.954 290.210 16 510.350 264.835 20 247.343 251.875 23 469.536 180.195 34 706.994 270.225 39 788.349 283.823 40 344.859 254.862 42 682.733 277.479 43 682.733 277.479 44 266.565 252.245 45 266.565 252.245 46 254.967 251.956 47 254.967 251.956 48 812.338 280.504 70 183.214 253.124 76 265.026 248.091 82 236.713 247.303 85 156.920 249.124 89 734.707 278.845 103 805.285 285.076 104 606.575 268.271 105 837.057 292.087 106 203.513 250.393 108 565.143 215.565 132 373.211 217.817 134 637.991 256.617 136 649.806 264.099 139 645.110 263.810 141 680.787 273.363 142 219.971 288.943 144 493.202 199.718 151 614.705 226.035 153 590.595 228.428 154 630.967 250.322 155 838.079 288.137 157 602.810 267.903 158 843.475 384.200 163 765.697 276.702 170 560.952 191.975 173 497.999 190.811 177 697.395 181.994 185 786.860 370.110 191 461.195 171.417 198 533.733 209.240 199 533.733 209.240 200 449.679 226.072 201 446.142 229.309 202 490.536 235.562 203 599.090 240.344 204 414.417 245.013 205 414.417 245.013 206 412.895 247.477 207 669.831 269.005 208 727.666 272.181 209 702.279 272.360 210 708.212 275.240 211 869.472 287.492 212 233.118 342.230 213 439.717 349.221 214 235.307 359.176 215 494.022 491.858 216 678.681 498.498 217 356.486 507.438 218 462.517 167.920 219 792.902 211.435 220 651.872 238.384 221 666.089 255.518 222 652.860 270.923 223 680.787 273.363 224 759.509 274.589 225 703.357 275.505 226 851.324 289.178 227 787.639 363.656 228 790.997 366.343 229 680.503 370.999 230 842.008 388.509 231 501.948 480.464 232 613.945 487.663 233 693.761 488.027 234 501.876 490.857 235 360.778 507.185 236 582.714 226.207 237 404.964 238.254 238 331.016 254.334 239 757.264 281.079 240 764.127 281.613 241 778.318 219.565 242 480.587 266.963 243 362.057 265.112 244 298.306 304.612 245 298.306 304.612 246
109 0.9798961603044017 -0.026464820349659544 0.19377196906557637 -0.03944056154506363 -0.38163698072319363 -0.05603999334253031 -0.23880077638238678 109 image_000109.jpg
 513.918 156.632 0 690.361 197.522 6 407.374 244.907 8 743.101 189.536 10 384.274 249.654 11 362.568 253.672 13 307.914 266.017 19 352.636 259.242 22 356.479 258.682 23 508.735 155.057 34 515.981 159.976 35 633.323 138.405 36 709.041 198.735 43 709.041 198.735 44 361.163 257.647 47 361.163 257.647 48 317.691 266.733 49 902.130 179.652 51 322.328 353.973 59 561.526 147.381 63 658.768 163.671 65 882.786 163.532 71 933.289 155.513 72 580.948 142.997 73 402.545 335.869 74 324.384 265.488 88 638.433 130.798 95 531.769 167.016 97 564.932 197.510 98 766.810 186.904 103 633.129 207.023 105 299.957 270.955 109 738.737 178.629 116 797.415 176.514 117 548.817 151.656 122 839.489 250.841 127 415.172 339.876 148 531.769 167.016 151 892.094 168.504 157 738.398 49.555 176 534.120 158.223 177 658.685 155.058 186 526.702 278.826 196 498.268 149.599 198 567.037 166.236 199 567.037 166.236 200 626.644 180.758 204 729.987 188.325 210 498.650 146.187 219 457.451 229.326 248 721.218 189.520 250 719.943 193.199 260 671.206 154.608 267 722.508 180.865 268 508.155 179.717 284 825.138 61.626 306 668.848 169.695 331 498.233 237.127 332 719.474 168.451 342 777.640 341.551 351 633.129 207.023 358 626.644 180.758 399 442.886 338.881 402 532.716 170.955 419 653.379 162.569 430 663.597 160.741 440 518.054 197.382 472 642.056 178.710 474 479.060 234.530 478 669.844 190.697 480 717.582 184.417 481 644.105 190.157 519 646.538 168.122 553 311.751 350.987 561 846.791 136.044 575 802.800 134.384 595 777.640 341.551 599
124 0.9905054276088207 -0.08928742556306414 -0.1045215865745962 -0.0014101547992755035 0.16951865804505686 -0.17744741087373928 -0.5024917171932701 124 image_000124.jpg
 427.208 169.097 0 733.322 214.588 2 675.321 231.597 4 627.632 250.549 6 246.534 240.580 7 273.824 241.197 8 650.193 251.731 9 681.393 252.949 10 237.031 241.540 11 169.170 241.922 12 200.875 241.519 13 193.014 242.407 14 815.316 261.712 15 830.242 262.503 16 150.908 242.801 17 270.126 244.178 18 104.640 243.524 19 466.411 248.076 20 183.362 245.720 22 190.024 245.952 23 291.787 335.109 26 262.484 336.461 27 611.164 352.203 31 505.664 493.865 32 360.519 504.871 33 421.199 166.013 34 428.002 173.478 35 564.057 180.388 36 638.193 226.209 38 671.904 247.306 39 756.363 258.559 40 292.851 244.668 42 647.558 255.083 43 647.558 255.083 44 210.209 245.543 45 210.209 245.543 46 198.369 245.914 47 198.369 245.914 48 123.439 246.685 49 816.053 272.173 51 267.123 338.231 54 284.082 343.381 55 269.935 344.280 57 123.790 359.335 59 298.931 493.684 62 483.592 171.885 63 558.410 185.075 64 590.188 212.029 65 644.643 220.452 66 320.267 232.823 67 263.162 235.697 68 770.388 254.421 69 781.103 254.982 70 799.701 255.926 71 505.587 172.703 73 263.707 348.510 74 123.723 250.005 76 749.811 161.151 77 790.039 264.381 84 452.377 247.091 87 95.682 247.336 89 258.440 339.583 91 296.511 472.983 94 572.052 174.026 95 447.201 184.515 97 488.677 224.925 98 255.174 235.922 102 700.958 255.216 103 807.737 265.229 106 90.385 247.914 109 757.202 269.355 110 287.198 337.892 112 676.930 241.836 116 296.624 251.438 118 833.819 257.310 123 769.732 206.742 129 522.657 198.238 132 524.165 219.558 133 617.767 235.808 135 599.002 235.671 136 611.553 239.376 137 791.707 257.410 138 611.922 242.917 139 607.031 242.853 140 607.031 242.853 141 645.088 251.023 142 253.320 261.259 143 160.995 284.476 144 284.419 355.774 148 574.288 207.242 153 548.696 210.053 154 591.774 230.386 155 655.588 242.427 156 808.470 261.337 157 563.057 248.143 158 426.881 246.255 159 346.879 242.683 160 821.544 357.494 163 602.126 359.384 165 462.827 187.634 168 612.474 232.331 169 317.178 117.866 172 515.769 174.595 173 451.218 176.064 177 292.141 247.124 179 655.759 161.827 185 130.834 341.547 190 788.476 254.829 194 319.798 293.727 195 489.062 192.888 199 489.062 192.888 200 401.867 211.838 201 398.483 215.212 202 444.965 220.008 203 558.289 221.568 204 363.094 234.216 207 674.075 252.424 211 840.120 259.881 212 174.527 338.071 213 176.460 355.585 215 455.276 482.846 216 656.419 482.745 217 303.671 505.643 218 628.878 234.283 222 726.142 250.495 225 668.791 252.378 226 821.764 261.996 227 762.267 339.443 228 650.398 349.507 230 671.800 471.240 234 464.279 481.994 235 540.495 207.775 237 355.061 224.972 238 278.028 244.646 239 724.415 256.939 240 731.064 257.055 241 740.380 196.758 242 308.177 252.552 244 350.278 234.268 248 426.710 342.532 252 400.697 348.440 255 553.208 464.617 257 300.680 475.724 258 204.020 160.519 259 545.936 367.431 261 449.124 252.369 264 604.973 205.563 267 659.077 241.455 268 323.541 104.995 270 648.668 232.295 271 316.088 92.913 275 214.641 129.967 276 334.373 146.840 277 243.845 180.348 278 506.091 151.335 279 164.628 210.913 281 237.990 212.983 282 235.849 215.421 283 416.790 192.441 284 285.708 214.844 286 504.920 191.692 287 198.424 238.728 288 480.433 217.839 289 161.669 278.815 292 297.122 355.411 296 712.861 451.475 297 618.486 465.320 299 616.713 468.806 300 213.074 511.472 301 200.408 131.566 302 741.645 144.352 305 741.894 155.854 306 475.081 218.400 308 310.650 242.049 309 495.665 237.467 311 246.391 274.532 312 686.076 248.734 313 695.886 259.158 314 666.057 287.953 315 129.171 356.959 316 176.460 355.585 317 206.153 500.625 320 225.491 510.916 322 244.539 236.827 323 748.160 195.659 324 185.139 475.869 326 355.880 470.839 327 183.017 486.405 328 626.632 197.280 330 602.536 220.186 331 216.674 122.543 333 231.143 129.884 334 578.565 167.043 335 353.301 244.289 337 656.638 228.368 342 475.261 230.748 343 266.758 329.025 344 650.483 259.471 345 381.344 297.448 349 381.344 297.448 350 710.171 347.711 360 585.232 352.718 361 367.395 347.797 362 414.983 437.541 363 415.027 444.691 364 410.109 447.674 365 427.196 466.356 366 390.799 221.874 372 410.071 434.135 378 374.463 457.908 381 426.120 476.690 383 377.216 494.380 384 654.614 165.932 386 435.500 217.853 388 326.091 358.485 390 323.541 104.995 394 301.467 342.999 396 558.289 221.568 399 477.756 470.899 401 329.096 359.067 402 397.798 234.867 408 527.961 345.936 410 501.668 465.972 411 314.320 463.134 416 234.147 274.256 423 419.763 161.779 424 419.901 164.378 425 569.453 168.426 426 569.453 168.426 427 394.157 181.626 428 523.834 201.711 429 487.047 282.514 431 619.796 461.145 434 167.534 184.393 435 243.940 183.130 436 565.963 179.550 437 596.149 209.566 440 401.077 217.411 441 430.962 219.748 442 521.027 219.324 443 503.556 226.639 445 690.078 239.865 447 637.965 247.412 450 484.794 258.963 451 164.021 281.299 454 608.150 289.708 456 610.212 314.030 458 426.920 337.093 459 581.948 357.118 460 571.984 470.914 461 619.528 473.646 463 511.412 479.877 464 474.449 482.892 465 305.592 502.301 467 749.811 161.151 468 728.622 195.838 469 771.116 202.332 470 430.327 213.576 472 574.187 222.447 474 345.528 233.850 475 281.688 237.271 476 308.817 239.046 477 516.982 241.633 479 653.154 245.729 482 397.474 344.526 485 217.876 354.475 486 217.876 354.475 487 607.807 349.206 489 491.778 356.204 490 592.297 356.826 491 554.501 359.354 493 718.941 356.501 494 520.638 366.470 495 460.775 452.941 497 553.208 464.617 500 258.272 480.169 501 258.272 480.169 502 261.625 481.780 504 268.861 481.354 505 516.544 472.440 507 478.029 477.389 508 234.744 136.444 513 199.916 157.102 514 724.220 196.686 515 553.391 220.798 516 553.391 220.798 517 355.691 233.716 518 603.598 234.945 520 441.302 246.526 521 174.014 270.896 522 610.802 256.984 523 769.627 259.199 524 164.431 289.141 526 528.312 279.601 527 543.902 283.099 528 483.718 287.104 529 723.429 291.413 530 484.337 310.181 531 139.338 343.220 532 481.692 329.849 533 295.711 338.390 534 528.074 367.080 538 609.114 375.040 539 405.054 419.954 540 397.049 452.085 542 345.161 473.292 543 432.445 469.944 544 432.497 475.482 545 507.629 482.967 547 319.261 110.262 549 195.138 129.998 550 758.159 156.188 551 539.446 186.320 552 578.560 213.229 553 315.985 252.668 556 668.964 260.462 557 450.818 329.803 560 253.631 361.239 562 548.862 363.483 563 614.559 403.811 565 554.678 452.505 567 422.359 461.810 569 290.140 506.614 570 283.725 218.890 572 665.023 212.579 574 766.423 223.663 575 729.426 227.473 576 621.907 468.586 582 308.260 193.928 583 327.656 320.435 587 612.250 471.398 588 621.603 477.851 589 757.407 159.470 590 624.369 241.976 591 253.766 472.842 597
176 0.9948317182479959 0.029490363926471426 -0.09713839620073672 -0.0020761266893387373 0.19781275187140818 -0.01358852280489748 -0.1319048813486412 176 image_000176.jpg
 505.409 96.802 0 755.915 130.596 2 384.968 156.927 5 665.052 166.593 6 303.655 160.175 12 328.253 160.086 13 820.858 172.602 15 383.266 163.673 18 253.903 160.844 19 535.946 166.910 20 226.224 161.286 21 500.606 94.986 34 505.631 100.610 35 615.642 104.215 36 664.221 126.349 37 675.673 144.145 38 701.380 163.248 39 771.298 170.841 40 399.447 163.870 42 680.678 170.536 43 680.678 170.536 44 335.636 163.712 46 326.548 164.084 47 326.548 164.084 48 269.327 163.765 49 820.403 182.312 51 384.614 241.903 54 397.050 246.470 56 387.329 246.779 57 278.414 256.504 59 549.864 98.490 63 610.918 108.442 64 636.450 132.589 65 568.025 98.743 73 384.123 251.308 74 525.029 166.206 87 247.949 164.070 89 414.192 347.225 94 655.173 113.099 96 725.077 168.965 103 813.748 175.933 106 284.894 163.964 108 771.499 180.327 110 399.681 241.792 112 550.686 311.182 114 705.748 158.508 116 269.695 247.840 120 746.764 152.890 125 582.294 140.632 133 642.138 153.081 136 653.149 156.910 137 301.465 196.880 144 623.624 128.204 153 653.530 150.883 169 523.912 102.667 177 399.818 166.159 179 638.591 123.572 186 768.365 245.768 191 516.003 213.523 196 516.003 213.523 197 554.427 116.889 199 317.094 253.832 215 666.582 151.339 222 697.734 167.679 226 533.048 346.139 232 622.975 349.735 233 744.613 169.566 240 511.859 170.017 243 363.640 207.390 246 505.066 246.040 252 485.321 250.713 255 324.460 88.139 259 521.957 170.510 264 648.692 126.014 267 419.017 35.540 270 618.678 111.707 273 569.474 80.366 279 566.788 114.836 287 694.393 198.608 315 317.094 253.832 317 497.189 344.117 319 454.967 345.443 327 689.499 146.126 342 683.523 173.368 345 626.243 253.850 361 461.330 250.457 362 553.149 156.589 407 353.472 173.595 413 680.038 139.218 414 579.462 140.009 443 558.724 148.741 446 385.354 348.566 498 385.354 348.566 499 605.103 140.450 516 624.497 152.159 519 645.584 153.071 520 303.366 199.804 526 741.514 199.967 530 288.535 244.176 532 406.359 242.592 534 510.949 346.204 544 467.261 366.848 548 626.495 133.852 553 647.605 294.460 565 605.364 325.881 566 697.209 133.691 574 370.376 173.613 577 649.837 345.634 582 576.058 179.266 586 386.397 143.153 594
146 0.9962459075800301 -0.04199219523590358 -0.07560467250393109 -0.003833098548985715 0.13763528009911322 -0.06651786853127098 -0.25669922892434044 146 image_000146.jpg
 484.428 221.486 0 747.826 251.102 2 687.834 269.867 3 653.253 289.161 6 337.717 287.629 7 698.959 289.923 10 329.917 288.637 11 275.934 289.630 12 301.536 289.002 13 294.651 289.876 14 818.512 293.137 15 832.070 293.460 16 224.884 291.444 19 516.694 291.068 20 196.545 292.620 21 287.313 292.714 22 292.836 292.967 23 636.121 373.911 28 479.607 219.485 34 485.007 225.361 35 600.045 227.190 36 663.061 266.177 38 691.554 285.006 39 765.645 291.966 40 669.705 292.687 43 669.705 292.687 44 309.107 292.358 45 309.107 292.358 46 299.070 292.684 47 299.070 292.684 48 240.102 294.072 49 819.006 302.988 51 357.652 371.132 54 370.847 375.424 55 370.847 375.424 56 360.319 376.005 57 246.690 388.448 59 428.013 471.697 61 388.596 498.091 62 530.777 222.506 63 595.368 231.330 64 622.106 254.488 65 778.289 287.557 69 788.015 287.755 70 804.934 287.961 71 764.762 201.636 77 729.527 273.956 80 502.642 287.768 81 307.807 288.872 82 594.806 291.869 83 248.792 294.019 88 218.385 294.801 89 350.955 372.285 91 606.453 221.696 95 641.174 235.120 96 500.745 234.774 97 535.580 269.415 98 707.035 272.771 99 729.965 281.190 101 716.998 290.550 103 601.775 288.919 105 810.494 296.552 106 256.503 293.664 108 213.530 295.455 109 766.248 301.848 110 534.602 440.974 114 695.524 280.377 116 740.748 286.424 117 378.205 297.098 118 237.661 379.682 120 373.861 380.212 121 781.007 242.992 129 640.117 279.453 137 797.292 289.329 138 639.859 282.639 139 272.066 326.387 144 371.727 385.708 148 626.615 249.406 152 608.754 251.126 153 677.638 281.091 156 686.933 169.760 175 686.933 169.760 176 624.126 246.426 186 418.421 397.169 187 526.283 463.449 188 766.032 369.295 191 758.534 238.727 193 536.175 240.667 200 657.635 285.912 208 693.092 289.437 211 508.400 488.712 216 768.986 226.439 220 687.859 289.626 226 823.932 293.205 227 395.745 507.070 236 579.774 252.857 237 362.483 291.232 239 737.404 291.306 240 388.509 299.556 244 421.511 281.422 248 679.806 286.466 250 217.730 327.565 251 319.474 378.022 253 389.097 483.699 258 299.298 217.331 259 678.239 289.533 260 581.649 391.902 261 525.092 398.896 262 502.489 294.976 264 534.006 415.268 265 635.100 248.194 267 550.452 204.084 279 549.537 238.780 287 528.690 263.428 289 609.931 252.209 290 543.356 291.344 293 295.868 191.599 302 624.748 240.169 307 524.562 264.115 308 703.954 285.688 313 712.585 294.439 314 685.428 321.266 315 490.245 475.369 318 476.467 477.026 319 317.517 502.574 320 762.078 234.088 324 299.133 491.002 328 725.034 293.904 338 758.494 229.856 340 672.805 295.843 345 702.262 276.582 348 624.240 228.023 352 293.823 259.258 387 326.450 301.942 413 668.386 260.922 414 271.251 239.165 435 332.456 237.113 436 462.876 265.440 441 540.751 272.731 446 521.948 291.297 449 662.265 285.923 450 274.512 323.561 454 635.692 323.440 456 484.988 368.557 459 744.187 236.716 469 417.557 281.201 475 388.381 286.646 477 559.355 284.030 479 674.890 283.890 482 806.000 292.701 483 319.474 378.022 484 461.248 374.803 485 537.766 383.691 490 534.770 407.391 496 512.687 463.890 497 356.126 485.851 502 361.617 485.973 503 369.852 486.698 506 556.892 480.244 507 526.345 486.867 509 578.903 486.863 510 401.765 509.103 511 380.241 371.381 534 482.786 451.227 541 462.457 463.509 542 611.420 255.846 553 221.248 326.035 558 585.440 401.394 564 588.407 462.977 567 685.918 254.690 574 382.473 302.674 584 529.100 302.724 585 559.087 303.249 586 633.962 479.038 588 359.996 270.235 594 727.883 424.927 599
85 0.991176038929758 -0.01862754385186266 0.12599577924034266 -0.0367168848420389 -0.3627370902128603 -0.04325429891671476 -0.2432343179352287 85 image_000085.jpg
 403.762 181.200 0 321.254 242.966 5 533.346 218.077 6 320.621 246.018 8 549.270 216.369 9 262.365 255.937 17 241.632 259.514 19 426.619 233.914 20 276.874 255.635 22 279.945 255.218 23 399.632 180.108 34 404.703 184.222 35 492.599 171.789 36 543.613 197.050 38 547.146 219.402 43 547.146 219.402 44 284.211 254.536 47 284.211 254.536 48 681.729 211.469 51 318.522 308.948 54 438.480 176.447 63 489.046 175.672 64 342.999 237.427 67 315.526 243.159 68 643.702 202.504 69 653.594 201.361 70 702.414 195.762 72 454.323 173.385 73 316.710 316.205 74 314.326 323.776 75 250.075 262.221 76 598.168 196.256 80 274.891 253.457 85 416.533 189.938 97 578.150 198.020 99 312.020 243.862 102 588.275 212.280 103 327.415 307.681 112 568.945 205.363 116 609.855 205.893 117 254.490 321.512 119 247.760 323.003 120 697.734 196.287 123 266.689 258.986 126 495.972 183.011 131 310.988 260.897 143 416.533 189.938 151 675.287 203.323 157 289.845 183.429 167 614.328 205.713 170 461.118 173.557 173 418.320 183.389 177 248.026 255.077 189 256.318 318.074 190 554.809 215.602 260 496.652 177.768 273 390.416 242.493 332 554.969 197.336 342 367.615 309.763 362 370.194 369.922 379 276.874 255.635 422 482.382 196.389 471 337.760 411.902 511 546.619 373.096 546 501.774 194.656 553 268.722 289.700 559 245.094 326.067 561 514.612 383.543 589 443.752 230.507 592
157 0.9963735852327792 0.0015391632555639655 -0.08467382143170621 0.0082256415738414 0.23774007081763587 0.011230036521974069 0.08109465366346189 157 image_000157.jpg
 599.620 199.771 0 861.769 235.901 2 807.779 256.098 4 765.425 272.885 6 474.069 264.711 8 811.507 274.973 10 444.181 264.463 11 389.303 263.434 12 415.346 263.701 13 930.705 280.429 15 943.909 280.952 16 375.258 263.901 17 470.936 267.565 18 338.246 263.579 19 630.561 272.405 20 309.324 263.768 21 400.999 267.147 22 406.491 267.525 23 583.727 294.183 25 491.364 347.124 26 468.450 347.398 27 724.590 358.614 29 657.624 479.985 32 595.098 197.795 34 600.193 203.500 35 714.421 207.388 36 776.378 249.181 38 804.131 269.691 39 877.508 278.317 40 489.650 268.362 42 782.359 277.168 43 782.359 277.168 44 423.229 267.565 46 414.252 267.686 47 414.252 267.686 48 353.794 266.939 49 930.353 290.450 51 472.012 349.258 54 485.261 354.161 55 485.261 354.161 56 357.476 356.737 58 361.981 363.392 59 635.879 375.033 60 646.036 200.592 63 709.724 211.741 64 735.835 235.822 65 464.353 259.575 68 890.440 273.956 69 900.600 274.279 70 354.094 269.441 76 881.232 183.529 77 677.681 219.099 78 842.315 259.157 80 907.544 283.326 84 619.449 271.671 87 644.066 318.699 90 465.648 349.767 91 721.586 202.458 95 755.622 217.058 96 649.025 249.907 98 819.837 257.702 99 458.236 259.633 102 828.704 275.975 103 327.396 267.331 109 487.796 349.434 112 357.476 356.737 113 809.144 265.196 116 488.351 358.840 121 752.340 266.042 139 748.685 266.082 140 780.279 273.385 142 386.041 300.918 144 486.245 364.301 148 722.418 232.448 153 700.956 235.690 154 735.427 253.657 155 924.595 280.210 157 924.854 368.181 163 618.419 205.383 177 796.557 186.310 185 512.288 313.923 195 650.601 220.339 199 650.601 220.339 200 546.224 260.225 207 770.221 269.877 208 799.701 271.387 210 884.203 209.695 220 780.279 273.385 224 851.729 270.532 225 800.509 274.416 226 788.653 463.647 234 759.951 266.359 249 332.008 300.567 251 597.559 354.344 252 595.164 356.268 254 695.109 456.515 257 749.241 230.358 267 663.435 218.447 287 723.207 233.599 290 815.735 270.496 313 824.308 279.629 314 796.315 306.488 315 877.079 217.415 324 544.461 458.513 327 767.762 224.050 330 746.276 243.850 331 512.288 313.923 339 831.704 355.387 359 587.812 432.016 363 750.423 222.399 370 878.791 267.726 374 636.319 460.769 401 655.499 483.204 404 616.558 217.456 419 400.999 267.147 422 443.081 293.474 423 682.354 225.440 439 774.927 270.074 450 746.938 307.610 456 721.978 367.558 460 709.860 463.429 461 881.232 183.529 468 897.186 223.906 470 789.692 265.912 481 649.124 366.144 490 828.924 364.763 492 695.109 456.515 500 479.670 464.841 505 436.994 166.280 513 723.584 257.632 519 889.583 278.806 524 389.223 304.803 526 692.963 300.925 528 643.503 326.060 531 677.432 374.875 538 650.759 257.175 555 335.468 299.202 558 387.711 312.125 559 800.203 239.333 574 458.471 278.288 577 749.191 460.519 582
92 0.99959430212255 -0.01680652599771724 -0.02263329432228996 -0.004061926014649493 -0.0018695297544094967 -0.06306373718162825 -0.33172081705589246 92 image_000092.jpg
 455.797 195.935 0 627.620 233.807 4 592.979 248.783 6 338.714 251.294 7 356.310 251.157 8 609.250 248.987 9 332.961 251.984 11 311.171 252.625 13 733.229 250.374 15 354.084 253.601 18 232.130 256.449 21 300.476 255.643 22 304.510 255.801 23 367.369 314.933 26 349.864 315.789 27 499.299 417.566 32 451.298 194.245 34 456.086 198.844 35 551.278 198.630 36 602.423 229.971 38 625.414 245.018 39 688.194 250.061 40 606.955 251.568 43 606.955 251.568 44 317.336 255.242 45 309.386 255.642 47 309.386 255.642 48 264.565 257.223 49 230.044 259.236 50 352.887 317.161 54 362.867 320.587 55 362.867 320.587 56 354.718 321.114 57 268.004 331.327 59 494.334 195.527 63 547.263 202.369 64 569.370 220.178 65 707.808 246.126 70 351.072 324.076 74 347.164 331.724 75 316.242 252.414 82 713.847 253.311 84 469.189 206.499 97 646.700 249.475 103 550.277 249.201 105 345.817 253.773 107 277.222 256.793 108 244.597 258.453 109 232.286 263.721 111 364.934 316.831 112 624.151 239.057 115 667.414 245.816 117 370.271 258.042 118 269.709 324.116 119 364.409 324.310 121 483.353 196.907 122 703.361 208.840 129 553.267 210.111 131 573.651 238.612 136 605.247 248.605 142 343.509 265.708 143 469.189 206.499 151 557.117 218.066 153 539.053 221.102 154 568.510 234.557 155 727.939 250.363 157 454.286 251.601 159 729.204 325.246 164 364.409 324.310 166 583.404 236.017 169 671.070 246.003 170 625.955 150.263 176 471.818 199.862 177 647.294 224.689 178 367.382 255.125 179 450.774 173.026 184 570.153 214.010 186 436.110 230.226 202 445.500 185.582 219 605.247 248.605 224 622.078 248.963 226 358.351 253.662 239 664.257 249.719 240 668.990 249.800 241 459.937 255.169 243 337.783 289.492 245 247.423 283.888 251 453.386 318.687 252 613.918 248.949 260 468.606 255.225 264 616.222 240.211 268 388.253 150.787 270 686.086 170.907 306 687.646 201.787 324 646.298 245.577 325 684.479 198.346 340 417.099 242.209 357 450.644 399.827 366 317.389 197.791 369 430.879 235.240 372 439.923 242.134 405 330.074 262.639 413 300.476 255.643 422 539.053 221.102 471 453.335 322.263 488 625.448 132.987 512 668.313 204.039 515 541.661 229.069 517 576.902 237.232 520 464.260 251.622 521 369.886 317.203 534 412.933 326.793 537 534.014 203.983 552 345.203 332.039 562 487.192 393.609 568 366.495 424.620 570 452.986 205.279 571 377.159 216.404 583 356.036 237.010 594 345.856 403.646 597
93 0.9927585368460485 -0.11185168392066334 0.03984084814901937 -0.01823154905243685 -0.15969278497451173 -0.21553255713361313 -0.5413490490435061 93 image_000093.jpg
 411.069 125.540 0 554.718 138.338 1 624.493 151.897 4 580.220 174.288 6 292.107 197.486 8 601.076 172.877 9 630.600 170.839 10 266.349 200.656 11 241.444 203.451 13 236.825 204.791 14 769.296 163.844 15 785.465 162.996 16 289.409 200.176 18 438.785 187.006 20 234.530 207.640 23 297.708 269.943 26 592.691 151.609 38 622.679 166.759 39 706.953 167.448 40 598.329 176.191 43 598.329 176.191 44 239.734 206.991 48 292.064 277.060 56 281.945 279.429 57 283.869 397.974 62 457.077 122.614 63 522.369 124.888 64 550.194 144.408 65 733.676 161.264 70 752.528 159.975 71 795.081 157.257 72 664.378 151.496 80 651.318 170.585 103 761.324 168.015 106 294.365 272.583 112 789.806 157.522 123 530.236 133.568 130 490.062 139.926 132 744.904 162.387 138 566.079 169.102 139 562.206 169.418 140 562.206 169.418 141 596.419 172.832 142 535.543 142.566 153 291.518 282.317 166 683.673 164.515 170 485.349 121.140 173 520.114 156.168 204 596.419 172.832 224 290.915 407.198 236 674.389 169.231 240 413.855 192.704 243 610.380 169.166 250 562.850 136.906 267 611.326 161.972 268 709.190 162.664 272 530.081 127.100 273 557.187 368.773 300 250.439 120.461 302 273.361 196.011 323 545.391 108.371 329 520.114 156.168 399 528.663 119.486 437 475.452 130.390 438 639.677 157.788 447 297.450 193.791 476 605.074 167.335 482 433.856 383.861 509 677.443 115.501 515 720.461 166.695 524 186.106 293.567 535 538.247 147.076 553
44 0.9998881148883367 -0.002555367417772423 -0.01338357257737111 -0.006172219432083018 -0.028159278961099092 -0.054396363036100646 -0.35437349177578903 44 image_000044.jpg
 565.976 99.462 1 586.403 132.285 6 349.106 136.486 8 625.307 132.212 10 326.279 137.590 11 285.305 139.184 12 304.733 138.260 13 299.707 139.070 14 729.084 132.880 15 274.828 140.229 17 247.595 141.523 19 473.284 136.161 20 226.714 142.938 21 293.956 141.522 22 297.986 141.503 23 436.810 155.961 24 436.810 155.961 25 360.853 200.198 26 343.430 201.294 27 491.769 302.515 32 443.742 78.369 34 449.211 83.013 35 543.721 81.873 36 585.949 98.249 37 596.411 113.292 38 619.344 128.197 39 683.361 132.984 40 600.325 134.944 43 600.325 134.944 44 303.038 141.312 47 303.038 141.312 48 224.179 145.658 50 346.055 202.607 54 356.418 205.854 55 356.418 205.854 56 347.893 206.697 57 262.807 217.384 59 364.385 302.423 62 486.858 79.414 63 539.962 85.577 64 342.119 132.907 68 702.720 128.979 70 717.616 128.713 71 344.049 209.681 74 258.513 145.615 76 309.561 138.102 82 549.194 77.224 95 577.376 87.372 96 632.220 117.585 99 653.744 124.288 101 640.061 132.553 103 543.316 132.790 105 722.347 135.868 106 338.993 139.164 107 227.195 150.103 111 358.061 202.211 112 622.609 123.919 116 362.760 143.280 118 264.389 209.917 119 358.007 209.619 121 575.684 124.467 137 575.032 127.159 139 598.707 132.096 142 482.967 176.529 145 396.481 179.966 146 560.921 206.257 147 673.554 56.481 150 550.953 101.885 153 723.492 132.934 157 394.779 136.282 160 724.162 208.577 164 358.007 209.619 166 309.007 66.355 167 665.732 129.014 170 376.232 45.561 172 510.784 79.824 173 620.590 31.870 175 620.590 31.870 176 463.599 84.022 177 641.519 107.404 178 343.452 150.100 182 445.055 56.203 184 679.527 88.226 193 615.864 132.132 226 685.163 194.215 229 351.798 138.945 239 658.606 132.894 240 304.123 81.099 259 573.192 98.757 267 611.183 123.547 268 381.054 35.214 270 547.479 88.290 273 615.763 115.228 355 443.504 284.698 366 270.241 220.460 397 346.960 301.121 403 644.420 99.980 418 718.063 132.684 483 693.053 132.855 524 265.667 213.616 535 446.286 287.230 544 692.924 52.263 551 526.637 215.003 563 693.876 106.438 575 585.276 126.097 591
28 0.9651424526662696 -0.1441083351258731 -0.21521104628773213 0.03764368522865849 0.39735411169143586 -0.21920598311187522 -0.42694972178941715 28 image_000028.jpg
 602.190 274.102 1 300.363 266.387 5 631.120 318.738 6 298.470 270.490 8 675.777 325.963 10 783.652 345.947 15 488.052 299.486 20 447.355 216.099 34 452.580 224.303 35 574.917 247.446 36 639.611 297.315 38 667.872 320.085 39 737.121 337.897 40 647.784 324.915 43 647.784 324.915 44 231.438 267.085 46 306.194 375.858 55 503.723 230.000 63 569.518 251.139 64 597.002 279.194 65 348.035 267.835 67 747.060 335.282 69 755.900 336.864 70 771.696 339.257 71 703.598 314.226 80 571.771 313.038 83 617.268 261.257 96 704.000 322.290 101 691.821 329.810 103 579.319 310.733 105 777.759 348.411 106 282.086 271.813 107 738.154 347.695 110 671.876 315.605 116 712.712 328.983 117 309.135 381.439 121 442.874 210.176 128 537.133 258.936 132 617.149 307.018 137 584.013 273.266 153 778.439 345.065 157 717.442 330.187 170 651.475 240.762 185 599.005 271.265 186 744.905 417.022 191 508.162 250.139 200 187.964 377.825 215 620.792 316.755 223 665.620 324.123 226 302.539 274.532 239 336.626 286.450 244 596.429 273.043 247 235.124 372.617 253 351.842 145.244 270 737.255 333.605 272 343.916 132.987 275 239.863 152.864 276 362.115 186.441 277 268.429 206.396 278 525.738 213.364 279 447.247 220.974 280 186.036 226.230 281 263.861 238.052 282 261.667 240.007 283 441.203 240.827 284 332.996 243.190 285 314.333 245.817 286 522.528 250.662 287 219.127 258.623 288 500.224 272.216 289 585.232 274.739 290 416.414 283.754 291 176.234 295.689 292 516.625 304.163 293 261.094 305.827 294 341.114 313.299 295 319.724 389.048 296 711.506 513.677 297 434.213 513.905 298 629.302 522.603 299 627.809 526.007 300 225.968 549.748 301 442.874 210.176 303 399.685 230.750 304 720.632 236.151 305 721.633 245.599 306 599.155 265.065 307 495.006 272.080 308 338.518 275.662 309 436.223 291.479 310 514.625 292.693 311 269.133 301.185 312 679.570 322.576 313 688.297 332.941 314 663.947 356.873 315 133.733 374.709 316 187.964 377.825 317 457.809 512.843 318 438.017 514.128 319 232.109 549.869 321 240.219 550.098 322 267.949 262.352 323 727.813 281.469 324 692.260 325.684 325 194.208 508.791 326 379.445 513.843 327 191.964 520.087 328 597.591 240.647 329 629.678 269.256 330 608.541 288.407 331 430.193 296.529 332 241.513 146.127 333 258.328 155.604 334 589.688 236.086 335 359.797 150.695 336 383.851 283.162 337 701.423 334.543 338 344.426 332.924 339
234 0.9180339743287396 -0.0028452698126880662 -0.3961264202145523 0.01701131264493658 0.47763102908911365 -0.05119496448951197 -0.11286868947524556 234 image_000234.jpg
 362.082 192.822 2 327.014 216.409 10 300.078 191.202 38 321.246 211.390 39 374.404 227.433 40 304.476 214.797 43 304.476 214.797 44 303.531 187.017 66 382.714 225.503 69 389.667 226.959 70 401.646 229.422 71 334.276 203.350 99 339.167 219.600 103 405.226 236.878 106 374.686 235.559 110 324.424 207.650 116 356.626 219.516 117 421.132 233.681 123 376.200 275.376 127 366.338 151.739 150 310.732 205.997 156 319.058 214.705 226 354.671 223.014 240 359.285 264.405 274 370.998 149.424 306 330.342 214.037 313 336.499 222.195 314 346.605 223.941 338 370.777 176.304 340 311.729 194.537 342 376.200 275.376 398 359.350 203.105 576 281.742 369.738 582
172 0.9932090042177156 0.022915614803216064 -0.11398938664745595 0.0041441605448297525 0.2157613941248317 0.02489781235988834 0.14792830860507375 172 image_000172.jpg
 654.007 264.429 2 695.116 291.949 15 494.000 245.330 35 564.334 247.904 36 602.539 273.591 38 663.473 290.768 40 430.219 285.615 41 341.621 285.025 49 415.655 335.684 54 423.785 338.600 55 347.243 344.458 59 561.604 250.201 64 410.107 280.207 68 708.563 289.271 72 533.729 243.615 73 425.272 335.714 112 425.008 341.482 121 580.225 262.729 152 425.008 341.482 166 539.642 244.717 173 661.020 339.079 191 661.451 256.703 193 585.783 262.006 267 338.217 279.836 269 664.031 287.555 272 636.637 293.747 347 396.317 291.371 413 618.824 196.652 512 552.688 356.930 564 556.614 390.529 566 491.757 249.002 571
32 0.9994947927533984 0.006361771378181508 -0.030125930363637875 -0.00788149163607148 0.01635954728370202 -0.049877498041563106 -0.24045059058989832 32 image_000032.jpg
 593.740 197.620 3 599.078 199.073 4 349.275 215.783 8 602.610 213.193 10 327.853 216.463 11 306.923 217.013 13 302.488 217.580 14 696.633 213.829 15 278.814 218.433 17 252.516 219.481 19 463.940 216.699 20 232.798 220.487 21 483.589 368.560 32 401.657 374.652 33 436.883 162.785 34 441.269 166.981 35 527.991 166.423 36 597.149 209.381 39 363.613 217.866 41 359.263 217.942 42 313.086 219.489 45 305.706 219.790 47 305.706 219.790 48 263.285 221.280 49 230.394 223.093 50 356.902 280.178 55 356.902 280.178 56 269.231 290.734 59 367.594 369.096 62 544.948 186.660 65 342.917 212.560 68 665.058 210.132 69 490.998 162.984 73 263.527 223.276 76 657.832 142.972 77 453.391 213.682 81 311.493 216.815 82 395.661 216.234 86 532.372 162.128 95 608.849 199.914 99 667.448 213.696 104 527.786 213.470 105 244.743 222.463 109 234.068 227.375 111 358.533 276.786 112 596.227 204.309 115 358.244 283.751 121 549.371 203.838 136 548.061 182.908 152 691.242 213.802 157 439.982 216.640 159 392.176 216.250 160 691.797 282.739 164 358.244 283.751 166 309.506 149.309 167 639.128 210.197 170 496.924 164.325 173 597.637 119.681 175 454.864 168.648 177 529.707 144.007 183 434.506 143.082 184 422.916 196.204 202 451.340 198.319 203 691.797 282.739 231 649.315 169.117 242 445.293 219.571 243 369.471 224.351 244 554.381 182.096 267 589.021 205.092 268 376.262 120.806 270 582.506 198.998 271 530.733 171.987 273 606.217 209.849 313 654.049 168.500 324 470.272 204.745 343 346.872 271.339 344 581.293 217.991 345 344.542 268.464 346 604.605 202.792 348 546.282 166.788 352 656.722 171.610 353 438.339 192.743 354 593.740 197.620 355 428.655 201.683 356 405.703 207.464 357 527.786 213.470 358 618.674 272.466 359 617.181 276.220 360 536.539 281.197 361 404.853 282.260 362 432.977 334.921 363 433.043 339.129 364 430.179 341.356 365 439.263 352.471 366 326.834 355.745 367 311.205 165.388 368 311.205 165.388 369 554.727 175.886 370 472.621 190.589 371 417.989 200.963 372 445.255 205.458 373 655.918 205.954 374 525.397 210.348 375 572.377 277.736 376 569.489 305.687 377 430.160 332.807 378 409.659 339.085 379 414.092 339.386 380 408.788 348.431 381 418.152 355.612 382 438.702 358.388 383 410.508 369.266 384 416.010 369.049 385 590.278 151.057 386 301.652 194.650 387 445.878 196.904 388 440.403 281.915 389 381.276 288.811 390 442.604 346.191 391 449.320 351.238 392 328.936 352.439 393 376.262 120.806 394 389.212 199.752 395 366.848 280.299 396 276.439 293.065 397 660.584 258.026 398
36 0.9997958388140846 -0.006605661651371131 -0.016741487506361275 -0.00918527375866894 -0.0031419375709002308 -0.056316490773943115 -0.3038004413044587 36 image_000036.jpg
 628.685 213.719 3 363.248 232.852 5 616.120 230.467 9 287.561 239.817 17 259.953 241.358 19 487.036 234.902 20 238.654 242.766 21 375.240 299.722 26 457.417 177.528 34 462.312 182.282 35 556.438 180.371 36 614.207 233.142 43 614.207 233.142 44 236.637 245.313 50 275.914 317.185 59 380.749 401.960 62 664.171 216.447 80 475.655 232.118 81 277.677 242.659 88 561.769 175.868 95 502.624 217.252 98 645.108 215.921 99 297.300 224.762 100 556.144 231.129 105 284.070 242.156 108 592.914 219.867 135 580.202 220.387 136 589.113 222.996 137 584.936 225.746 140 685.838 154.966 150 545.383 203.083 154 408.231 235.310 160 738.233 302.532 163 590.010 217.837 169 477.282 183.036 177 693.893 295.099 191 489.602 324.557 192 692.440 186.631 193 442.348 213.517 202 384.007 244.356 244 492.783 322.331 262 693.946 141.306 305 692.419 150.680 306 494.101 212.897 308 695.080 182.029 324 397.270 139.216 336 411.979 236.550 337 494.032 221.992 343 615.855 235.811 345 641.768 218.571 348 696.551 185.375 353 459.090 209.493 354 628.685 213.719 355 448.112 219.490 356 423.393 225.728 357 556.144 231.129 358 336.927 387.393 367 495.985 207.289 371 437.129 218.746 372 466.704 222.965 373 553.767 227.692 375 605.706 301.051 376 602.865 331.563 377 436.773 387.154 382 434.506 401.765 385 396.690 314.079 390 462.981 376.365 391 470.074 382.216 392 339.193 383.814 393 405.999 217.457 395 446.840 225.375 405 591.239 225.405 406 502.247 226.000 407 441.195 227.678 408 527.301 301.841 409 527.301 301.841 410 505.846 384.032 411 333.069 216.802 412 336.415 247.665 413 612.877 207.098 414 396.154 325.518 415 388.862 382.427 416 326.830 182.502 417 658.659 197.406 418
175 0.9584378877980836 0.02478877592739552 -0.23435612048103796 0.1608090394032541 0.340106970707334 0.02150482772911514 -0.39177764570094087 175 image_000175.jpg
 458.080 109.177 4 404.642 109.326 6 426.162 120.371 9 454.742 134.636 10 573.684 196.530 15 586.119 202.898 16 194.182 311.527 32 425.273 88.040 38 448.102 124.839 39 521.572 170.245 40 421.291 122.400 43 421.291 122.400 44 535.867 171.619 69 545.643 176.488 70 470.841 117.756 99 490.252 140.566 101 471.754 144.514 103 537.813 178.262 104 346.470 80.682 105 454.985 121.629 116 591.764 199.479 123 420.762 117.214 142 567.427 193.450 157 410.759 107.977 208 442.488 124.573 210 497.660 149.743 225 443.136 128.579 226 280.608 321.226 233 493.331 155.996 240 277.265 197.126 261 407.005 343.736 297 102.984 247.944 298 314.213 324.032 299 311.010 326.729 300 466.136 146.922 314 286.070 316.942 341 275.084 186.630 433 317.526 320.651 434 397.615 70.465 444 415.794 110.540 450 485.297 147.984 452 570.784 186.690 453 435.987 171.943 457 268.171 313.017 461 311.935 332.623 462 311.935 332.623 463 165.417 288.442 465 254.223 186.653 495 212.291 294.318 507 170.850 283.976 508 169.440 288.300 509 227.810 130.623 533 260.437 189.876 538 408.337 335.431 579 172.520 260.790 580 315.945 328.733 582
213 0.9975990378459882 0.016032663400597162 -0.06713591003605789 -0.005646390349946249 0.10364795113510455 0.05104911248150451 0.40903179106609694 213 image_000213.jpg
 664.550 204.825 4 338.277 219.466 5 623.428 222.431 6 316.553 222.921 7 337.916 223.295 8 668.621 222.801 10 308.950 223.617 11 256.526 224.280 12 788.712 223.878 15 207.556 225.613 19 180.110 226.507 21 267.595 227.537 22 583.080 307.339 29 583.080 307.339 30 459.488 159.667 35 572.258 159.707 36 634.677 198.751 38 661.645 217.976 39 735.401 223.365 40 288.783 227.359 45 288.783 227.359 46 279.493 227.651 47 279.493 227.651 48 788.553 233.712 51 349.607 309.740 55 349.607 309.740 56 339.589 310.218 57 227.544 315.266 58 231.945 321.338 59 568.078 163.743 64 594.292 186.935 65 222.701 231.330 76 264.317 224.254 85 400.394 225.295 86 478.607 225.992 87 506.189 365.260 93 365.815 411.834 94 579.092 154.899 95 474.572 169.037 97 676.731 205.978 99 686.901 222.885 103 572.473 223.054 105 780.748 227.492 106 238.007 228.294 108 196.737 229.569 109 181.111 235.802 111 351.997 305.255 112 227.544 315.266 113 505.375 372.572 114 665.580 213.200 116 711.036 218.102 117 355.935 232.331 118 768.019 220.055 138 350.484 319.550 148 598.574 181.999 152 654.323 135.393 185 596.463 178.885 186 612.796 192.262 221 707.251 223.118 240 593.143 181.060 247 617.987 216.171 249 202.035 261.660 251 458.497 306.957 252 301.026 311.438 253 456.119 309.120 254 554.110 403.291 257 368.863 414.201 258 648.945 222.718 260 496.782 331.967 262 607.312 180.893 267 596.419 172.204 307 270.227 318.560 317 407.037 409.388 327 672.392 209.452 348 421.941 388.356 379 426.329 388.528 380 614.411 215.801 406 639.067 193.619 414 267.595 227.537 422 461.275 201.116 442 755.320 168.639 470 365.472 222.943 477 645.571 216.939 482 301.026 311.438 484 458.549 312.105 488 601.886 308.982 489 345.320 416.283 505 525.525 410.964 507 607.640 299.837 536 456.143 382.115 541 500.647 397.651 568
61 0.9914758366369357 -0.00344418612173759 -0.12959354730973388 0.01301251456276403 0.23403941411491372 0.030757177887466396 0.18112422210748394 61 image_000061.jpg
 635.096 284.596 4 382.334 286.994 7 397.999 287.880 8 376.346 287.287 11 326.090 286.324 17 348.440 289.232 23 484.759 241.074 34 488.372 244.963 35 570.138 248.979 36 613.862 279.699 38 632.281 293.784 39 361.168 289.480 45 361.168 289.480 46 353.753 289.390 47 353.753 289.390 48 397.899 352.465 57 315.722 358.293 59 566.213 251.604 64 584.973 268.927 65 617.530 275.935 66 711.092 298.199 71 310.460 290.453 76 359.724 286.761 82 499.503 252.315 97 643.659 285.760 99 649.790 298.471 103 569.294 294.739 105 715.092 304.636 106 632.047 288.964 115 635.644 290.659 116 407.135 355.677 121 732.259 299.243 123 686.362 344.571 127 334.169 313.550 144 587.966 265.981 152 575.160 266.906 153 715.567 302.033 157 407.135 355.677 166 659.648 295.291 174 632.950 207.688 175 632.950 207.688 176 586.709 263.694 186 554.459 267.232 237 552.768 368.433 261 594.309 265.420 267 685.006 260.555 353 485.223 270.040 354 560.124 269.184 471 711.762 301.672 483 575.990 284.833 519 588.869 373.820 539 554.424 252.586 552 577.296 270.884 553 592.836 429.819 582 604.135 289.998 591
158 0.9853385189600065 -0.048278744334053623 -0.16332527480851125 0.010100844445714054 0.2849432738440408 -0.016826657947264123 0.041573853976436176 158 image_000158.jpg
 598.433 364.900 4 346.463 368.262 11 296.041 367.852 17 269.259 367.290 19 478.313 375.026 20 246.930 367.303 21 314.704 370.202 22 319.143 370.642 23 456.261 327.034 35 595.974 374.156 39 385.596 371.660 41 379.084 371.512 42 331.209 370.579 45 279.918 369.747 49 679.305 388.482 51 376.949 432.457 55 376.949 432.457 56 369.230 432.343 57 392.795 520.734 62 487.445 325.779 63 530.585 333.581 64 395.256 364.959 67 361.336 365.102 68 653.001 377.387 69 659.206 377.540 70 670.432 377.973 71 280.214 371.620 76 470.461 374.448 87 535.511 374.786 105 358.627 370.762 107 378.765 429.101 112 598.811 370.781 116 279.422 432.437 120 378.903 435.713 121 690.353 378.892 123 552.059 347.552 152 379.392 372.718 179 396.288 403.835 195 593.750 377.105 226 631.711 413.852 274 396.288 403.835 339 546.352 506.855 341 535.511 374.786 358 541.160 365.117 519 557.073 451.740 539 444.787 477.483 540 524.412 444.892 563 592.651 353.109 574 450.117 502.851 581 384.551 379.475 584 568.622 370.875 591
164 0.9988116660214312 0.01855212023115576 0.0442816813000225 -0.008379453168650634 -0.12548570148651497 0.016101805783853368 -0.05340458744392892 164 image_000164.jpg
 376.268 256.479 5 607.883 253.849 6 359.069 259.920 7 375.440 259.689 8 353.826 260.589 11 314.534 261.971 12 333.067 261.232 13 753.130 251.810 15 305.010 262.913 17 373.244 262.212 18 278.848 264.104 19 387.206 323.534 26 370.572 324.351 27 512.575 425.850 32 565.643 202.400 36 608.462 219.045 37 618.102 233.736 38 640.996 249.254 39 706.056 252.673 40 338.596 263.911 45 331.321 264.354 47 331.321 264.354 48 289.558 265.988 49 373.273 325.638 54 382.780 329.060 55 382.780 329.060 56 374.859 329.741 57 294.160 339.463 59 509.283 200.892 63 561.943 205.749 64 368.751 255.967 68 717.871 248.263 69 726.408 248.114 70 741.264 247.735 71 772.871 246.777 72 371.129 333.016 74 368.033 340.553 75 289.383 267.974 76 570.237 197.875 95 484.591 212.514 97 653.305 238.455 99 364.480 256.317 102 662.828 253.082 103 365.848 262.325 107 270.818 267.420 109 384.486 325.482 112 644.225 245.035 116 684.637 248.546 117 295.410 332.073 119 499.253 202.537 122 685.205 238.139 125 597.125 246.076 137 561.262 255.029 158 746.910 327.111 163 746.477 330.439 164 688.354 248.724 170 378.762 325.497 171 674.801 248.818 174 486.703 205.971 177 386.085 263.365 179 378.872 328.872 181 286.488 260.028 189 759.092 251.692 227 707.557 315.635 229 680.889 252.927 240 629.361 253.437 260 595.543 219.259 267 625.543 238.415 271 707.646 248.325 272 569.846 208.860 273 662.744 249.057 325 510.722 428.630 404
136 0.9995209094755105 -0.011498480979384256 0.027870633381517483 -0.006996832360976565 -0.2361748882529547 0.07593127824950469 0.46580896207269057 136 image_000136.jpg
 114.982 360.631 5 113.697 364.975 8 51.349 366.438 14 596.962 361.862 15 49.246 369.867 23 127.791 449.265 26 240.544 295.471 35 536.972 361.621 40 64.814 369.239 46 55.633 369.653 47 55.633 369.653 48 597.177 373.179 51 109.445 451.412 54 121.140 455.867 55 102.327 470.494 75 14.850 370.402 108 124.074 451.142 112 126.862 370.095 179 105.945 381.452 182 451.233 266.625 185 352.803 335.753 204 116.961 368.216 239 383.114 317.143 247 380.996 563.107 300 51.209 565.038 326 43.717 369.462 422 274.691 367.269 448
11 0.9946565817124835 0.047470837302172664 -0.09155251778665305 0.004789746311681697 0.12649098960466754 0.03546414932877049 0.405736507435451 11 image_000011.jpg
 313.312 182.542 5 579.715 192.819 6 312.852 185.996 8 732.106 198.168 15 189.407 184.527 19 455.282 193.100 20 245.591 188.060 22 533.915 132.481 36 590.605 170.721 38 615.129 189.355 39 326.653 189.471 42 594.371 196.442 43 594.371 196.442 44 257.258 188.570 47 257.258 188.570 48 159.975 188.026 50 322.483 267.897 55 313.005 267.880 57 339.402 378.748 62 529.254 136.143 64 303.779 181.110 68 704.540 192.596 70 203.462 190.195 76 442.645 189.333 81 264.557 185.049 82 243.222 184.992 85 444.691 192.382 87 539.632 127.955 95 629.404 178.815 99 234.832 168.736 100 724.984 201.296 106 179.368 188.095 109 466.543 329.945 114 618.989 184.977 116 660.408 190.860 117 202.395 267.270 120 557.365 154.146 152 726.278 197.877 157 664.881 191.292 170 609.503 111.547 185 555.422 151.067 186 364.876 288.938 187 458.794 349.944 188 198.101 180.367 189 215.364 263.592 190 678.233 268.950 191 456.324 294.797 192 681.758 144.568 193 711.019 192.374 194 346.786 232.322 195 435.141 237.472 196 435.141 237.472 197
77 0.9999984566041173 0.0008775106958337658 -0.0014967204275182261 -0.00028991234048541105 -0.07375458609673537 -0.031051590882767443 -0.23942150953959637 77 image_000077.jpg
 363.414 223.470 5 573.660 224.829 6 362.780 226.154 8 342.896 226.710 11 307.247 227.818 12 701.066 226.329 15 297.249 228.504 17 360.768 228.357 18 273.516 229.180 19 447.937 175.243 34 452.222 179.452 35 536.282 179.116 36 582.683 207.637 38 602.844 221.546 39 372.780 228.150 42 585.727 227.379 43 585.727 227.379 44 322.041 229.937 47 322.041 229.937 48 283.477 231.101 49 700.586 233.888 51 368.518 288.457 55 368.518 288.457 56 360.902 289.018 57 283.596 292.777 58 285.817 296.922 59 485.228 176.617 63 532.714 182.098 64 585.909 203.635 66 357.133 223.075 68 677.888 222.611 70 690.966 222.554 71 283.288 232.862 76 631.656 212.800 80 462.691 225.075 81 683.271 229.033 84 540.338 175.008 95 614.036 212.317 99 632.819 218.213 101 534.950 225.194 105 353.792 228.392 107 369.929 285.108 112 605.717 217.753 116 640.547 222.056 117 287.479 290.595 119 280.222 290.988 120 369.784 291.928 121 477.367 177.785 122 715.185 222.711 123 641.247 212.844 125 303.018 231.795 126 303.540 253.806 144 555.570 195.497 152 542.641 196.825 153 645.481 222.314 170 506.287 176.604 173 606.391 133.815 175 464.998 180.498 177 372.552 229.604 179 364.893 287.845 181 357.561 237.858 182 279.727 225.838 189 683.323 222.382 194 386.923 260.803 195 456.436 263.138 196 456.436 263.138 197 592.797 225.021 260 562.396 194.615 267 539.454 184.855 273 386.923 260.803 339 355.720 277.234 346 421.717 262.534 349 421.717 262.534 350 567.074 219.985 406 337.375 208.944 412 339.987 236.149 413 520.648 183.603 552
16 0.9975767337838608 0.004781462787558698 -0.06921864593102332 0.005155321043019323 0.12424333830437762 0.016796387062240365 0.08563489147670075 16 image_000016.jpg
 366.477 226.127 5 365.844 230.008 8 363.047 232.876 18 375.974 316.897 55 375.974 316.897 56 356.942 330.592 75 428.971 233.048 86 507.901 235.642 87 357.026 312.730 91 425.268 340.030 92 504.749 178.925 97 602.611 235.054 105 378.358 312.335 112 378.679 321.805 121 520.550 345.232 192 539.791 185.312 200 398.891 445.007 236 426.661 225.066 248 485.915 316.522 252 326.586 317.719 253 483.610 318.462 254 465.614 321.243 255 630.593 321.813 256 581.186 415.744 257 392.813 422.768 258 579.778 336.639 261 524.061 342.796 262 676.812 416.079 263 504.902 239.633 264 532.414 358.743 265 583.745 439.764 266
50 0.9935246692377199 0.01989308538937799 -0.11122812108747 0.011886402224464741 0.18889087596020485 0.006248370203984594 -0.011345375520384865 50 image_000050.jpg
 360.920 230.167 5 598.097 244.172 6 360.432 233.323 8 634.506 246.540 10 335.559 232.766 11 290.118 231.255 12 311.366 231.752 13 729.729 252.464 15 278.352 231.311 17 357.447 235.608 18 247.634 230.564 19 488.216 241.902 20 223.943 230.295 21 304.638 234.726 23 450.023 258.605 25 373.418 300.913 26 460.181 180.424 34 464.332 185.214 35 557.968 190.509 36 606.984 225.000 38 629.023 241.829 39 372.595 236.457 42 611.096 247.768 43 611.096 247.768 44 317.924 234.964 45 317.924 234.964 46 310.070 234.999 47 310.070 234.999 48 221.268 233.101 50 729.614 260.537 51 494.004 285.570 52 494.004 285.570 53 357.521 302.441 54 368.550 306.418 55 368.550 306.418 56 266.471 312.702 59 502.078 184.074 63 574.314 213.561 65 352.466 229.159 68 698.278 246.878 69 705.675 247.147 70 260.896 235.713 76 550.771 244.780 83 296.247 231.559 85 413.493 237.196 86 478.995 241.065 87 498.787 279.536 90 590.676 198.945 96 641.526 232.776 99 556.825 242.410 105 238.412 233.335 109 370.474 302.653 112 632.164 238.276 116 668.217 244.417 117 258.741 304.877 120 370.575 310.518 121 496.376 282.716 145 578.006 210.120 152 563.849 210.872 153 553.664 242.246 158 630.897 143.858 175 630.897 143.858 176 623.880 174.547 185 683.797 313.153 191 390.348 275.075 195 667.238 243.715 225 340.272 273.541 245 242.161 261.042 251 585.538 209.531 267 390.348 275.075 339 685.556 197.479 340 613.617 250.571 345 556.825 242.410 358 563.523 316.536 361 448.493 377.776 365 334.165 256.556 423 531.614 402.372 510 539.187 267.370 528 498.383 285.590 531 376.077 303.487 534 525.192 325.334 538 505.329 229.764 555 539.590 383.507 567 492.864 385.273 568 626.136 217.734 574 581.668 395.710 582
148 0.9905215016930164 0.02201698719183911 0.13454949692912846 -0.016698257628273757 -0.2844101232166284 0.03384223924332451 0.3527797255137841 148 image_000148.jpg
 394.839 263.899 5 622.437 256.486 6 378.911 267.266 7 394.384 266.880 8 638.203 255.835 9 337.528 270.164 12 354.464 268.961 13 349.428 269.900 14 771.212 251.405 15 784.008 250.901 16 327.264 271.122 17 392.387 269.601 18 302.397 272.852 19 284.124 274.290 21 389.529 333.089 27 488.283 208.749 35 581.143 203.749 36 633.218 234.982 38 636.254 258.978 43 636.254 258.978 44 358.739 271.740 45 358.739 271.740 46 312.381 274.634 49 392.111 334.519 54 393.404 338.667 57 317.312 349.437 59 524.266 203.377 63 387.561 263.183 68 734.691 248.167 69 744.330 247.831 70 759.523 246.927 71 390.252 342.126 74 312.666 276.897 76 688.709 239.281 80 341.451 269.973 85 323.503 274.083 108 700.175 249.077 117 318.592 341.769 119 402.775 341.693 121 514.687 205.536 122 788.850 245.819 123 765.789 251.673 157 402.775 341.693 166 705.086 249.306 170 502.264 209.097 177 397.909 337.470 181 601.206 219.362 186 309.867 268.547 189 396.663 269.499 239 644.941 255.698 260 611.168 220.646 267 584.986 210.001 273 388.689 326.099 346 680.245 260.042 347 614.826 250.855 406 319.636 345.649 535
118 0.9967428213299804 -0.008790684869272494 -0.0800821179178419 -0.003650833130249996 0.12834353791173692 0.04558600963538213 0.19571184541705003 118 image_000118.jpg
 400.112 358.986 5 381.413 361.523 11 314.559 362.885 19 500.493 363.717 20 553.728 320.465 36 594.663 346.038 38 612.151 358.747 39 659.840 362.351 40 361.846 364.207 47 361.846 364.207 48 294.464 365.911 50 399.721 415.548 54 551.103 323.257 64 668.611 359.386 69 674.738 359.359 70 685.487 359.415 71 324.492 366.604 76 621.988 350.899 99 627.851 361.863 103 307.279 365.532 109 297.438 369.601 111 409.714 415.346 112 644.185 358.976 117 643.583 351.163 125 570.981 335.169 152 491.603 321.171 177 424.694 393.044 195 487.025 395.190 196 487.025 395.190 197 645.738 362.127 241 545.023 495.472 266 660.918 359.281 272 620.305 358.821 313 468.130 366.887 332 632.875 364.229 338 424.694 393.044 339 365.279 316.236 368 365.279 316.236 369 513.244 353.440 555
185 0.9874483471450759 -0.04022032797375924 0.14788286263410874 -0.03819353731080777 -0.16374547469692494 0.0020420619092810983 0.034022772008479356 185 image_000185.jpg
 563.539 373.394 5 774.485 356.310 6 548.664 377.084 7 562.935 375.918 8 543.760 378.138 11 479.153 385.690 19 646.522 321.223 35 732.483 312.192 36 783.886 337.097 38 806.036 349.903 39 571.654 437.613 55 564.834 438.703 57 728.975 315.795 64 880.374 344.024 69 889.585 343.177 70 904.384 341.781 71 694.285 313.128 73 559.728 448.609 75 736.679 307.786 95 683.999 350.568 98 473.130 388.965 109 572.949 434.115 112 808.273 345.495 116 848.122 346.509 117 932.238 339.472 123 507.383 386.063 126 739.982 329.844 153 572.956 440.923 166 852.558 346.365 170 659.238 320.893 177 572.151 378.726 179 568.644 437.365 181 656.635 405.277 196 564.771 378.294 239 871.006 344.625 272 735.891 317.724 273 548.061 374.784 323 606.091 373.694 337 676.175 355.989 343 830.176 357.192 347 537.388 361.006 412 786.941 333.329 414 782.802 331.774 473 580.583 373.604 477
19 0.9933233835576685 -0.00788486610739578 0.10966871912702292 -0.03491795578242903 -0.2844262538174056 -0.004499660621809463 -0.03173177648564141 19 image_000019.jpg
 574.285 250.010 6 352.087 271.778 11 709.394 239.230 15 311.246 276.913 17 289.951 279.608 19 473.844 261.901 20 273.690 281.952 21 326.031 277.315 22 328.784 277.064 23 446.937 210.625 34 452.072 214.023 35 583.364 230.682 38 339.688 275.651 45 339.688 275.651 46 333.576 276.629 47 333.576 276.629 48 298.963 280.646 49 709.334 247.090 51 377.483 331.594 55 371.236 333.026 57 364.847 266.726 68 684.497 237.404 70 698.715 235.825 71 727.877 233.554 72 499.356 205.407 73 298.495 283.039 76 308.457 279.516 108 378.921 328.421 112 304.672 339.251 119 564.642 243.502 137 554.535 217.960 186 296.415 275.396 189 296.415 275.396 269 394.658 174.557 270 590.633 234.501 271
27 0.9971572781735174 0.0719547310276355 0.02221980100720238 -0.0024813530423402784 -0.0008029677781497634 0.009880911288253694 -0.033999736470256274 27 image_000027.jpg
 675.371 149.922 6 462.895 152.755 8 804.960 150.201 15 395.992 154.857 17 371.546 155.683 19 551.978 103.868 35 637.547 102.513 36 684.557 132.092 38 762.639 150.172 40 381.723 157.642 49 804.793 158.083 51 462.810 216.370 57 585.454 100.201 63 634.297 105.323 64 688.478 127.764 66 822.465 146.174 72 382.193 159.649 76 768.858 77.712 77 565.172 153.661 87 641.817 98.494 95 392.887 157.488 108 471.511 212.821 112 743.380 146.330 117 576.617 101.765 122 735.664 146.276 174 565.094 104.664 177 472.390 156.422 179 457.291 164.418 182 655.429 117.019 186 787.245 146.130 194 487.878 188.209 195 465.060 155.167 239 745.948 150.053 241 664.300 118.249 267 764.307 146.290 272 640.959 108.502 273 744.012 189.656 274
159 0.9885581775403078 0.01574893104546824 0.14731017113984393 -0.02836189911689444 -0.2687697122267504 -0.007404882346216091 -0.10550134128008512 159 image_000159.jpg
 679.078 206.880 6 443.936 231.306 8 354.186 243.255 19 456.225 295.713 26 536.688 167.062 35 634.222 155.659 36 690.256 184.422 38 402.356 239.577 47 442.899 298.848 54 451.836 301.397 55 444.527 302.736 57 573.656 159.564 63 629.928 159.854 64 827.429 189.144 71 591.548 156.681 73 438.907 314.403 75 364.176 246.692 76 392.100 237.768 85 374.491 243.146 108 453.396 297.577 112 370.329 310.120 119 363.647 311.280 120 382.858 243.404 126 751.664 196.038 174 551.702 166.499 177 448.339 301.368 181 655.392 170.427 186 817.520 190.010 194 469.972 268.493 195 637.973 162.075 273 428.040 229.718 323 569.351 207.213 343 741.438 207.583 347 534.463 196.482 354 415.873 214.700 412 661.950 199.988 480 352.461 271.152 558
33 0.997174020553475 0.030672630532219965 0.06723518907403285 -0.013512985677313688 -0.20065285360677612 0.07058609001308294 0.5627911792304956 33 image_000033.jpg
 581.891 207.899 6 294.194 214.834 8 630.126 207.339 10 266.969 215.691 11 761.551 205.610 15 776.767 205.464 16 205.183 218.143 17 291.146 217.854 18 172.518 219.392 19 443.176 215.190 20 147.223 220.763 21 233.205 220.459 23 289.142 297.032 27 414.139 146.157 35 530.400 142.724 36 595.333 182.489 38 623.142 201.534 39 307.436 217.839 42 599.341 211.329 43 599.341 211.329 44 247.927 219.783 45 761.635 216.287 51 292.407 298.685 54 304.502 302.978 55 304.502 302.978 56 294.425 304.019 57 193.865 315.826 59 460.807 139.887 63 525.620 146.769 64 600.222 177.344 66 718.446 201.120 69 729.053 200.877 70 747.539 200.267 71 479.744 139.459 73 290.010 308.188 74 186.154 224.804 76 428.984 211.426 81 224.789 217.131 85 353.839 215.838 86 536.028 137.600 95 637.924 189.397 99 216.511 200.138 100 650.189 207.078 103 200.706 221.538 108 149.060 230.006 111 195.403 306.627 119 597.029 207.553 142 304.452 313.316 148 307.006 219.766 179 300.077 302.482 181 618.357 113.896 185 554.988 162.296 186 618.265 204.314 210 768.407 205.373 227 321.939 432.481 236 551.916 164.556 247 351.342 207.713 248 576.568 201.309 249 469.238 214.275 293 522.875 182.755 399 612.655 201.109 400 446.611 404.871 401 336.163 317.069 402 295.475 421.461 403 461.893 427.405 404
38 0.999874138389947 -0.009338871193770524 -0.008954154252694954 -0.009182492650135156 -0.02831514814703634 0.012501248824149873 0.19022564788556653 38 image_000038.jpg
 596.445 310.072 6 595.788 271.846 37 606.744 288.171 38 342.827 392.756 55 342.827 392.756 56 390.675 477.642 61 544.690 256.986 64 365.686 308.166 67 389.471 315.273 86 457.980 262.971 97 548.621 311.368 105 484.597 449.911 114 343.143 401.841 148 531.944 482.749 149 570.632 270.670 186 365.359 358.535 195 609.323 309.895 224 568.281 272.755 247 581.483 272.159 267 365.359 358.535 339 373.800 404.451 402 458.930 266.438 419 568.281 272.755 420 563.067 397.339 421
187 0.9652176740505642 -0.08293819791631854 -0.24550534103507995 0.034687577464604054 0.40902727536748823 -0.17712011336972583 -0.48727479402086177 187 image_000187.jpg
 556.540 200.769 6 606.665 212.143 10 723.899 243.004 15 495.962 116.552 36 566.989 177.792 38 597.955 205.257 39 574.898 208.631 43 574.898 208.631 44 489.425 120.202 64 520.054 154.471 65 573.495 172.981 66 684.885 228.746 69 710.690 235.035 71 451.874 119.892 78 544.227 135.401 96 624.466 218.124 103 497.509 187.456 105 674.500 241.399 110 603.049 200.557 116 499.312 134.269 130 499.312 134.269 131 451.211 125.915 132 505.223 146.488 153 585.079 116.950 185 522.504 145.434 186 487.265 157.197 204 542.695 165.202 221 544.882 197.638 223 645.475 223.571 240 519.087 147.137 247 548.810 191.933 249 584.767 207.178 260 499.864 127.029 273 655.163 281.181 274 406.939 137.708 289 506.477 148.125 290 633.834 416.198 297 542.574 422.863 299 662.068 117.980 305 662.666 128.644 306 423.188 162.004 311 619.505 221.004 314 532.807 165.693 331 663.948 163.188 340 497.509 187.456 358 503.161 104.009 426 503.161 104.009 427 453.780 129.928 429 462.974 300.446 433 457.437 127.505 439 538.571 168.061 444 397.846 169.019 449 535.268 237.476 456 432.855 427.947 464 440.481 437.699 466 581.766 200.544 482 712.044 239.789 483 677.076 132.009 551 469.760 117.240 552 507.614 153.816 553 387.481 398.591 580 545.476 426.611 582 443.779 196.003 586 675.509 136.647 590 548.787 260.157 598
196 0.9803132605192111 0.010084818396978888 0.19193365984437036 -0.045229146517653376 -0.4227608132003923 0.012034511637351659 0.11317097877008048 196 image_000196.jpg
 592.315 210.134 6 397.015 237.628 8 728.801 193.480 15 394.881 240.089 18 323.661 250.284 19 359.087 246.452 23 554.151 165.253 36 601.884 189.490 38 622.617 202.445 39 368.421 244.825 45 368.421 244.825 46 363.224 245.854 47 728.741 202.043 51 605.235 185.375 66 694.766 193.585 69 703.518 192.319 70 717.794 190.476 71 748.336 186.436 72 517.333 167.355 73 393.860 312.534 75 331.453 253.029 76 651.777 188.739 80 557.067 160.360 95 643.260 204.005 103 667.209 197.228 170 525.330 167.154 173 485.345 176.900 177 439.979 285.491 180 581.042 178.042 267 666.581 154.511 469
223 0.9909477100718886 -0.022232209180416303 0.12893511248700767 -0.030068425741142966 -0.3251220615552454 -0.06070577619594563 -0.25055745459781154 223 image_000223.jpg
 651.838 141.450 6 426.437 170.209 7 810.741 130.730 16 361.014 183.382 19 398.915 178.213 23 522.507 109.215 35 610.485 97.720 36 661.596 122.200 38 684.192 134.752 39 408.755 176.241 45 408.755 176.241 46 369.413 183.906 49 797.532 139.698 51 556.759 101.653 63 628.915 116.529 65 665.836 117.619 66 770.403 129.009 70 785.493 127.837 71 570.125 99.408 73 394.023 176.704 85 614.248 92.704 95 534.549 114.532 97 705.609 137.230 103 610.140 145.953 105 354.920 187.050 109 687.345 130.317 116 727.469 131.781 117 547.506 104.143 122 641.705 134.993 137 792.017 131.761 157 544.887 114.903 168 578.549 99.107 173 536.341 108.212 177 534.898 159.735 264 638.325 110.431 267 675.202 130.959 268 636.285 121.294 331 509.322 164.040 332 480.218 163.797 337 520.950 134.954 354 528.081 137.735 388 644.291 137.031 406 636.113 135.439 480 602.129 127.427 517 620.175 119.292 553 732.129 103.320 595
231 0.9920346258636986 -0.020937294239770626 -0.12417178054712107 -0.003208716186917258 0.22825758063119234 -0.07874370367292709 -0.30244970548049005 231 image_000231.jpg
 649.530 189.928 6 497.909 188.163 20 311.766 273.583 27 631.363 284.420 28 460.981 111.697 35 316.307 275.787 54 331.835 281.102 55 331.835 281.102 56 319.616 281.300 57 485.378 187.264 87 479.183 123.201 97 334.898 275.584 112 333.994 286.191 121 634.737 182.216 139 333.084 292.777 148 461.450 186.288 159 555.058 213.999 161 555.058 213.999 162 333.994 286.191 166 404.681 264.049 180 518.774 131.134 199 402.087 170.969 205 402.087 170.969 206 607.496 403.525 233 499.670 409.872 235 469.403 191.567 243 352.082 193.076 244 481.516 192.287 264 359.182 219.376 295 344.890 292.711 296 446.987 186.137 310 283.940 435.340 321 289.846 174.385 323 457.507 150.573 354 423.483 421.153 384 440.364 171.422 405 518.645 176.822 407 480.198 127.914 419 633.102 272.543 432 533.019 166.281 445 524.532 168.013 446 515.361 199.154 451 684.040 222.131 455 631.458 252.781 458 462.990 274.799 459 604.858 294.073 460 660.779 158.320 473 627.843 178.786 480 614.288 294.461 491 723.921 290.710 492 579.721 296.339 493 475.592 186.647 521 449.594 212.411 525 555.404 217.980 527 514.246 225.734 529 635.690 275.682 536 407.447 291.217 537 554.953 303.217 538 418.425 425.348 548 720.239 375.697 579 454.768 392.256 581 639.651 398.281 582 512.082 202.365 585 343.705 296.506 593 646.554 161.906 596
110 0.9969774648519922 0.04498970899368332 0.0625523798781589 -0.009952486340874372 -0.16364139334304334 0.030919544679122224 0.48484754530011803 110 image_000110.jpg
 598.577 202.738 6 359.779 208.094 8 314.723 209.220 13 310.273 210.096 14 746.965 201.358 15 285.421 210.898 17 258.417 211.731 19 483.112 208.338 20 238.116 212.839 21 308.651 212.680 23 372.272 275.108 26 355.129 275.584 27 555.633 148.896 36 608.705 181.480 38 313.601 212.520 47 313.601 212.520 48 269.823 213.922 49 357.855 277.052 54 367.634 280.526 55 367.634 280.526 56 359.611 281.097 57 496.643 146.218 63 551.517 152.597 64 573.954 171.837 65 352.468 203.973 68 356.553 284.722 74 269.946 216.182 76 612.343 185.923 79 665.652 187.403 80 547.901 206.953 83 302.537 209.788 85 295.140 195.826 100 281.893 213.537 108 250.107 215.262 109 698.668 210.809 110 369.565 276.788 112 272.798 286.162 113 373.027 215.529 118 277.244 283.319 119 269.306 283.645 120 369.464 284.625 121 558.777 160.656 131 592.038 191.330 135 543.641 173.569 154 404.665 208.963 160 588.540 189.053 169 680.918 197.776 170 520.852 146.595 173 628.336 125.348 185 313.290 147.950 259 615.876 359.165 263 472.027 211.722 264 584.891 166.987 267 353.640 269.094 346 658.956 207.120 347 455.808 181.075 354 652.449 275.402 360 417.929 283.369 362 318.922 150.180 369 463.164 185.754 388 392.707 291.427 390 442.745 197.655 405 522.453 278.204 409 522.453 278.204 410 613.055 177.715 414 459.664 182.718 472 403.660 201.987 475 658.162 281.442 494 410.165 201.501 518 501.147 373.545 547 565.455 174.235 553 384.472 218.461 556 257.035 241.243 558 294.724 249.701 559 472.020 268.441 560 266.072 287.662 561 450.842 358.544 569 393.468 265.138 587 576.841 370.039 589
112 0.9636364057157717 -0.06361979474831435 -0.2587930016124551 0.019585310235155414 0.4344655429842535 -0.045676825469038645 -0.046122752681385965 112 image_000112.jpg
 568.793 364.551 6 38.037 322.977 8 336.754 351.664 20 268.342 207.907 34 276.557 219.797 35 583.871 323.059 38 828.251 407.895 51 35.822 490.695 54 471.144 363.435 83 316.262 349.490 87 304.855 240.451 97 482.962 357.931 105 68.919 509.780 121 65.258 521.000 148 608.378 352.619 156 309.938 225.538 177 517.682 281.506 186 749.872 521.555 191 367.678 257.767 200 182.461 315.740 205 623.666 364.825 210 750.177 264.660 220 45.604 329.926 239 512.996 285.248 247 538.097 523.737 256 610.615 368.638 260 537.309 287.403 267 90.101 277.367 285 223.071 333.417 291 111.144 395.356 295 85.939 521.524 296 261.443 199.937 303 191.215 242.584 304 518.157 270.214 307 254.874 344.597 310 620.692 427.400 315 686.450 383.136 338 348.775 324.349 343 134.589 528.121 390 467.598 310.371 399 266.921 205.089 425 226.418 231.077 428 506.076 291.582 430 365.481 409.696 431 545.252 500.926 432 387.796 242.288 438 345.903 352.990 448 582.978 360.148 450 689.927 372.143 452 819.281 378.188 453 619.565 419.660 455 637.347 432.688 457 556.197 719.671 462 556.197 719.671 463 422.493 741.542 466 153.784 318.895 475 48.654 316.873 476 208.849 340.327 478 699.350 434.267 530 548.918 505.902 536 368.872 325.191 555 559.434 712.100 582
60 0.9986056002291142 0.012362368584221852 0.04192523328833598 -0.02960214208070603 -0.1227913378006173 0.05287693686427565 0.42363457334765664 60 image_000060.jpg
 330.584 314.322 7 282.296 317.909 12 297.891 317.307 14 271.617 319.167 17 291.299 320.474 22 441.076 330.962 24 441.076 330.962 25 364.229 382.060 26 346.444 383.360 27 580.743 375.677 28 444.800 247.571 34 450.427 251.590 35 550.114 245.505 36 606.958 277.595 38 309.219 319.301 45 309.219 319.301 46 301.442 320.086 47 301.442 320.086 48 254.903 323.163 49 488.160 354.123 52 488.160 354.123 53 349.343 384.721 54 264.534 402.311 59 546.689 249.414 64 341.754 309.910 68 711.646 289.560 69 721.315 288.938 70 505.459 244.321 73 347.611 392.391 74 255.184 325.383 76 701.618 208.697 77 267.960 322.292 108 256.617 395.268 120 280.916 349.313 144 557.884 266.715 153 361.209 317.226 179 251.076 316.565 189 239.450 352.521 251 251.076 316.565 269 291.299 320.474 422 287.509 339.009 522 491.912 353.876 531 619.053 461.819 546 242.031 350.691 558 581.676 472.695 589
204 0.9884761132999859 0.05291452467596721 -0.14164014227476077 0.0072868967778668935 0.2421728966999681 0.01775472397324432 0.27616064031723864 204 image_000204.jpg
 347.979 211.206 13 297.094 210.093 19 466.217 169.450 34 468.821 173.163 35 542.601 176.940 36 599.438 218.826 39 645.291 224.535 40 396.881 215.119 42 346.845 213.842 47 393.929 271.632 56 387.484 271.549 57 499.034 172.104 63 539.810 179.540 64 380.282 209.073 68 653.924 221.689 69 510.983 172.594 73 352.251 211.331 82 481.055 218.688 87 331.500 199.052 100 674.118 228.461 106 629.769 212.263 125 327.634 214.612 126 559.281 193.141 152 547.604 193.382 153 517.279 173.482 173 481.178 174.904 177 397.077 216.693 179 303.151 207.084 189 412.111 245.589 195 528.993 193.619 237 371.397 244.228 246 564.952 192.745 267 592.695 214.832 268 646.390 221.351 272 412.111 245.589 339 587.522 225.472 345 617.658 227.217 347 443.514 352.368 384 452.463 210.646 408 565.317 224.953 523 315.594 267.474 578
162 0.999691908136481 0.01976653092485247 0.013070071564077336 -0.0073849084289760196 -0.1717370834411641 0.0009666036341589826 0.09368914912439921 162 image_000162.jpg
 260.732 267.631 14 241.385 268.250 17 219.452 269.054 19 255.827 269.728 22 496.195 246.579 38 564.576 262.573 40 308.298 268.204 42 263.720 269.790 47 228.105 270.871 49 305.454 322.777 55 230.577 326.680 58 409.008 219.518 63 293.948 263.244 68 574.850 259.406 69 581.246 259.461 70 421.438 218.795 73 228.595 272.542 76 238.255 270.379 108 306.598 325.698 121 615.590 258.881 123 306.598 325.698 166 427.108 219.262 173 308.587 269.504 179 294.739 277.249 182 225.359 265.920 189 225.359 265.920 269 531.575 266.909 347 573.836 262.486 524 293.948 263.244 554 487.664 257.094 591
29 0.9947815515791177 0.09359074985345052 -0.04055429000974386 0.002407338012092165 -0.11790337355814855 -0.06211050675820834 0.32089766141076265 29 image_000029.jpg
 191.997 95.171 19 341.898 57.542 35 411.079 58.972 36 449.044 84.233 38 510.906 101.193 40 233.857 97.643 47 274.950 148.674 55 274.950 148.674 56 269.018 149.008 57 408.798 61.938 64 451.774 81.675 66 262.878 92.645 68 518.817 98.426 69 525.808 98.712 70 263.842 157.065 75 219.677 84.639 100 209.771 97.519 108 495.648 97.436 117 207.099 148.686 119 555.118 99.540 123 216.939 98.836 126 426.902 73.643 152 416.251 74.374 153 271.986 145.859 171 489.804 97.444 174 352.802 58.577 177 276.350 99.027 179 272.042 148.441 181 264.076 105.222 182 196.968 92.517 189 529.959 98.598 194 289.814 125.330 195 497.066 100.724 241 255.635 124.567 245 255.635 124.567 246 432.375 72.777 267 512.285 98.237 272 414.504 64.083 273 512.868 39.019 306 484.201 102.590 338 289.814 125.330 339 510.382 61.077 340 412.083 210.994 341 457.289 85.582 342 364.789 89.806 343 267.431 140.604 344 452.924 103.121 345 264.430 139.086 346 482.614 104.009 347 471.179 91.263 348 318.779 127.350 349 318.779 127.350 350 481.298 179.563 351
219 0.9882275464001056 0.06931634794912779 -0.13626961298066165 -0.005671328792641528 0.13446000501809804 0.024201089255767843 0.27051606731487027 219 image_000219.jpg
 205.029 194.312 19 373.541 149.457 34 558.276 199.838 40 407.029 151.630 63 466.279 174.102 65 419.581 151.511 73 295.371 256.737 74 215.950 198.610 76 390.235 198.322 87 535.381 192.629 101 305.326 250.217 112 510.229 190.987 115 398.977 152.329 122 541.026 188.100 125 236.815 198.247 126 469.042 170.920 152 500.769 192.573 156 389.307 154.548 177 304.953 198.367 179 321.185 227.004 195 442.381 332.374 266 474.601 169.945 267 503.757 191.821 268 502.171 183.617 342 528.909 203.501 347 495.261 178.805 414 440.709 270.905 564 444.836 306.226 566 370.802 180.480 573 225.481 250.804 578 474.593 319.313 582
232 0.9953408065679297 0.02454455143634331 -0.09324163461900503 0.000503077080597657 0.10256073471065436 0.03018070993138443 0.2806646076989959 232 image_000232.jpg
 294.562 254.901 19 574.998 255.182 39 389.390 256.986 41 385.405 257.053 42 651.393 266.460 51 382.152 308.714 56 376.166 308.794 57 306.443 310.864 58 518.252 220.984 64 533.799 235.324 65 644.168 256.860 71 303.869 258.977 76 306.443 310.864 113 577.415 252.137 116 303.219 309.226 120 383.657 311.526 121 471.981 215.749 122 662.356 257.335 123 604.567 248.764 125 321.835 258.181 126 536.583 232.515 152 525.916 233.301 153 379.098 305.421 171 385.091 258.385 179 456.543 287.497 196 456.543 287.497 197 361.582 284.094 245 523.079 222.962 273 414.929 257.486 337 594.265 260.481 338 474.367 248.785 343 593.099 262.358 347 581.315 250.094 348 481.890 248.920 555 546.477 289.107 598
214 0.9991124453205317 0.011875451929872582 0.03562655468853024 -0.019080101609666875 -0.1317341549333865 -0.039208223588671036 -0.24770880005549956 214 image_000214.jpg
 569.659 253.537 31 327.180 376.828 62 318.454 266.139 121 432.610 220.920 196 421.643 254.969 252 422.486 352.940 318 548.018 254.660 361 382.266 375.746 384 347.895 272.529 402 553.499 258.494 421 613.605 152.320 481 655.929 248.639 492 468.988 286.517 496 339.288 386.845 511 422.618 360.246 545 409.851 350.401 581
53 0.991971809915953 -0.04148945709496712 -0.1183387216189427 0.016324873806946784 0.13533219550815465 0.0598359639738488 0.2772082754759076 53 image_000053.jpg
 421.038 389.355 35 518.987 406.506 37 314.697 426.434 45 314.697 426.434 46 308.801 426.245 48 350.470 478.500 56 343.954 478.404 57 447.920 387.945 63 486.032 394.397 64 501.516 409.158 65 528.674 414.407 66 339.690 422.012 68 598.285 431.978 70 608.347 432.150 71 458.991 388.051 73 273.320 427.228 76 270.874 477.553 120 351.733 481.296 121 441.099 388.642 122 570.706 423.449 125 290.342 426.642 126 504.424 406.284 152 493.168 406.763 153 573.501 430.796 170 413.495 382.749 198 475.787 554.839 266 509.049 405.797 267 331.722 422.129 323 585.133 398.525 324 560.709 434.453 338 559.060 436.629 347 493.692 421.891 519 476.435 395.268 552 495.224 410.269 553
71 0.9959529492804812 0.02912314400766265 0.08266905306055607 -0.019884364931959317 -0.005894507159227187 0.021074297368841314 0.38364312381099075 71 image_000071.jpg
 636.292 247.205 35 577.507 332.538 56 572.276 332.869 57 661.883 243.544 63 566.189 283.101 68 804.860 272.804 69 811.337 272.445 70 821.754 272.026 71 672.674 242.677 73 511.117 292.249 76 768.161 276.872 103 754.420 271.687 116 782.803 273.388 117 578.824 335.054 121 840.239 271.191 123 503.845 310.738 124 783.586 266.727 125 526.052 291.103 126 646.091 247.505 177 574.947 332.239 181 508.845 286.794 189 815.464 272.104 194 590.705 311.111 195 559.812 311.989 245 559.812 311.989 246 742.086 267.800 271 590.705 311.111 339 567.704 325.229 346 593.887 346.436 415
97 0.9957174090012387 0.010322334433437943 -0.09165026040684462 -0.006365665570033975 0.24862256240829217 0.08707924795812991 0.4662592790147496 97 image_000097.jpg
 607.274 336.857 64 621.101 348.911 65 509.316 364.775 67 485.279 365.330 68 490.389 415.197 74 430.598 372.218 76 657.379 361.807 116 445.640 371.554 126 623.114 346.297 152 561.974 335.496 177 427.808 366.746 189 546.263 329.688 198 479.266 392.271 246 627.698 345.508 267 648.749 355.243 342 572.317 360.720 343 669.714 370.340 347 672.646 434.817 351 640.236 411.391 376 554.292 466.057 383 650.323 324.110 386 553.650 413.570 389 654.388 371.192 557 547.785 355.711 573 629.677 461.775 582 625.673 462.992 588 629.315 465.907 589 580.863 368.932 592 502.492 419.971 593 634.931 353.438 596 633.126 395.492 598 672.646 434.817 599
194 0.9905156746114626 0.059825271014133166 0.123633636107931 -0.003790022118087758 -0.41284330369398375 -0.013652256912823953 0.12567015105903107 194 image_000194.jpg

135 0.9987652203470777 0.02899462550548435 -0.03808440045844909 -0.013301211601111687 0.03592140957147253 -0.040655950493119375 -0.3653076840913442 135 image_000135.jpg

206 0.9990723375152895 -0.018181370494758008 -0.039036045441506816 -0.0003193345487272645 0.05231913391396252 0.11849421464932881 0.6183276535041655 206 image_000206.jpg

113 0.9902239917459045 0.08030646071297239 0.11367705623357635 -0.009211517857910228 0.01718665984746351 -0.003304323257791217 0.3271180996976354 113 image_000113.jpg

188 0.9980512869003934 0.022624694037903747 -0.05805514701305832 -0.003368430448306179 0.08103976693492375 -0.012068594771517695 -0.07036764548032583 188 image_000188.jpg

