# 3D point list with one line of data per point:
#   POINT3D_ID, X, Y, Z, R, G, B, ERROR, TRACK[] as (IMAGE_ID, POINT2D_IDX)
# Number of points: 600, mean track length: 7.22
0 -0.002720825191926357 -0.13249483071362886 1.0318624892842136 0 0 0 0.31 2 0 4 0 9 0 13 0 39 0 85 0 92 0 93 0 98 0 109 0 124 0 146 0 157 0 176 0 200 0 
1 0.099116846667077 -0.11383922967981204 1.0273633214980191 0 0 0 0.22 2 1 4 1 28 0 39 1 44 0 93 1 
2 0.1887987767551819 -0.11312761434588392 1.0260834906881051 0 0 0 0.32 2 2 39 2 124 1 146 1 157 1 172 0 176 1 234 0 
3 0.1408447475544608 -0.09783038976036773 1.018897399166904 0 0 0 0.2 2 3 32 0 36 0 39 3 146 2 200 1 
4 0.145338526701272 -0.09654045555250608 1.017514625246273 0 0 0 0.31 2 4 32 1 39 4 61 0 92 1 93 2 98 1 124 2 157 2 158 0 175 0 200 2 213 0 
5 -0.08917742360121084 -0.0877704808728939 1.037562298565545 0 0 0 0.32 2 5 11 0 16 0 28 1 36 1 39 5 50 0 77 0 85 1 118 0 136 0 148 0 164 0 176 2 185 0 213 1 
6 0.11567141170105755 -0.08392608894798888 1.0206352611471234 0 0 0 0.22 2 6 4 2 9 1 11 1 13 1 19 0 27 0 28 2 33 0 38 0 39 6 44 1 50 1 77 1 85 2 92 2 93 3 98 2 109 1 110 0 112 0 124 3 146 3 148 1 157 3 159 0 164 1 175 1 176 3 185 1 187 0 196 0 200 3 213 2 223 0 231 0 
7 -0.10486810029743526 -0.0854453809887736 1.0394334042726658 0 0 0 0.32 2 7 39 7 60 0 61 1 92 3 124 4 146 4 148 2 164 2 185 2 213 3 223 1 
8 -0.08969207896980953 -0.08501948313632628 1.0369507036299226 0 0 0 0.18 2 8 4 3 9 2 11 2 13 2 16 1 27 1 28 3 32 2 33 1 39 8 44 2 50 2 61 2 77 2 85 3 92 4 93 4 109 2 110 1 112 1 124 5 136 1 148 3 157 4 159 1 164 3 185 3 196 1 200 4 213 4 
9 0.1293413838715805 -0.08349687886990628 1.0194126713810112 0 0 0 0.26 2 9 4 4 36 2 39 9 85 4 92 5 93 5 124 6 148 4 175 2 200 5 
10 0.1486615923678974 -0.08330136133247468 1.0184606366953213 0 0 0 0.24 2 10 9 3 28 4 32 3 33 2 39 10 44 3 50 3 93 6 98 3 109 3 124 7 146 5 157 5 175 3 187 1 200 6 213 5 234 1 
11 -0.11009506071902946 -0.08491708119859295 1.0401900854207842 0 0 0 0.16 2 11 4 5 9 4 13 3 19 1 32 4 33 3 39 11 44 4 50 4 61 3 77 3 92 6 93 7 109 4 118 1 124 8 146 6 157 6 158 1 164 4 185 4 200 7 213 6 
12 -0.14740347765360273 -0.08499629263182641 1.0468593184220327 0 0 0 0.32 2 12 4 6 9 5 39 12 44 5 50 5 60 1 77 4 124 9 146 7 148 5 157 7 164 5 176 4 200 8 213 7 
13 -0.12990388081242302 -0.08507674393590729 1.0435225592177573 0 0 0 0.24 2 13 13 4 32 5 39 13 44 6 50 6 92 7 93 8 109 5 110 2 124 10 146 8 148 6 157 8 164 6 176 5 200 9 204 0 
14 -0.13423898834490341 -0.08455680939118378 1.0443574683091474 0 0 0 0.2 2 14 9 6 13 5 32 6 39 14 44 7 60 2 93 9 110 3 124 11 136 2 146 9 148 7 162 0 200 10 
15 0.23790090955303 -0.08195397602456217 1.0179287649832283 0 0 0 0.2 2 15 4 7 9 7 11 3 13 6 19 2 27 2 28 5 32 7 33 4 44 8 50 7 77 5 92 8 93 10 98 4 110 4 124 12 136 3 146 10 148 8 157 9 164 7 172 1 175 4 176 6 187 2 196 2 200 11 213 8 
16 0.24817988776643804 -0.08167983502085396 1.0178662333047757 0 0 0 0.43 2 16 13 7 33 5 93 11 98 5 124 13 146 11 148 9 157 10 175 5 200 12 223 2 
17 -0.15719365313719713 -0.08450067107231281 1.04828427114333 0 0 0 0.14 2 17 4 8 9 8 19 3 27 3 32 8 33 6 36 3 39 15 44 9 50 8 60 3 61 4 77 6 85 5 110 5 124 14 148 10 157 11 158 2 162 1 164 8 200 13 
18 -0.09168701991568055 -0.08293187503221454 1.0366332379270708 0 0 0 0.25 2 18 4 9 16 2 33 7 39 16 50 9 77 7 92 9 93 12 124 15 148 11 157 12 164 9 176 7 196 3 200 14 
19 -0.1823863952672777 -0.08428599994215773 1.0524424615671346 0 0 0 0.24 2 19 4 10 11 4 19 4 27 4 29 0 32 9 33 8 36 4 39 17 44 10 50 10 77 8 85 6 109 6 110 6 118 2 124 16 146 12 148 12 157 13 158 3 159 2 162 2 164 10 176 8 185 5 196 4 200 15 204 1 213 9 219 0 223 3 232 0 
20 0.018608392831457984 -0.08187870173540815 1.024227595864033 0 0 0 0.17 2 20 4 11 9 9 11 5 13 8 19 5 28 6 32 10 33 9 36 5 39 18 44 11 50 11 85 7 93 13 98 6 110 7 112 2 118 3 124 17 146 13 157 14 158 4 176 9 200 16 231 1 
21 -0.20197350642087103 -0.0838742835314328 1.0558374236061083 0 0 0 0.23 2 21 4 12 9 10 19 6 32 11 33 10 36 6 39 19 44 12 50 12 92 10 110 8 146 14 148 13 157 15 158 5 176 10 200 17 213 10 
22 -0.1396091207999691 -0.08252693493630622 1.0449285889584619 0 0 0 0.27 2 22 4 13 11 6 19 7 39 20 44 13 60 4 85 8 92 11 109 7 124 18 146 15 157 16 158 6 162 3 200 18 213 11 
23 -0.13567421977944186 -0.08226748724214422 1.0439260751005732 0 0 0 0.31 2 23 13 9 19 8 33 11 39 21 44 14 50 13 61 5 85 9 92 12 93 14 109 8 110 9 124 19 136 4 146 16 157 17 158 7 196 5 200 19 223 4 
24 -0.01324613267822583 -0.06617314212906267 1.0309997192849525 0 0 0 0.28 2 24 39 22 44 15 60 5 
25 -0.013188252768844586 -0.06621192346589656 1.0307931765979708 0 0 0 0.34 2 25 39 23 44 16 50 14 60 6 157 18 
26 -0.07821101540369699 -0.028010529340007032 1.0257861946803755 0 0 0 0.22 2 26 4 14 36 7 39 24 44 17 50 15 60 7 92 13 93 15 110 10 124 20 136 5 157 19 159 3 164 11 200 20 
27 -0.09380395278219106 -0.027653984189304374 1.0291742537145672 0 0 0 0.14 2 27 4 15 33 12 39 25 44 18 60 8 92 14 110 11 124 21 148 14 157 20 164 12 200 21 231 2 
28 0.09973531375420361 -0.0229941061649883 1.0129294234697825 0 0 0 0.17 2 28 39 26 60 9 146 17 231 3 
29 0.08492261847458615 -0.02286177309851572 1.015459483096196 0 0 0 0.35 2 29 39 27 157 21 213 12 
30 0.08487368941201016 -0.022804745951776735 1.0152470413030832 0 0 0 0.39 2 30 39 28 213 13 
31 0.09980565371510301 -0.01967111642145473 1.012489976841461 0 0 0 0.1 2 31 9 11 39 29 124 22 214 0 
32 0.03314743416813677 0.060773773943810463 0.9961870639024096 0 0 0 0.27 2 32 32 12 39 30 44 19 92 15 98 7 124 23 157 22 164 13 175 6 200 22 
33 -0.041151514022494895 0.0651305130747384 1.0044535324976642 0 0 0 0.14 2 33 32 13 124 24 
34 -0.006290588183093813 -0.13381153580955774 1.031331328272713 0 0 0 0.33 2 34 4 16 9 12 13 10 19 9 28 7 32 14 36 8 39 31 44 20 50 16 60 10 61 6 77 9 85 10 92 16 98 8 109 9 112 3 124 25 146 18 157 23 176 11 200 23 204 2 219 1 
35 -0.0020972616493545085 -0.13018575968078708 1.0332388815564983 0 0 0 0.28 2 35 4 17 9 13 19 10 27 5 28 8 29 1 32 15 33 13 36 9 39 32 44 21 50 17 53 0 60 11 61 7 71 0 77 10 85 11 92 17 98 9 109 10 112 4 124 26 136 6 146 19 148 15 157 24 158 8 159 4 172 2 176 12 185 6 200 24 204 3 213 14 223 5 231 4 
36 0.08025503097281432 -0.12977846481068736 1.0297459267112845 0 0 0 0.25 2 36 4 18 9 14 11 7 27 6 28 9 29 2 32 16 33 14 36 10 39 33 44 22 50 18 60 12 61 8 77 11 85 12 92 18 98 10 109 11 110 12 118 4 124 27 146 20 148 16 157 25 159 5 164 14 172 3 176 13 185 7 187 3 196 6 200 25 204 4 213 15 223 6 
37 0.11630378558651674 -0.11416568805235802 1.0255099451078018 0 0 0 0.34 2 37 4 19 38 1 39 34 44 23 53 1 164 15 176 14 
38 0.12474641832901383 -0.10114487686859079 1.0242691973073776 0 0 0 0.3 2 38 4 20 9 15 11 8 19 11 27 7 28 10 29 3 33 15 38 2 39 35 44 24 50 19 60 13 61 9 77 12 85 13 92 19 93 16 110 13 112 5 118 5 124 28 146 21 148 17 157 26 159 6 162 4 164 16 172 4 175 7 176 15 185 8 187 4 196 7 213 16 223 7 234 2 
39 0.14386465542286925 -0.08717913582573392 1.0203877220437763 0 0 0 0.21 2 39 4 21 9 16 11 9 13 11 28 11 32 17 33 16 39 36 44 25 50 20 61 10 77 13 92 20 93 17 98 11 118 6 124 29 146 22 157 27 158 9 164 17 175 8 176 16 185 9 187 5 196 8 200 26 204 5 213 17 223 8 232 1 234 3 
40 0.19842840456066696 -0.0825074408781786 1.0189499428854452 0 0 0 0.3 2 40 13 12 27 8 28 12 29 4 39 37 44 26 92 21 93 18 118 7 124 30 136 7 146 23 157 28 162 5 164 18 172 5 175 9 176 17 204 6 213 18 219 2 234 4 
41 -0.07479847789718924 -0.08239665675875499 1.0315940009132591 0 0 0 0.58 2 41 4 22 9 17 32 18 39 38 158 10 172 6 200 27 232 2 
42 -0.0794156181817042 -0.08257247030039622 1.034046109448373 0 0 0 0.3 2 42 11 10 13 13 32 19 33 17 39 39 50 21 77 14 124 31 157 29 158 11 162 6 176 18 200 28 204 7 232 3 
43 0.12742208437730493 -0.08128043153664784 1.019576240909537 0 0 0 0.18 2 43 4 23 9 18 11 11 13 14 28 13 33 18 36 11 39 40 44 27 50 22 77 15 85 14 92 22 93 19 98 12 109 12 124 32 146 24 148 18 157 30 175 10 176 19 187 6 200 29 234 5 
44 0.1274220843773049 -0.08128043153664787 1.019576240909537 0 0 0 0.18 2 44 4 24 9 19 11 12 13 15 28 14 33 19 36 12 39 41 44 28 50 23 77 16 85 15 92 23 93 20 98 13 109 13 124 33 146 25 148 19 157 31 175 11 176 20 187 7 200 30 234 6 
45 -0.12447371335837448 -0.0824804956937159 1.0422622924167773 0 0 0 0.21 2 45 4 25 9 20 13 16 19 12 32 20 33 20 39 42 50 24 53 2 60 14 61 11 92 24 124 34 146 26 148 20 158 12 164 19 196 9 200 31 213 19 223 9 
46 -0.12451020915250847 -0.0824875511995546 1.0422253707956242 0 0 0 0.22 2 46 4 26 9 21 13 17 19 13 28 15 39 43 50 25 53 3 60 15 61 12 124 35 136 8 146 27 148 21 157 32 176 21 196 10 200 32 213 20 223 10 
47 -0.13114587716066656 -0.08228247787940685 1.0431067686582283 0 0 0 0.21 2 47 4 27 11 13 13 18 19 14 29 5 32 21 39 44 44 29 50 26 60 16 61 13 77 17 85 16 92 25 109 14 110 14 118 8 124 36 136 9 146 28 157 33 159 7 162 7 164 20 176 22 196 11 200 33 204 8 213 21 
48 -0.13114627173195345 -0.08229601258976979 1.043090624341304 0 0 0 0.21 2 48 4 28 9 22 11 14 13 19 19 15 32 22 39 45 44 30 50 27 53 4 60 17 61 14 77 18 85 17 92 26 93 21 109 15 110 15 118 9 124 37 136 10 146 29 157 34 164 21 176 23 200 34 213 22 
49 -0.1718191307016558 -0.08208015344958929 1.049887908175538 0 0 0 0.28 2 49 4 29 9 23 19 16 27 9 32 23 39 46 60 18 77 19 92 27 109 16 110 16 124 38 146 30 148 22 157 35 158 13 162 8 164 22 172 7 176 24 200 35 223 11 
50 -0.204084443294491 -0.08141607137621719 1.055398638637497 0 0 0 0.2 2 50 11 15 32 24 36 13 39 47 44 31 50 28 92 28 118 10 200 36 
51 0.23768518660823476 -0.07469928793540181 1.0174564594992703 0 0 0 0.34 2 51 4 30 9 24 19 17 27 10 33 21 50 29 77 20 85 18 98 14 109 17 112 6 124 39 136 11 146 31 157 36 158 14 176 25 196 12 200 37 213 23 223 12 232 4 
52 0.025023683350199114 -0.04465172550450236 1.023396869092405 0 0 0 0.32 2 52 39 48 50 30 60 19 
53 0.025023683350197935 -0.044651725504494554 1.0233968690923516 0 0 0 0.32 2 53 39 49 50 31 60 20 
54 -0.09129243287798851 -0.026431503476765036 1.0286593577966932 0 0 0 0.21 2 54 4 31 9 25 33 22 39 50 44 32 50 32 60 21 85 19 92 29 110 17 112 7 118 11 124 40 136 12 146 32 148 23 157 37 159 8 164 23 172 8 176 26 200 38 231 5 
55 -0.08233202968718145 -0.023288273420943008 1.0262275088110429 0 0 0 0.26 2 55 9 26 11 16 16 3 19 18 28 16 29 6 32 25 33 23 38 3 39 51 44 33 50 33 77 21 92 30 110 18 124 41 136 13 146 33 157 38 158 15 159 9 162 9 164 24 172 9 185 10 200 39 213 24 231 6 
56 -0.08235746848230663 -0.023265030710167032 1.026440548878268 0 0 0 0.27 2 56 4 32 9 27 16 4 29 7 32 26 33 24 38 4 39 52 44 34 50 34 53 5 71 1 77 22 92 31 93 22 110 19 146 34 157 39 158 16 164 25 176 27 204 9 213 25 231 7 232 5 
57 -0.08954537431319338 -0.02286557576590667 1.027056456752174 0 0 0 0.18 2 57 4 33 9 28 11 17 19 19 27 11 29 8 33 25 39 53 44 35 53 6 61 15 71 2 77 23 92 32 93 23 110 20 124 42 146 35 148 24 158 17 159 10 164 26 176 28 185 11 200 40 204 10 213 26 231 8 232 6 
58 -0.16890313666706472 -0.01994242109098514 1.0419946101269741 0 0 0 0.21 2 58 4 34 77 24 157 40 162 10 213 27 232 7 
59 -0.1659082032812804 -0.015531404851234009 1.0395576496205463 0 0 0 0.22 2 59 4 35 9 29 32 27 33 26 36 14 39 54 44 36 50 35 60 22 61 16 77 25 92 33 109 18 124 43 146 36 148 25 157 41 164 27 172 10 176 29 200 41 213 28 
60 0.02239740475582524 -0.01062201032062273 1.0184715468375303 0 0 0 0.23 2 60 39 55 157 42 
61 -0.04539743236465141 0.04256905887191252 1.0070562437390032 0 0 0 0.19 2 61 38 5 146 37 200 42 
62 -0.07162377795601772 0.059434342477778374 0.9990359872323405 0 0 0 0.37 2 62 4 36 11 18 32 28 36 15 44 37 93 24 124 44 146 38 158 18 214 1 
63 0.030685155409984708 -0.13290298128035644 1.0321431453476497 0 0 0 0.52 2 63 4 37 9 30 27 12 28 17 33 27 39 56 44 38 50 36 53 7 71 3 77 26 85 20 92 34 93 25 98 15 109 19 110 21 124 45 146 39 148 26 157 43 158 19 159 11 162 11 164 28 176 30 200 43 204 11 219 3 223 13 
64 0.0768748918153519 -0.1269167278798959 1.030550426298862 0 0 0 0.28 2 64 4 38 9 31 11 19 27 13 28 18 29 9 33 28 38 6 39 57 44 39 53 8 60 23 61 17 77 27 85 21 92 35 93 26 97 0 98 16 110 22 118 12 124 46 146 40 157 44 158 20 159 12 164 29 172 11 176 31 185 12 187 8 200 44 204 12 213 29 232 8 
65 0.09580253385418254 -0.11010990997880468 1.0284779700763946 0 0 0 0.35 2 65 28 19 32 29 39 58 50 37 53 9 61 18 92 36 93 27 97 1 98 17 109 20 110 23 124 47 146 41 157 45 176 32 187 9 213 30 219 4 223 14 232 9 
66 0.1283550632016076 -0.10467441533169479 1.023569232840299 0 0 0 0.37 2 66 9 32 27 14 29 10 33 29 39 59 53 10 61 19 77 28 124 48 187 10 196 13 200 45 223 15 234 7 
67 -0.06398309222333481 -0.08921040798519916 1.0312069539024806 0 0 0 0.24 2 67 28 20 38 7 39 60 85 22 97 2 124 49 158 21 
68 -0.09609287091487909 -0.08856598386812224 1.0390604218325366 0 0 0 0.25 2 68 4 39 11 20 19 20 29 11 32 30 39 61 44 40 50 38 53 11 60 24 71 4 77 29 85 23 97 3 110 24 124 50 148 27 157 46 158 22 162 12 164 30 172 12 200 46 204 13 
69 0.20845785661972896 -0.08594648262601684 1.0200977191173228 0 0 0 0.31 2 69 28 21 29 12 32 31 33 30 50 39 60 25 71 5 85 24 118 13 124 51 146 42 148 28 157 47 158 23 162 13 164 31 175 12 185 13 187 11 196 14 204 14 234 8 
70 0.21600173080317286 -0.08594090829730708 1.020249665068139 0 0 0 0.24 2 70 4 40 11 21 13 20 19 21 28 22 29 13 33 31 44 41 50 40 53 12 60 26 71 6 77 30 85 25 92 37 93 28 98 18 118 14 124 52 146 43 148 29 157 48 158 24 162 14 164 32 175 13 185 14 196 15 223 16 234 9 
71 0.2284182421402902 -0.08582176527060395 1.0193496707863492 0 0 0 0.34 2 71 19 22 28 23 33 32 44 42 53 13 61 20 71 7 77 31 93 29 98 19 109 21 118 15 124 53 146 44 148 30 158 25 159 13 164 33 185 15 187 12 196 16 200 47 223 17 232 10 234 10 
72 0.2548167464675298 -0.08574202444045707 1.0188446584453508 0 0 0 0.46 2 72 19 23 27 15 85 26 93 30 109 22 164 34 172 13 196 17 
73 0.04438598754570798 -0.13324381224612056 1.0318674167042508 0 0 0 0.59 2 73 9 33 19 24 32 32 33 33 39 62 53 14 60 27 71 8 85 27 109 23 124 54 159 14 162 15 172 14 176 33 185 16 196 18 200 48 204 15 219 5 223 18 
74 -0.09243662250504407 -0.019987050016945927 1.0258563491620878 0 0 0 0.5 2 74 9 34 33 34 39 63 44 43 60 28 85 28 92 38 97 4 109 24 110 25 124 55 148 31 164 35 176 34 200 49 219 6 
75 -0.09595200056423772 -0.013576244647303105 1.0281921594749202 0 0 0 0.32 2 75 16 5 29 14 39 64 85 29 92 39 136 14 159 15 164 36 185 17 196 19 
76 -0.17172939764518155 -0.08013035247294367 1.0497544399584404 0 0 0 0.27 2 76 4 41 9 35 11 22 13 21 19 25 27 16 32 33 33 35 39 65 44 44 50 41 53 15 60 29 61 21 71 9 77 32 85 30 97 5 110 26 118 16 124 56 148 32 157 49 158 26 159 16 162 16 164 37 196 20 200 50 213 31 219 7 232 11 
77 0.20436043077694244 -0.151313986698877 1.0291460757062154 0 0 0 0.3 4 42 27 17 32 34 39 66 60 30 124 57 146 45 157 50 
78 0.05373234770143328 -0.1207182677088327 1.0307150646397867 0 0 0 0.39 4 43 39 67 157 51 187 13 
79 0.12742717608907408 -0.09760424707920831 1.022198446189299 0 0 0 0.11 4 44 39 68 110 27 
80 0.1715269993859648 -0.09519775610425556 1.0187206940399893 0 0 0 0.25 4 45 28 24 36 16 39 69 77 33 85 31 93 31 110 28 146 46 148 33 157 52 196 21 
81 0.008711394439283694 -0.08450621924084467 1.0249602074351418 0 0 0 0.29 4 46 11 23 32 35 33 36 36 17 39 70 77 34 98 20 146 47 
82 -0.12546060450785446 -0.08517123796738196 1.0433952053106974 0 0 0 0.23 4 47 9 36 11 24 13 22 32 36 39 71 44 45 61 22 92 40 146 48 200 51 204 16 
83 0.07366318747107438 -0.08147621291767136 1.0222102828529243 0 0 0 0.25 4 48 28 25 39 72 50 42 110 29 112 8 146 49 
84 0.22073695933420462 -0.07948222636629451 1.0185849648098122 0 0 0 0.16 4 49 77 35 92 41 124 58 157 53 
85 -0.1419094000226682 -0.08481917333419661 1.0453508872366255 0 0 0 0.33 4 50 11 25 13 23 33 37 39 73 50 43 85 32 110 30 148 34 159 17 213 32 223 19 
86 -0.045358083446964154 -0.08316421101266767 1.028701579004382 0 0 0 0.17 4 51 9 37 16 6 32 37 33 38 38 8 39 74 50 44 213 33 
87 0.010591881135310639 -0.08214400935947357 1.0245980742742098 0 0 0 0.15 4 52 11 26 16 7 27 18 39 75 50 45 112 9 124 59 157 54 158 27 176 35 204 17 213 34 219 8 231 9 
88 -0.16586587274082054 -0.08206413636039085 1.0489364852044807 0 0 0 0.18 4 53 36 18 39 76 109 25 146 50 
89 -0.1868609628472482 -0.08174097540085941 1.0519886262082245 0 0 0 0.35 4 54 13 24 39 77 124 60 146 51 176 36 
90 0.02893851004750292 -0.04994173775536266 1.0239322445023273 0 0 0 0.22 4 55 39 78 50 46 157 55 
91 -0.09583693967284228 -0.025816036235102698 1.028991458267438 0 0 0 0.2 4 56 16 8 39 79 124 61 146 52 157 56 
92 -0.04797902803237545 -0.007179772774330457 1.0190526398770134 0 0 0 0.13 4 57 16 9 39 80 
93 0.02822050032938989 0.017709691547626496 1.0128943268494555 0 0 0 0.12 4 58 39 81 213 35 
94 -0.07320479300597557 0.048562345103064605 1.0039161364002471 0 0 0 0.35 4 59 124 62 176 37 213 36 
95 0.08441107437712173 -0.13317264419047398 1.027198995007561 0 0 0 0.29 4 60 9 38 11 27 27 19 32 38 33 39 36 19 39 82 44 46 77 36 109 26 124 63 146 53 157 57 164 38 185 18 196 22 213 37 223 20 
96 0.10880322413773753 -0.12334099713048556 1.0241666310823105 0 0 0 0.17 4 61 9 39 28 26 39 83 44 47 50 47 98 21 146 54 157 58 176 38 187 14 
97 0.008887951019599494 -0.12338299792927915 1.032181365054788 0 0 0 0.17 4 62 9 40 16 10 38 9 39 84 61 23 85 33 92 42 98 22 109 27 112 10 124 64 146 55 164 39 200 52 213 38 223 21 231 10 
98 0.03243615295312522 -0.09802557773693213 1.0272958386095543 0 0 0 0.3 4 63 36 20 39 85 109 28 124 65 146 56 157 59 185 19 
99 0.15458542511161338 -0.09558087470989371 1.017722118567 0 0 0 0.25 4 64 9 41 11 28 32 39 33 40 36 21 39 86 44 48 50 48 61 24 77 37 85 34 118 17 146 57 157 60 164 40 175 14 213 39 234 11 
100 -0.14770348248862675 -0.09714443891858317 1.045106459761414 0 0 0 0.37 4 65 11 29 29 15 33 41 36 22 39 87 110 31 200 53 204 18 
101 0.17308938928634812 -0.090433149446962 1.0211875826604238 0 0 0 0.36 4 66 28 27 44 49 77 38 98 23 146 58 175 15 219 9 
102 -0.10037225553125016 -0.08850938692588965 1.0399174121731107 0 0 0 0.22 4 67 39 88 85 35 124 66 157 61 164 41 200 54 
103 0.16229927864298474 -0.08323640095209274 1.020307601273329 0 0 0 0.29 4 68 9 42 13 25 28 28 33 42 39 89 44 50 61 25 71 10 85 36 92 43 93 32 98 24 109 29 118 18 124 67 146 59 157 62 164 42 175 16 176 39 187 15 196 23 200 55 213 40 223 22 234 12 
104 0.21036948464646005 -0.08237763163055017 1.0188082518452888 0 0 0 0.16 4 69 13 26 32 40 175 17 
105 0.07873156236460506 -0.08394867704288184 1.0221565546013267 0 0 0 0.32 4 70 9 43 13 27 16 11 28 29 32 41 36 23 38 10 39 90 44 51 50 49 61 26 77 39 92 44 109 30 112 11 146 60 158 28 175 18 187 16 200 56 213 41 223 23 
106 0.23217504086477922 -0.07934055883626111 1.0177232901443514 0 0 0 0.28 4 71 11 30 13 28 28 30 44 52 61 27 93 33 98 25 124 68 146 61 176 40 204 19 213 42 234 13 
107 -0.0985737927296601 -0.08286389472342247 1.0373916934883955 0 0 0 0.16 4 72 28 31 39 91 44 53 77 40 92 45 158 29 164 43 
108 -0.16059655204862935 -0.08221197762431794 1.048447438160885 0 0 0 0.19 4 73 9 44 13 29 19 26 27 20 29 16 33 43 36 24 39 92 60 31 92 46 110 32 136 15 146 62 148 35 159 18 162 17 176 41 213 43 
109 -0.18992969603654555 -0.08150785301795486 1.0530677205126378 0 0 0 0.3 4 74 11 31 32 42 39 93 50 50 92 47 109 31 110 33 118 19 124 69 146 63 157 63 164 44 185 20 213 44 223 24 
110 0.19831739783663435 -0.0753124683600661 1.01837974474144 0 0 0 0.28 4 75 28 32 98 26 110 34 124 70 146 64 176 42 187 17 234 14 
111 -0.20103162326435753 -0.07711565393124985 1.0542869144872395 0 0 0 0.35 4 76 9 45 32 43 33 44 44 54 92 48 118 20 200 57 213 45 
112 -0.08068870895089682 -0.026481581744941356 1.0259639688158368 0 0 0 0.19 4 77 9 46 16 12 19 27 27 21 32 44 39 94 44 55 50 51 77 41 85 37 92 49 93 34 110 35 118 21 124 71 136 16 157 64 158 30 159 19 164 45 172 15 176 43 185 21 200 58 213 46 219 10 231 11 
113 -0.16892667186819083 -0.019882151947880816 1.0407515802548544 0 0 0 0.08 4 78 110 36 157 65 213 47 232 12 
114 0.027151550070807853 0.022782179119736564 1.0112141959994307 0 0 0 0.22 4 79 11 32 38 11 146 65 176 44 213 48 
115 0.14315605005439322 -0.09195042625862263 1.019956790614113 0 0 0 0.33 4 80 9 47 32 45 39 95 61 28 92 50 219 11 
116 0.14664691557718149 -0.0904655052992361 1.0193613991411297 0 0 0 0.31 4 81 11 33 28 33 39 96 44 56 50 52 61 29 71 11 77 42 85 38 97 6 98 27 109 32 124 72 146 66 157 66 158 31 164 46 175 19 176 45 185 22 187 18 213 49 223 25 232 13 234 15 
117 0.1804670706246047 -0.08666858791155767 1.0210585486823738 0 0 0 0.24 4 82 11 34 27 22 28 34 29 17 39 97 50 53 71 12 77 43 85 39 92 51 109 33 118 22 146 67 148 36 164 47 185 23 213 50 223 26 234 16 
118 -0.07712276896409895 -0.0782002255041384 1.0329166908126253 0 0 0 0.3 4 83 9 48 39 98 44 57 92 52 110 37 124 73 146 68 213 51 
119 -0.16488095155281104 -0.022157550632471934 1.0406040589637178 0 0 0 0.25 4 84 19 28 29 18 33 45 44 58 77 44 85 40 92 53 110 38 148 37 159 20 164 48 
120 -0.17219292598504085 -0.021860439130579376 1.0415820152491655 0 0 0 0.21 4 85 11 35 50 54 53 16 60 32 77 45 85 41 110 39 146 69 158 32 159 21 176 46 200 59 232 14 
121 -0.08079850121704024 -0.01991960511330515 1.0249350683680012 0 0 0 0.3 4 86 16 13 28 35 32 46 39 99 44 59 50 55 53 17 61 30 71 13 77 46 92 54 110 40 112 12 146 70 148 38 157 67 158 33 162 18 172 16 214 2 231 12 232 15 
122 0.021867595290737795 -0.13166075722150436 1.032054513446385 0 0 0 0.37 4 87 27 23 39 100 53 18 77 47 92 55 109 34 148 39 164 49 219 12 223 27 232 16 
123 0.25159834136518167 -0.08564880710561837 1.0187042562249808 0 0 0 0.34 4 88 29 19 61 31 71 14 77 48 85 42 93 35 124 74 148 40 158 34 162 19 175 20 185 24 200 60 232 17 234 17 
124 -0.18267773038341184 -0.056287971558804065 1.0500942895671297 0 0 0 0.3 4 89 39 101 71 15 
125 0.18132237159068293 -0.09561143615633969 1.023646891946297 0 0 0 0.7 4 90 53 19 71 16 77 49 118 23 164 50 176 47 200 61 204 20 219 13 232 18 
126 -0.15107577294184268 -0.0808196392803812 1.0457724259952583 0 0 0 0.35 4 91 29 20 39 102 53 20 71 17 77 50 85 43 97 7 159 22 185 25 204 21 219 14 232 19 
127 0.2009200302518044 -0.039153403390928064 1.015677897472487 0 0 0 1.2 4 92 39 103 61 32 109 35 234 18 
128 -0.010066251900280602 -0.13610549050577941 1.0295486130374811 0 0 0 0.22 9 49 28 36 39 104 98 28 
129 0.21441595594403728 -0.1201023370028927 1.0264124807486026 0 0 0 0.23 9 50 39 105 92 56 124 75 146 71 
130 0.08246682348710387 -0.1192503387186188 1.0288429993105452 0 0 0 0.29 9 51 39 106 93 36 187 19 
131 0.08265806008572334 -0.11957880153154436 1.0294875340489709 0 0 0 0.3 9 52 39 107 85 44 92 57 110 41 187 20 
132 0.05393768118026602 -0.11708134465259085 1.0305388862339293 0 0 0 0.32 9 53 13 30 28 37 39 108 93 37 98 29 124 76 187 21 
133 0.054020422558653726 -0.10189303104125276 1.026734413884364 0 0 0 0.36 9 54 39 109 124 77 176 48 
134 -0.06440291946970492 -0.1046785631340466 1.0280226434393087 0 0 0 0.11 9 55 13 31 39 110 
135 0.11047301290885393 -0.09360269676744461 1.0226650279691953 0 0 0 0.22 9 56 36 25 39 111 110 42 124 78 
136 0.09933822514465532 -0.09352777909371794 1.024256169954215 0 0 0 0.3 9 57 13 32 32 47 36 26 39 112 92 58 124 79 176 49 
137 0.10673378426220985 -0.09107065517495785 1.0226527249692572 0 0 0 0.31 9 58 19 29 28 38 36 27 39 113 44 60 124 80 146 72 164 51 176 50 223 28 
138 0.22316808905282756 -0.08493319679404959 1.0205959097566895 0 0 0 0.24 9 59 93 38 98 30 124 81 146 73 200 62 213 52 
139 0.10620476548250835 -0.08859735882730013 1.0217363358008593 0 0 0 0.24 9 60 13 33 39 114 44 61 93 39 124 82 146 74 157 68 231 13 
140 0.10336765202980858 -0.0886058945808131 1.0221610574912108 0 0 0 0.22 9 61 36 28 39 115 93 40 124 83 157 69 
141 0.10344877774316959 -0.08869090630033348 1.0223360986580867 0 0 0 0.19 9 62 13 34 39 116 93 41 124 84 
142 0.12613688371529216 -0.08385202741054729 1.0198405220696285 0 0 0 0.14 9 63 13 35 33 46 39 117 44 62 92 59 93 42 98 31 124 85 157 70 175 21 200 63 
143 -0.10064683737107108 -0.07248259169841169 1.0370656410004344 0 0 0 0.17 9 64 39 118 85 45 92 60 124 86 
144 -0.14958215712956335 -0.05870756838165387 1.0423807024466039 0 0 0 0.31 9 65 13 36 39 119 60 33 61 33 77 51 124 87 146 75 157 71 176 51 
145 0.026846335955636756 -0.04708148904645781 1.0234859913557288 0 0 0 0.29 9 66 39 120 44 63 50 56 
146 -0.047559049916290674 -0.04520309793100523 1.0261794813387048 0 0 0 0.14 9 67 39 121 44 64 
147 0.09277131400528194 -0.02175041316241838 1.0275995289083282 0 0 0 0.6 9 68 39 122 44 65 
148 -0.08191533203255912 -0.016164814575145847 1.024915367453189 0 0 0 0.25 9 69 33 47 38 12 39 123 109 36 112 13 124 88 146 76 157 72 213 53 231 14 
149 0.06307758070226481 0.048745495835823674 1.0037180905820111 0 0 0 1.05 9 70 38 13 
150 0.19358257421465794 -0.15093743333851276 1.0281233099712745 0 0 0 0.26 9 71 36 29 39 124 44 66 234 19 
151 0.00881972258877571 -0.12346438272202469 1.0325081496499666 0 0 0 0.24 9 72 13 37 39 125 85 46 92 61 98 32 109 37 200 64 
152 0.09870777489241983 -0.11339547691417937 1.0271336205582227 0 0 0 0.2 9 73 11 36 29 21 32 48 39 126 50 57 53 21 61 34 77 52 97 8 98 33 118 24 146 77 158 35 172 17 204 22 213 54 219 15 232 20 
153 0.0857641390879553 -0.11223932942638055 1.0281132358546872 0 0 0 0.28 9 74 13 38 28 39 29 22 39 127 44 67 50 58 53 22 60 34 61 35 77 53 92 62 93 43 98 34 124 89 146 78 157 73 176 52 185 26 187 22 204 23 232 21 
154 0.0697767902951387 -0.10963789152979896 1.0281615646862827 0 0 0 0.28 9 75 13 39 36 30 39 128 92 63 110 43 124 90 157 74 
155 0.09492313643975393 -0.09725438225355419 1.0251217767072207 0 0 0 0.41 9 76 13 40 39 129 92 64 124 91 157 75 
156 0.1333040920860824 -0.0898134200203022 1.0201495116317978 0 0 0 0.26 9 77 39 130 112 14 124 92 146 79 219 16 234 20 
157 0.23323349328580825 -0.08194100879770212 1.01826117003506 0 0 0 0.32 9 78 11 37 13 41 28 40 32 49 44 68 61 36 85 47 92 65 98 35 109 38 124 93 148 41 157 76 175 22 200 65 223 29 
158 0.0760218035129048 -0.083902597223407 1.0219287041767549 0 0 0 0.21 9 79 13 42 39 131 50 59 124 94 164 52 
159 -0.004055392338883334 -0.08254534158558638 1.0265936352525415 0 0 0 0.33 9 80 32 50 39 132 92 66 124 95 231 15 
160 -0.049095577301224554 -0.08329751071831304 1.0291886478758125 0 0 0 0.25 9 81 32 51 36 31 39 133 44 69 110 44 124 96 
161 0.05541483430490009 -0.06772572573818476 1.0267501679558209 0 0 0 0.16 9 82 39 134 231 16 
162 0.05541483430490009 -0.06772572573818476 1.0267501679558209 0 0 0 0.16 9 83 39 135 231 17 
163 0.23095259609148353 -0.018823831206033842 1.0092665143660158 0 0 0 0.16 9 84 13 43 36 32 124 97 157 77 164 53 
164 0.23050609122002175 -0.01616532932854681 1.0102637639491867 0 0 0 0.21 9 85 32 52 44 70 92 67 164 54 
165 0.0941632939520697 -0.015308126588684691 1.0128075476837481 0 0 0 0.26 9 86 39 136 124 98 
166 -0.08103587357332807 -0.019889597759593237 1.0247025907279976 0 0 0 0.35 9 87 32 53 39 137 44 71 61 37 92 68 93 44 148 42 162 20 172 18 185 27 231 18 
167 -0.12760834058672757 -0.15137187779126496 1.0542359934251826 0 0 0 0.26 9 88 32 54 39 138 44 72 85 48 
168 0.018332549194305946 -0.12220652339796254 1.0326256284500916 0 0 0 0.3 9 89 39 139 124 99 223 30 
169 0.10761478794417968 -0.09566950520190863 1.023209468161417 0 0 0 0.24 9 90 36 33 39 140 92 69 110 45 124 100 176 53 
170 0.1840710542855811 -0.08636558446626363 1.0210301847435872 0 0 0 0.23 9 91 11 38 13 44 28 41 32 55 39 141 44 73 53 23 77 54 85 49 92 70 93 45 110 46 148 43 164 55 185 28 196 24 
171 -0.08641341107873311 -0.0267020261819743 1.0274420409649734 0 0 0 0.37 9 92 29 23 39 142 164 56 232 22 
172 -0.06733068914075842 -0.16861323304809275 1.0504085109890802 0 0 0 0.17 9 93 39 143 44 74 124 101 
173 0.050981376855934936 -0.13243460870169999 1.0318881041776804 0 0 0 0.45 9 94 13 45 32 56 39 144 44 75 77 55 85 50 93 46 98 36 110 47 124 102 162 21 172 19 196 25 200 66 204 24 223 31 
174 0.17274643498312783 -0.08660857638952717 1.0209163324532258 0 0 0 0.43 9 95 27 24 29 24 39 145 61 38 98 37 159 23 164 57 
175 0.14900860819063624 -0.1761223828609209 1.0391750938818616 0 0 0 0.19 9 96 32 57 39 146 44 76 50 60 61 39 77 56 146 80 
176 0.14902658156770293 -0.1761145631638533 1.0392515396790714 0 0 0 0.16 9 97 39 147 44 77 50 61 61 40 92 71 109 39 146 81 
177 0.010983201532817293 -0.12903469114418295 1.0320150471711629 0 0 0 0.35 9 98 13 46 27 25 29 25 32 58 36 34 39 148 44 78 71 18 77 57 85 51 92 72 97 9 109 40 112 15 118 25 124 103 148 44 157 78 159 24 164 58 176 54 185 29 196 26 204 25 219 17 223 32 
178 0.16259065446489263 -0.10346917258779817 1.0152478665899471 0 0 0 0.47 9 99 39 149 44 79 92 73 
179 -0.07963546952615197 -0.08106836471402981 1.0338228416438298 0 0 0 0.37 9 100 27 26 29 26 33 48 39 150 60 35 77 58 92 74 124 104 136 17 158 36 162 22 164 59 176 55 185 30 200 67 204 26 219 18 232 23 
180 -0.04019877607556005 -0.033392588146540524 1.020255233076407 0 0 0 0.28 9 101 39 151 196 27 231 19 
181 -0.0847647702061398 -0.023544867120270097 1.0235282847681817 0 0 0 0.45 9 102 29 27 33 49 39 152 71 19 77 59 148 45 159 25 164 60 185 31 
182 -0.09513744057927491 -0.07371330107482847 1.0386887263691393 0 0 0 0.46 9 103 27 27 29 28 39 153 44 80 77 60 136 18 162 23 
183 0.08492863257815507 -0.15557328767021308 1.042247910365276 0 0 0 1.38 9 104 32 59 39 154 
184 -0.00679905390242229 -0.15807130971245986 1.049930068033465 0 0 0 0.87 9 105 32 60 39 155 44 81 92 75 
185 0.14120912099561775 -0.14734853366367878 1.0316435028749795 0 0 0 0.33 11 39 13 47 28 42 33 50 39 156 50 62 110 48 124 105 136 19 157 79 187 23 213 55 
186 0.09711473692504598 -0.11574974893003176 1.028043032487478 0 0 0 0.34 11 40 19 30 27 28 28 43 33 51 38 14 39 157 61 41 92 76 98 38 109 41 112 16 146 82 148 46 159 26 176 56 187 24 213 56 
187 -0.05062178629426279 -0.007731141047286041 1.0198566423286284 0 0 0 0.13 11 41 39 158 146 83 
188 0.021490596500494747 0.0380165200769514 1.0118738940369254 0 0 0 0.13 11 42 39 159 146 84 
189 -0.17552024414563547 -0.087889978251676 1.0527682437793906 0 0 0 0.29 11 43 19 31 29 29 39 160 60 36 71 20 77 61 85 52 97 10 148 47 162 24 164 61 204 27 
190 -0.16299410421230123 -0.025509664584366414 1.0402404815399084 0 0 0 0.64 11 44 39 161 85 53 124 106 200 68 
191 0.19368322411208524 -0.026183395706395683 1.011355205463813 0 0 0 0.26 11 45 13 48 28 44 36 35 50 63 112 17 146 85 172 20 176 57 
192 0.019432902658383582 -0.004144326677564461 1.0165592640009449 0 0 0 0.13 11 46 16 14 36 36 39 162 
193 0.19867130656662849 -0.12328031999481348 1.028925070382278 0 0 0 0.38 11 47 36 37 44 82 146 86 172 21 
194 0.22137452735006047 -0.08627445538887446 1.0205666348375888 0 0 0 0.19 11 48 27 29 29 30 71 21 77 62 124 107 159 27 
195 -0.06401980917725489 -0.050466015402476166 1.0250096372796547 0 0 0 0.72 11 49 27 30 29 31 38 15 39 163 50 64 71 22 77 63 118 26 124 108 157 80 158 37 159 28 204 28 219 19 
196 0.0034418584149374935 -0.04777011896276686 1.0224487281531414 0 0 0 0.32 11 50 39 164 77 64 109 42 118 27 176 58 185 32 214 3 232 24 
197 0.003224247206631068 -0.04759976913941321 1.0209807679489082 0 0 0 0.21 11 51 39 165 77 65 118 28 176 59 232 25 
198 -0.012490465113468515 -0.13774517437433936 1.0275127788827825 0 0 0 0.36 13 49 39 166 53 24 97 11 109 43 
199 0.033955802221157176 -0.11948113887472542 1.0312145402799227 0 0 0 0.18 13 50 39 167 109 44 124 109 157 81 176 60 231 20 
200 0.034033438210576444 -0.1193081782779457 1.030936735100627 0 0 0 0.26 13 51 16 15 28 45 39 168 98 39 109 45 112 18 124 110 146 87 157 82 200 69 
201 -0.018073976713369796 -0.10449116386426863 1.030984321766211 0 0 0 0.25 13 52 39 169 124 111 
202 -0.01985739704664161 -0.10263503127551044 1.0324615124589611 0 0 0 0.18 13 53 32 61 36 38 39 170 92 77 124 112 
203 0.006974735611240025 -0.10008415371380522 1.0293188225312537 0 0 0 0.25 13 54 32 62 39 171 124 113 
204 0.07475217846767769 -0.10225384222637322 1.0268869261579505 0 0 0 0.44 13 55 39 172 93 47 109 46 124 114 136 20 187 25 
205 -0.039419263637367474 -0.09089077985464634 1.029729931358642 0 0 0 0.37 13 56 39 173 112 19 231 21 
206 -0.03959950750963472 -0.09053074785022491 1.0283695666680013 0 0 0 0.45 13 57 39 174 200 70 231 22 
207 -0.04008345504251291 -0.0891206344558614 1.0298897509478124 0 0 0 0.23 13 58 39 175 124 115 157 83 
208 0.11930508819265939 -0.08638032084165692 1.0211799635992134 0 0 0 0.27 13 59 39 176 146 88 157 84 175 23 200 71 
209 0.15821339998437825 -0.08750881212935262 1.0216411231097966 0 0 0 0.27 13 60 39 177 200 72 
210 0.14052609009366393 -0.08575839639269996 1.020260460072413 0 0 0 0.18 13 61 33 52 39 178 109 47 112 20 157 85 175 24 200 73 
211 0.14452926168447675 -0.08397485699287924 1.0198619753928448 0 0 0 0.37 13 62 39 179 124 116 146 89 
212 0.25566884349757607 -0.08404360735318644 1.0185780480668885 0 0 0 0.11 13 63 124 117 200 74 
213 -0.14060440800238735 -0.027666635968038516 1.0382388813521948 0 0 0 0.45 13 64 39 180 124 118 
214 -0.02312498423010415 -0.02779345466619812 1.0210802386191766 0 0 0 0.15 13 65 39 181 98 40 
215 -0.13889503460696337 -0.017720309875164788 1.0371699549724704 0 0 0 0.3 13 66 28 46 39 182 124 119 176 61 
216 0.0076653241496763246 0.05459149032672903 1.0020971348871401 0 0 0 0.27 13 67 39 183 124 120 146 90 
217 0.11757760650734107 0.05544217921991791 0.9985420094999448 0 0 0 0.23 13 68 124 121 200 75 
218 -0.06947143379786086 0.06523337421954487 1.0007001939212714 0 0 0 0.33 13 69 39 184 98 41 124 122 200 76 
219 -0.01173093432056635 -0.14000870764598622 1.0277374397549721 0 0 0 0.51 13 70 39 185 92 78 109 48 
220 0.2053270674368363 -0.13221195220302667 1.0257583557292165 0 0 0 0.34 13 71 39 186 112 21 146 91 157 86 
221 0.1091655652083784 -0.10587866025950804 1.0258860312601468 0 0 0 0.25 13 72 39 187 187 26 213 57 
222 0.11824598657189928 -0.09566534547850658 1.0245848366989772 0 0 0 0.14 13 73 39 188 124 123 176 62 
223 0.1080968009572607 -0.0840694109446121 1.0206668337294087 0 0 0 0.18 13 74 28 47 39 189 187 27 200 77 
224 0.12617842153947123 -0.08389732704196572 1.0200048727977313 0 0 0 0.15 13 75 38 16 39 190 92 79 93 48 157 87 
225 0.17972339450710034 -0.08743841061365681 1.0211825123753848 0 0 0 0.18 13 76 39 191 50 65 98 42 124 124 157 88 175 25 
226 0.14073583355035665 -0.08344368318911012 1.0187605154990682 0 0 0 0.2 13 77 28 48 39 192 44 83 92 80 98 43 124 125 146 92 157 89 158 38 175 26 176 63 200 78 234 21 
227 0.2425413467402159 -0.08199220786163047 1.0183298926597713 0 0 0 0.23 13 78 33 53 124 126 146 93 164 62 200 79 
228 0.19657061500743064 -0.030785362984321753 1.016050238461181 0 0 0 0.33 13 79 124 127 200 80 
229 0.1990292869568795 -0.029312118029229825 1.0165779967916915 0 0 0 0.14 13 80 44 84 164 63 
230 0.12319930524218946 -0.02168429570095591 1.0115597494426893 0 0 0 0.06 13 81 39 193 124 128 
231 0.23028342647094388 -0.015959866004949343 1.0084391980958878 0 0 0 0.72 13 82 32 63 39 194 
232 0.013008628311854323 0.0480597860881123 1.0065574421461116 0 0 0 0.27 13 83 39 195 176 64 
233 0.07774773994962468 0.050533571433335846 0.997511065681978 0 0 0 0.51 13 84 39 196 175 27 176 65 231 23 
234 0.12778811466706308 0.049098761184874856 1.000662494220107 0 0 0 0.27 13 85 124 129 157 90 
235 0.012346082101700769 0.0539307906071587 1.0022837051125075 0 0 0 0.26 13 86 39 197 124 130 231 24 
236 -0.0670576270775741 0.06517650669918479 0.999384304399379 0 0 0 0.27 13 87 16 16 33 54 39 198 93 49 146 94 200 81 
237 0.06495503300675524 -0.11109239023267195 1.0296006509871916 0 0 0 0.29 13 88 39 199 61 42 124 131 146 95 200 82 204 29 
238 -0.044762190493963905 -0.09454231008960964 1.0304365100171047 0 0 0 0.25 13 89 39 200 124 132 
239 -0.08746162646159365 -0.08262647443398334 1.035740958102229 0 0 0 0.32 13 90 27 31 28 49 39 201 44 85 92 81 112 22 124 133 136 21 146 96 148 48 185 33 
240 0.1775860228777713 -0.08283745269471006 1.01975481083743 0 0 0 0.2 13 91 39 202 44 86 92 82 93 50 124 134 146 97 164 64 175 28 176 66 187 28 213 58 234 22 
241 0.18223138384954687 -0.08294811281774143 1.0201038941127643 0 0 0 0.29 13 92 27 32 29 32 39 203 92 83 118 29 124 135 
242 0.1965119135339329 -0.12658819631912585 1.0292808663294937 0 0 0 0.46 13 93 32 64 124 136 
243 0.0009869998032242867 -0.07958190544520323 1.0263384909276734 0 0 0 0.23 13 94 32 65 39 204 92 84 93 51 176 67 231 25 
244 -0.07013918015774374 -0.0756501335396172 1.0270139242177359 0 0 0 0.35 13 95 28 50 32 66 36 39 39 205 124 137 146 98 231 26 
245 -0.10550647516006868 -0.050886269073433 1.032990721322801 0 0 0 0.58 13 96 29 33 39 206 50 66 71 23 92 85 232 26 
246 -0.10562944276879259 -0.05117041466792622 1.0340591249991307 0 0 0 0.45 13 97 29 34 39 207 71 24 97 12 176 68 204 30 
247 0.09502171228128672 -0.11411880419395636 1.0281078153558987 0 0 0 0.19 28 51 33 55 38 17 39 208 112 23 136 22 187 29 213 59 
248 -0.047234667208645165 -0.08890601392342723 1.030056780574291 0 0 0 0.19 16 17 33 56 39 209 109 49 124 138 146 99 
249 0.11172843996173155 -0.08867821128885424 1.022263978176234 0 0 0 0.28 33 57 39 210 157 91 187 30 213 60 
250 0.1353255061275752 -0.08590052901193808 1.020186751797096 0 0 0 0.23 39 211 93 52 109 50 146 100 200 83 
251 -0.18654433496417513 -0.05839062351132369 1.049100225479082 0 0 0 0.1 50 67 60 37 92 86 146 101 157 92 213 61 
252 -0.004980290941072611 -0.024198811221669683 1.0202431544565427 0 0 0 0.29 16 18 39 212 92 87 124 139 157 93 176 69 213 62 214 4 
253 -0.11696912300039751 -0.022242868367824947 1.0334529955818461 0 0 0 0.16 16 19 28 52 39 213 146 102 213 63 
254 -0.006602982927909879 -0.022864771543011832 1.020655802425112 0 0 0 0.18 16 20 39 214 157 94 213 64 
255 -0.0194193402829148 -0.020722294808990096 1.0203391490264118 0 0 0 0.14 16 21 39 215 124 140 176 70 
256 0.09856833085405081 -0.02176684690082071 1.0146630620530965 0 0 0 0.15 16 22 39 216 112 24 
257 0.06137346820781871 0.04494502937414997 1.0042218238063332 0 0 0 0.13 16 23 124 141 157 95 213 65 
258 -0.0711722564667618 0.0499840817909423 1.0027771471055018 0 0 0 0.26 16 24 39 217 124 142 146 103 213 66 
259 -0.13161582985253248 -0.13782478185047767 1.0528274165965423 0 0 0 0.34 39 218 44 87 110 49 124 143 146 104 176 71 
260 0.1341097951000185 -0.0836909582948027 1.0199702874838699 0 0 0 0.34 39 219 77 66 85 54 92 88 109 51 112 25 146 105 148 49 164 65 187 31 200 84 213 67 
261 0.0621361978255958 -0.011044647611473567 1.0179442912769496 0 0 0 0.36 16 25 39 220 61 43 124 144 146 106 175 29 
262 0.022237735296928785 -0.006072922018917773 1.0180822481631246 0 0 0 0.16 16 26 36 40 39 221 146 107 213 68 
263 0.1291241243206768 0.04486918996295241 0.9982815127966559 0 0 0 0.35 16 27 39 222 110 50 200 85 
264 0.00871015175124751 -0.07957083596252895 1.0262545869513433 0 0 0 0.48 16 28 39 223 92 89 110 51 124 145 146 108 176 72 223 33 231 27 
265 0.027924433049518447 0.0052025274806878396 1.0149793472959658 0 0 0 0.15 16 29 39 224 146 109 
266 0.06304528746161576 0.06176019030836109 1.0018479606699344 0 0 0 0.22 16 30 53 25 118 30 219 20 
267 0.10506495558366538 -0.11417796161470516 1.0269625646129046 0 0 0 0.42 27 33 29 35 32 67 38 18 39 225 44 88 50 68 53 26 61 44 77 67 93 53 97 13 109 52 110 52 112 26 124 146 146 110 148 50 157 96 164 66 172 22 176 73 196 28 204 31 213 69 219 21 223 34 
268 0.13639524476790638 -0.09127357728531706 1.0212804252674008 0 0 0 0.43 32 68 39 226 44 89 92 90 93 54 109 53 124 147 204 32 219 22 223 35 
269 -0.17541688702735048 -0.08786543516125131 1.0524457560890912 0 0 0 0.24 19 32 39 227 60 38 162 25 172 23 
270 -0.0634212787586335 -0.17809932774815043 1.051278272650974 0 0 0 0.35 19 33 28 53 32 69 39 228 44 90 92 91 124 148 176 74 200 86 
271 0.13086514836623397 -0.09712652305627804 1.023618738444652 0 0 0 0.37 19 34 32 70 39 229 71 25 124 149 164 67 
272 0.2001778692017107 -0.08634887127490526 1.0206245535184268 0 0 0 0.21 27 34 28 54 29 36 93 55 118 31 164 68 172 24 185 34 204 33 
273 0.08306653179657947 -0.12442479232435669 1.0303164468038852 0 0 0 0.43 27 35 29 37 32 71 39 230 44 91 77 68 85 55 93 56 98 44 148 51 159 29 164 69 176 75 185 35 187 32 232 27 
274 0.18083242058407317 -0.046366656448361306 1.01490873573866 0 0 0 0.46 27 36 158 39 187 33 234 23 
275 -0.06838088082269136 -0.1861551649450304 1.0528463820805474 0 0 0 0.2 28 55 39 231 124 150 
276 -0.12656116656959213 -0.15896651997287217 1.0560535540218945 0 0 0 0.21 28 56 39 232 124 151 
277 -0.057158184399596 -0.14696600742294014 1.0419602916812376 0 0 0 0.37 28 57 39 233 124 152 
278 -0.10827360796254115 -0.12483084215684534 1.0477788527916707 0 0 0 0.16 28 58 39 234 124 153 
279 0.044164456796954035 -0.1452427777533784 1.0279497803133149 0 0 0 0.22 28 59 39 235 124 154 146 111 176 76 200 87 
280 -0.00567684643647911 -0.1317061300852316 1.0335519791583447 0 0 0 0.13 28 60 39 236 98 45 200 88 
281 -0.14981794844563281 -0.10203435285785958 1.0431647312485985 0 0 0 0.38 28 61 39 237 124 155 
282 -0.10990643138578457 -0.10105685396706596 1.0381700600431847 0 0 0 0.04 28 62 39 238 124 156 
283 -0.11096392583076203 -0.09962919538932985 1.0380977444906223 0 0 0 0.11 28 63 39 239 124 157 
284 -0.00900997106043556 -0.11782920700759278 1.033417705761015 0 0 0 0.12 28 64 39 240 109 54 124 158 
285 -0.0742630179982748 -0.10129134048506294 1.0286751248750319 0 0 0 0.34 28 65 39 241 112 27 
286 -0.08340076806353616 -0.09937391789814394 1.0323222988089495 0 0 0 0.15 28 66 39 242 124 159 
287 0.0435948217556609 -0.12094721441070529 1.0312724991225433 0 0 0 0.29 28 67 39 243 124 160 146 112 157 97 176 77 
288 -0.131176806290498 -0.08649300213216499 1.042895043576215 0 0 0 0.18 28 68 39 244 124 161 
289 0.02789596872513942 -0.1024793271447657 1.0285080604468593 0 0 0 0.14 28 69 39 245 98 46 124 162 146 113 187 34 
290 0.0864435166594302 -0.11127187060544323 1.0276060213138918 0 0 0 0.26 28 70 39 246 146 114 157 98 187 35 
291 -0.024532180127787327 -0.08551725048691339 1.0280371977150653 0 0 0 0.3 28 71 39 247 112 28 
292 -0.14966294709899464 -0.062434641861577454 1.0438572123389795 0 0 0 0.19 28 72 39 248 124 163 
293 0.03713291142017911 -0.08185040192874114 1.0237217503976768 0 0 0 0.28 28 73 33 58 39 249 146 115 
294 -0.10755965940642184 -0.061508844796767735 1.0376427329002214 0 0 0 0.28 28 74 39 250 98 47 
295 -0.06669516131265747 -0.06014029854735587 1.025558454134658 0 0 0 0.4 28 75 39 251 98 48 112 29 231 28 
296 -0.07521195243686629 -0.016173687366902105 1.0234069629101326 0 0 0 0.31 28 76 39 252 112 30 124 164 231 29 
297 0.14948762593786807 0.03880101347061789 0.9935379838933495 0 0 0 0.25 28 77 124 165 175 30 187 36 
298 -0.016586750989381255 0.04645692457835828 1.0033480447009344 0 0 0 0.33 28 78 39 253 175 31 
299 0.09642016905757178 0.04601240966267754 0.9983677172336523 0 0 0 0.22 28 79 124 166 175 32 187 37 
300 0.09544208755513871 0.04790099235104923 0.9987323314135808 0 0 0 0.31 28 80 93 57 124 167 136 23 175 33 200 89 
301 -0.11407019168273902 0.0672534328099433 1.0111707783622557 0 0 0 0.32 28 81 39 254 124 168 
302 -0.13455914617346257 -0.15743855790991285 1.0565794300166902 0 0 0 0.42 39 255 93 58 124 169 146 116 200 90 
303 -0.01000102571988835 -0.13598109525809363 1.029380848712646 0 0 0 0.17 28 82 39 256 112 31 
304 -0.03568919969401695 -0.11808878047330108 1.031885361568496 0 0 0 0.37 28 83 39 257 112 32 
305 0.2023913148855096 -0.16463129292558357 1.0341028785923811 0 0 0 0.28 28 84 36 41 124 170 187 38 
306 0.20054374757954 -0.15540901944623506 1.0312871436706694 0 0 0 0.31 28 85 29 38 36 42 92 92 98 49 109 55 124 171 187 39 234 24 
307 0.09781387408277822 -0.12042857961452623 1.0289197780584334 0 0 0 0.26 28 86 39 258 112 33 146 117 213 70 
308 0.024939422935281376 -0.1021518735179188 1.0295561250087872 0 0 0 0.38 28 87 36 43 39 259 124 172 146 118 
309 -0.06930824666345436 -0.08289634262647595 1.0294686864307958 0 0 0 0.33 28 88 39 260 124 173 200 91 
310 -0.012853479852264343 -0.08225574709047873 1.026404279774017 0 0 0 0.17 28 89 39 261 112 34 231 30 
311 0.03624938157872852 -0.08941416782335843 1.0250658200228613 0 0 0 0.21 28 90 39 262 124 174 187 40 
312 -0.10380717885994652 -0.06444820927411092 1.0360308801022744 0 0 0 0.2 28 91 39 263 124 175 200 92 
313 0.1528084655678076 -0.08680359558250757 1.0203186332827856 0 0 0 0.31 28 92 32 72 39 264 98 50 118 32 124 176 146 119 157 99 234 25 
314 0.1589179780707926 -0.08043132956474106 1.0198549964791424 0 0 0 0.22 28 93 39 265 98 51 124 177 146 120 157 100 175 34 187 41 234 26 
315 0.13783366659353555 -0.06081126852085034 1.0182792167781947 0 0 0 0.22 28 94 39 266 112 35 124 178 146 121 157 101 176 78 
316 -0.16384572298589734 -0.017389806100576142 1.0421827994044846 0 0 0 0.23 28 95 39 267 124 179 
317 -0.1388339744803484 -0.017619590743415486 1.0365504767878182 0 0 0 0.36 28 96 39 268 124 180 176 79 213 71 
318 -0.004468659701707622 0.04546407964941881 1.0019306470441804 0 0 0 0.23 28 97 39 269 98 52 146 122 214 5 
319 -0.01355633212074736 0.04644215134713509 1.0058433944391791 0 0 0 0.34 28 98 39 270 146 123 176 80 
320 -0.11769825585331009 0.06170731339201305 1.01260256254712 0 0 0 0.24 39 271 124 181 146 124 
321 -0.11167230823447925 0.0673190946152867 1.00757787668101 0 0 0 0.3 28 99 39 272 231 31 
322 -0.1080206052160461 0.06718446171343158 1.0106297947657463 0 0 0 0.44 28 100 39 273 98 53 124 182 
323 -0.10581593767466234 -0.08837551362163484 1.0411753898751204 0 0 0 0.45 28 101 39 274 53 27 93 59 124 183 159 30 185 36 231 32 
324 0.20066243862440858 -0.12670776160903108 1.027397415596361 0 0 0 0.18 28 102 32 73 36 44 53 28 92 93 124 184 146 125 157 102 
325 0.16231144395977457 -0.08624824007679184 1.019693945709643 0 0 0 0.38 28 103 39 275 92 94 164 70 
326 -0.12933640062839086 0.048679172622790756 1.0201707406107998 0 0 0 0.22 28 104 39 276 124 185 136 24 
327 -0.04352665079886292 0.047442971362193234 1.0084341427024037 0 0 0 0.18 28 105 39 277 124 186 157 103 176 81 213 72 
328 -0.1298066742675023 0.05418362519685109 1.0179398053995548 0 0 0 0.28 28 106 39 278 124 187 146 126 
329 0.09372362072406226 -0.13489258620737202 1.023658666988645 0 0 0 0.19 28 107 39 279 93 60 
330 0.11710431584773899 -0.11878524048941175 1.0227604081452795 0 0 0 0.37 28 108 39 280 124 188 157 104 
331 0.10264756065954915 -0.10430225493884927 1.0259966834656464 0 0 0 0.54 28 109 39 281 98 54 109 56 124 189 157 105 187 42 223 36 
332 -0.016118291166451797 -0.07864078849864173 1.0265485497907445 0 0 0 0.64 28 110 39 282 85 56 98 55 109 57 118 33 223 37 
333 -0.1259477427859339 -0.16402205497253455 1.0571464307741223 0 0 0 0.28 28 111 39 283 124 190 
334 -0.11677357498505662 -0.1574213970272549 1.0513898442142604 0 0 0 0.24 28 112 39 284 124 191 200 93 
335 0.08775175927944112 -0.13643222668472016 1.0233140508096141 0 0 0 0.22 28 113 39 285 124 192 
336 -0.05966604065377688 -0.17154981628199145 1.0447413112842296 0 0 0 0.64 28 114 36 45 39 286 
337 -0.04508476482697096 -0.08220049336740207 1.0275811777438075 0 0 0 1.19 28 115 36 46 39 287 124 193 185 37 223 38 232 28 
338 0.16695882914837074 -0.08003480647636495 1.0163602466675377 0 0 0 0.56 28 116 29 39 39 288 53 29 112 36 118 34 146 127 232 29 234 27 
339 -0.06394009118795162 -0.0504189493438753 1.0276081883657395 0 0 0 0.62 28 117 29 40 38 19 39 289 50 69 71 26 77 69 118 35 157 106 158 40 204 34 
340 0.19794638353985766 -0.129597417839928 1.027119727953244 0 0 0 0.19 29 41 50 70 92 95 98 56 146 128 187 43 234 28 
341 0.08054638773088413 0.0475585593702156 0.9980919595576718 0 0 0 0.31 29 42 39 290 158 41 175 35 
342 0.1349142445175583 -0.09950020009245329 1.0217292488588237 0 0 0 0.37 29 43 39 291 85 57 97 14 98 57 109 58 124 194 176 82 219 23 234 29 
343 0.024636607223091835 -0.0931144220086685 1.0270197814824504 0 0 0 0.53 29 44 32 74 36 47 39 292 97 15 112 37 124 195 159 31 185 38 232 30 
344 -0.09200108170176222 -0.03242099884050627 1.031798727383444 0 0 0 0.27 29 45 32 75 39 293 124 196 
345 0.12926767412328347 -0.07901108572329267 1.0191236500882226 0 0 0 0.43 29 46 32 76 36 48 39 294 50 71 124 197 146 129 176 83 204 35 
346 -0.09481869609564247 -0.03392975334651934 1.0287493548975253 0 0 0 0.59 29 47 32 77 39 295 71 27 77 70 110 53 148 52 200 94 
347 0.16452510514170926 -0.07833341545105418 1.0167819426481752 0 0 0 0.6 29 48 39 296 53 30 97 16 110 54 148 53 159 32 162 26 172 25 185 39 204 36 219 24 232 31 
348 0.15151939175913573 -0.09311663675393109 1.019564665979258 0 0 0 0.38 29 49 32 78 36 49 39 297 146 130 213 73 232 32 
349 -0.030241602447616596 -0.04803887828038377 1.0189901907781012 0 0 0 1.18 29 50 39 298 77 71 124 198 
350 -0.030241602447616596 -0.04803887828038377 1.0189901907781012 0 0 0 1.18 29 51 39 299 77 72 124 199 
351 0.16326972080823476 0.011097194685215493 1.0060794771949158 0 0 0 0.57 29 52 97 17 109 59 
352 0.0969369504974784 -0.12876956152788646 1.025997451261279 0 0 0 0.25 32 79 39 300 98 58 146 131 
353 0.20265105240239994 -0.12386818719804765 1.0279116108212811 0 0 0 0.37 32 80 36 50 61 45 
354 -0.005136904777569118 -0.10560315620501254 1.0315729827205178 0 0 0 0.25 32 81 36 51 39 301 61 46 110 55 159 33 223 39 231 33 
355 0.14067935820355362 -0.09775338506971894 1.0185276485873067 0 0 0 0.16 32 82 36 52 39 302 44 92 200 95 
356 -0.014540970514990377 -0.09661456528024505 1.0285731377491056 0 0 0 0.13 32 83 36 53 39 303 
357 -0.036396779866205355 -0.092213245831532 1.0326072049402715 0 0 0 0.23 32 84 36 54 39 304 92 96 
358 0.07870544980254308 -0.08394630805570774 1.022203334153213 0 0 0 0.39 32 85 36 55 39 305 50 72 109 60 158 42 187 44 
359 0.16165061388266214 -0.02655053081267596 1.0099436536724882 0 0 0 0.25 32 86 39 306 157 107 
360 0.15990550379817967 -0.023164301880813358 1.010137463012067 0 0 0 0.22 32 87 39 307 110 56 124 200 
361 0.08479576417393561 -0.019501366664615525 1.014329370032271 0 0 0 0.31 32 88 39 308 50 73 98 59 124 201 176 84 200 96 214 6 
362 -0.03753071954290904 -0.020136575232769315 1.017396314609828 0 0 0 0.33 32 89 39 309 85 58 110 57 124 202 176 85 
363 -0.012195854774739367 0.029251609319215527 1.0144041938620993 0 0 0 0.09 32 90 39 310 124 203 157 108 
364 -0.012190947787331412 0.03314102764788085 1.0144290427431704 0 0 0 0.08 32 91 39 311 124 204 
365 -0.014923812552287124 0.0348642113259711 1.012026223089692 0 0 0 0.24 32 92 39 312 50 74 124 205 
366 -0.006879872147595136 0.045642551929330866 1.0028860572554212 0 0 0 0.26 32 93 39 313 44 93 92 97 124 206 
367 -0.10909515325422713 0.04671445061804894 1.0083011518833433 0 0 0 0.29 32 94 36 56 39 314 
368 -0.12625918084430465 -0.13598777024007347 1.0528431514045797 0 0 0 0.33 32 95 39 315 118 36 
369 -0.12624680882179976 -0.1357478866432825 1.052002891250879 0 0 0 0.38 32 96 39 316 92 98 110 58 118 37 
370 0.10492686394513756 -0.11975836705229873 1.0256844556387315 0 0 0 0.45 32 97 39 317 157 109 
371 0.02700472585461256 -0.10698440355302596 1.0292049609419696 0 0 0 0.17 32 98 36 57 39 318 
372 -0.024247464199796932 -0.09762349300522906 1.0304117614851587 0 0 0 0.17 32 99 36 58 39 319 92 99 124 207 
373 0.001151815654882647 -0.09420779508286134 1.0332108615894982 0 0 0 0.2 32 100 36 59 39 320 
374 0.1997604275569877 -0.08999405450077916 1.01981492071824 0 0 0 0.27 32 101 39 321 157 110 
375 0.07643530962802496 -0.08732338452775254 1.0240300455629845 0 0 0 0.15 32 102 36 60 39 322 
376 0.1182411414285546 -0.022119788072345728 1.0120550298895143 0 0 0 0.2 32 103 36 61 39 323 97 18 
377 0.11465121486036166 0.003974751083143886 1.0078096495766211 0 0 0 0.06 32 104 36 62 39 324 
378 -0.014627800076093943 0.026997804912842926 1.0160843994515798 0 0 0 0.39 32 105 39 325 124 208 
379 -0.033229263262944495 0.03286363190807911 1.0059618181665029 0 0 0 0.37 32 106 39 326 85 59 213 74 
380 -0.02936141748071276 0.03304253058823523 1.0089660655082056 0 0 0 0.37 32 107 39 327 213 75 
381 -0.034335281288276856 0.041368565724124645 1.0015727291790064 0 0 0 0.1 32 108 39 328 124 209 
382 -0.025801716445015797 0.04808809002335523 1.0043780510057145 0 0 0 0.19 32 109 36 63 39 329 
383 -0.007236629970231371 0.05086634651739563 1.0062730791421386 0 0 0 0.07 32 110 97 19 124 210 
384 -0.03298779547811682 0.060157484947990496 1.0006898718247133 0 0 0 0.17 32 111 39 330 124 211 204 37 214 7 231 34 
385 -0.027716796017283465 0.060281206178340964 1.000532054637157 0 0 0 0.21 32 112 36 64 39 331 
386 0.1403482558988207 -0.14453917559635893 1.0317581296624958 0 0 0 0.13 32 113 39 332 97 20 124 212 
387 -0.1349308545978199 -0.10633823651949091 1.0447482019108663 0 0 0 0.27 32 114 39 333 146 132 
388 0.0017009572710081809 -0.10157110104664076 1.030615939079326 0 0 0 0.53 32 115 39 334 110 59 124 213 223 40 
389 -0.004266597846372259 -0.0204066910961825 1.0208962108082014 0 0 0 0.26 32 116 39 335 97 21 
390 -0.05948804730116427 -0.014150923009811233 1.0187534825922688 0 0 0 0.33 32 117 36 65 39 336 110 60 112 38 124 214 
391 -0.003692636313168878 0.03949372917073038 1.003920909327007 0 0 0 0.31 32 118 36 66 39 337 
392 0.002326598109897883 0.044596941780085095 0.996058635710293 0 0 0 0.17 32 119 36 67 39 338 
393 -0.10710572955869761 0.04383531417719267 1.0082407740052577 0 0 0 0.18 32 120 36 68 39 339 
394 -0.06368021406568321 -0.17887830808996757 1.0529007598257125 0 0 0 0.17 32 121 39 340 124 215 
395 -0.05149605711046501 -0.0997157300182273 1.0333857349153537 0 0 0 0.2 32 122 36 69 39 341 
396 -0.07256095452619657 -0.02243004177136754 1.0197408412326217 0 0 0 0.26 32 123 39 342 124 216 
397 -0.15817337842819082 -0.012445136364749438 1.0354222753388893 0 0 0 0.21 32 124 39 343 44 94 
398 0.20470969758208402 -0.04097665337475769 1.0223227325654225 0 0 0 0.19 32 125 39 344 234 30 
399 0.07473605221220077 -0.10236570506987952 1.027157688775666 0 0 0 0.34 33 59 39 345 93 61 109 61 112 39 124 217 
400 0.13639750583473084 -0.08823604349633528 1.0217266708340382 0 0 0 0.32 33 60 39 346 200 97 
401 0.01995030365983721 0.04812171498016024 1.0043786126662646 0 0 0 0.09 33 61 124 218 157 111 
402 -0.05792691861286971 -0.013601147255212042 1.0182200081567454 0 0 0 0.38 33 62 38 20 39 347 109 62 124 219 214 8 
403 -0.0877124279797647 0.05802679643097122 1.008546161818438 0 0 0 0.16 33 63 39 348 44 95 200 98 
404 0.03151127227650626 0.06298002411720444 0.9961527296594088 0 0 0 0.24 33 64 157 112 164 71 
405 -0.01603553072010935 -0.09164658044776441 1.0287945954257736 0 0 0 0.44 36 70 39 349 92 100 110 61 231 35 
406 0.10931604655680449 -0.08879261258789686 1.0215816166344633 0 0 0 0.44 36 71 39 350 77 73 148 54 200 99 213 76 223 41 
407 0.03207103158182497 -0.08986875542799651 1.0264915001213049 0 0 0 0.15 36 72 39 351 176 86 231 36 
408 -0.020519838772074944 -0.08937463145958283 1.028564131811581 0 0 0 0.2 36 73 39 352 124 220 204 38 
409 0.051609695921793416 -0.022728035948378 1.0150730772883738 0 0 0 0.23 36 74 39 353 110 62 
410 0.05159849196128325 -0.02273963713103433 1.015053166974059 0 0 0 0.2 36 75 39 354 110 63 124 221 
411 0.031471014958469774 0.04664240844094504 0.9966223856033997 0 0 0 0.59 36 76 39 355 124 222 
412 -0.11454586441296108 -0.1018711239434705 1.0365343523368182 0 0 0 0.27 36 77 39 356 77 74 159 34 185 40 
413 -0.11243308928459624 -0.07528496460666559 1.0373209375484465 0 0 0 0.25 36 78 39 357 77 75 92 101 146 133 172 26 176 87 
414 0.12798074429235465 -0.10456502844519287 1.023267540806084 0 0 0 0.41 36 79 39 358 98 60 110 64 146 134 176 88 185 41 213 77 219 25 
415 -0.05991225527811616 -0.004399664645811999 1.0166823384076684 0 0 0 0.39 36 80 39 359 71 28 
416 -0.06482030591762222 0.043608805884876235 1.002363570393871 0 0 0 0.47 36 81 39 360 124 223 
417 -0.12216920942715573 -0.13390013698616093 1.0460855974921608 0 0 0 0.55 36 82 39 361 200 100 
418 0.16813231550230315 -0.11390722402175639 1.0289982340792272 0 0 0 0.76 36 83 39 362 44 96 
419 0.009485323349884585 -0.12056458356989123 1.0321097171569875 0 0 0 0.33 38 21 39 363 98 61 109 63 157 113 231 37 
420 0.09500314325117724 -0.1139143712215663 1.0276486127723443 0 0 0 0.2 38 22 39 364 98 62 200 101 
421 0.08847092074671896 -0.016536664365262497 1.012761801666993 0 0 0 0.2 38 23 39 365 214 9 
422 -0.13954840415849507 -0.08247481005968373 1.0443231727126516 0 0 0 0.22 39 366 60 39 85 60 92 102 136 25 157 114 213 78 
423 -0.11074987843321095 -0.06474497914903647 1.037480159877825 0 0 0 0.24 39 367 50 75 124 224 157 115 200 102 
424 -0.007984275727538417 -0.13491261131703286 1.0281514475663651 0 0 0 0.34 39 368 98 63 124 225 
425 -0.007420877033205415 -0.1344601971782276 1.0302869389264004 0 0 0 0.25 39 369 112 40 124 226 
426 0.08279453607676399 -0.13628547938941804 1.026009783485211 0 0 0 0.13 39 370 124 227 187 45 
427 0.08279453607676399 -0.13628547938941804 1.026009783485211 0 0 0 0.13 39 371 124 228 187 46 
428 -0.02230914122814299 -0.1235418481887648 1.0322266903991304 0 0 0 0.37 39 372 112 41 124 229 
429 0.05453453175214804 -0.11424058971741607 1.028867707469746 0 0 0 0.07 39 373 124 230 187 47 
430 0.09245705386894741 -0.11152013804749834 1.0287342429679753 0 0 0 0.28 39 374 109 64 112 42 
431 0.03032307069677538 -0.06130432823614158 1.0234867341144311 0 0 0 0.19 39 375 112 43 124 231 
432 0.10146761675849991 -0.030447961222805003 1.0143661077702042 0 0 0 0.2 39 376 112 44 231 38 
433 0.05757000738975536 -0.014910758956568576 1.0144058996838308 0 0 0 0.2 39 377 175 36 187 48 
434 0.09823910590365974 0.04352005816816219 1.000171183783886 0 0 0 0.48 39 378 124 232 175 37 
435 -0.15090437062657686 -0.12208101480416499 1.053712656040663 0 0 0 0.38 39 379 124 233 146 135 
436 -0.10825668311925957 -0.12299856876330023 1.0474965155512153 0 0 0 0.25 39 380 124 234 146 136 
437 0.08153960249727855 -0.1307797725401497 1.0302448688414483 0 0 0 0.21 39 381 93 62 124 235 
438 0.043308647487665025 -0.12631730709109076 1.0327654059219167 0 0 0 0.21 39 382 93 63 112 45 
439 0.05682446778572805 -0.11627405352554905 1.0292177311734603 0 0 0 0.19 39 383 157 116 187 49 200 103 
440 0.09930846307402957 -0.11143003331137592 1.0275179980751747 0 0 0 0.1 39 384 109 65 124 236 
441 -0.01861214255026176 -0.1006482772447951 1.0301146651923156 0 0 0 0.38 39 385 124 237 146 137 
442 -0.001109871601686718 -0.10024675206990985 1.030411764554841 0 0 0 0.11 39 386 124 238 213 79 
443 0.05241472920384406 -0.10274038953308244 1.0281164375579173 0 0 0 0.16 39 387 124 239 176 89 
444 0.10669110166468711 -0.10344106224713377 1.026075442282593 0 0 0 0.23 39 388 175 38 187 50 
445 0.04130032741161595 -0.09670969849031752 1.0259668847009455 0 0 0 0.12 39 389 124 240 231 39 
446 0.037043307948909115 -0.09630715868060774 1.0302628554546438 0 0 0 0.22 39 390 146 138 176 90 231 40 
447 0.15534046272689225 -0.09235901412260465 1.0191271422469015 0 0 0 0.28 39 391 93 64 124 241 
448 0.02232708960476979 -0.08162744925735224 1.0240613759323725 0 0 0 0.1 39 392 112 46 136 26 
449 0.02219516211617839 -0.08170054228352262 1.0237714865252587 0 0 0 0.28 39 393 98 64 146 139 187 51 200 104 
450 0.12251253096222892 -0.08633124495465125 1.021265740765548 0 0 0 0.16 39 394 112 47 124 242 146 140 157 117 175 39 
451 0.029205492051573828 -0.07534312645234557 1.0232680908177436 0 0 0 0.25 39 395 124 243 231 41 
452 0.1716967778904228 -0.0850784604535771 1.0205930002068995 0 0 0 0.31 39 396 112 48 175 40 
453 0.23526876485642426 -0.08725636216392643 1.0198453149234261 0 0 0 0.33 39 397 112 49 175 41 
454 -0.14784258041488635 -0.060389242569606455 1.0410550211383884 0 0 0 0.31 39 398 124 244 146 141 
455 0.13809192254956096 -0.06402996450449057 1.0196108428417403 0 0 0 0.09 39 399 112 50 231 42 
456 0.1020047181668487 -0.059118738864221976 1.0197374772021117 0 0 0 0.19 39 400 98 65 124 245 146 142 157 118 187 52 
457 0.1440319141906379 -0.05890331458440258 1.0161818076465483 0 0 0 0.22 39 401 112 51 175 42 200 105 
458 0.10130802332506816 -0.04317031390461063 1.0160351698721533 0 0 0 0.12 39 402 124 246 231 43 
459 -0.004940755822774787 -0.027451640147354853 1.019564889967573 0 0 0 0.12 39 403 124 247 146 143 231 44 
460 0.08273226372763091 -0.016787786245694908 1.0139345324328637 0 0 0 0.14 39 404 124 248 157 119 231 45 
461 0.06886009532569065 0.049103180036904885 0.9938955571737399 0 0 0 0.17 124 249 157 120 175 43 
462 0.09716070970453904 0.05048208815851686 0.999003520643111 0 0 0 0.13 39 405 112 52 175 44 
463 0.0970181454797309 0.05048574263919814 0.9987720539048385 0 0 0 0.18 39 406 112 53 124 250 175 45 
464 0.0367025176449605 0.05361914883921093 0.9969444023492581 0 0 0 0.27 39 407 124 251 187 53 
465 0.01821438124005878 0.05442058035633761 1.0044157992120193 0 0 0 0.17 39 408 124 252 175 46 
466 0.04018044977684801 0.05799136856512832 0.9953819795609061 0 0 0 0.19 39 409 112 54 187 54 
467 -0.06858994649624238 0.06362573417505278 1.000940092583292 0 0 0 0.41 39 410 98 66 124 253 200 106 
468 0.20435239630711077 -0.1513269057741837 1.0291141980268261 0 0 0 0.28 39 411 124 254 157 121 
469 0.18559641053920675 -0.123939794276802 1.024647193890635 0 0 0 0.64 39 412 124 255 146 144 196 29 
470 0.2151945605532611 -0.1224792885705011 1.02560331603012 0 0 0 0.19 124 256 157 122 213 80 
471 0.06980512188165726 -0.10967623943908218 1.0284284116504414 0 0 0 0.38 39 413 61 47 85 61 92 103 
472 -0.001435639962214185 -0.10394691199435437 1.029934305180029 0 0 0 0.11 39 414 109 66 110 65 124 257 
473 0.12465105705626052 -0.10560871417470377 1.0244554841665305 0 0 0 0.63 39 415 185 42 231 46 
474 0.08482631708114 -0.10200627973642881 1.026726988664651 0 0 0 0.16 39 416 109 67 124 258 
475 -0.05002709754452656 -0.08898624264022464 1.030035625338263 0 0 0 0.16 39 417 110 66 112 55 124 259 146 145 
476 -0.08578773623314329 -0.08762974011691198 1.0372874364771967 0 0 0 0.3 39 418 93 65 112 56 124 260 200 107 
477 -0.0701657224963086 -0.0851233327121599 1.0306377667191118 0 0 0 0.15 39 419 124 261 146 146 185 43 213 81 
478 -0.030192156638041846 -0.08248888638915036 1.027204662744908 0 0 0 0.17 39 420 109 68 112 57 
479 0.048907797104317904 -0.08734548469561261 1.0245762203270743 0 0 0 0.18 39 421 124 262 146 147 
480 0.10241082129568257 -0.09112023873394781 1.0234879994564934 0 0 0 0.52 39 422 109 69 159 35 223 42 231 47 
481 0.13311013693356413 -0.08949757146862805 1.020464367161459 0 0 0 0.23 39 423 109 70 157 123 214 10 
482 0.13197443465191225 -0.08760530703762441 1.0200502827922857 0 0 0 0.45 39 424 93 66 98 67 124 263 146 148 187 55 200 108 213 82 
483 0.2287794101048394 -0.08234987273480661 1.0185871565810494 0 0 0 0.13 44 97 61 48 146 149 187 56 200 109 
484 -0.11689664638843705 -0.02216520628056404 1.0329234317786198 0 0 0 0.13 39 425 146 150 213 83 
485 -0.02101140476163811 -0.023212113638783144 1.0217454459187694 0 0 0 0.15 39 426 124 264 146 151 
486 -0.11702735171084429 -0.01780666958624622 1.0319911939444104 0 0 0 0.21 39 427 124 265 200 110 
487 -0.11702735171084429 -0.01780666958624622 1.0319911939444104 0 0 0 0.21 39 428 124 266 200 111 
488 -0.005049428186298494 -0.02067856837606775 1.0197817826732174 0 0 0 0.09 39 429 92 104 213 84 
489 0.09823597318632823 -0.021609356927704493 1.0136752138588518 0 0 0 0.2 39 430 124 267 213 85 
490 0.031165165763679097 -0.016699110715120022 1.0172317806861138 0 0 0 0.2 39 431 124 268 146 152 157 124 
491 0.08810079756775467 -0.016399901731835417 1.0116170767343087 0 0 0 0.3 39 432 124 269 231 48 
492 0.15925897586133347 -0.019833583660611494 1.008845690976711 0 0 0 0.25 39 433 157 125 214 11 231 49 
493 0.06668110421168112 -0.015169901876929601 1.0145124397046519 0 0 0 0.17 39 434 124 270 231 50 
494 0.16452322320885684 -0.018053648203611092 1.0091097117879848 0 0 0 0.15 39 435 110 67 124 271 
495 0.04719629502927211 -0.010870490689656806 1.014822337780682 0 0 0 0.29 39 436 124 272 175 47 
496 0.02843914662919454 2.513421778669983e-05 1.0155022689226347 0 0 0 0.26 39 437 146 153 214 12 
497 0.011980109907588207 0.03816903013706776 1.0096254061203673 0 0 0 0.34 39 438 124 273 146 154 
498 -0.09252185550409249 0.04969478119417914 1.0137263618945807 0 0 0 0.19 39 439 176 91 200 112 
499 -0.09252185550409249 0.04969478119417914 1.0137263618945807 0 0 0 0.19 39 440 176 92 200 113 
500 0.06165894742760347 0.045002977407170124 1.004954082147797 0 0 0 0.17 39 441 124 274 157 126 
501 -0.09263561868086212 0.05156700264793785 1.013445244357519 0 0 0 0.05 39 442 124 275 200 114 
502 -0.09264971412226279 0.05150696196255931 1.0137891668622112 0 0 0 0.18 39 443 124 276 146 155 200 115 
503 -0.08903406783185491 0.05147384234581834 1.0124906203663608 0 0 0 0.23 39 444 146 156 200 116 
504 -0.09092415729810806 0.052245372069364346 1.0132808507894449 0 0 0 0.21 39 445 124 277 200 117 
505 -0.08722519005486401 0.0521372241270413 1.012752951050692 0 0 0 0.26 124 278 157 127 213 86 
506 -0.08362303926529334 0.051900631019838175 1.0109038901948777 0 0 0 0.15 39 446 146 157 200 118 
507 0.04005372965523135 0.049470882619110014 0.9991934371140174 0 0 0 0.35 39 447 124 279 146 158 175 48 213 87 
508 0.020295819261342208 0.05146890880119775 1.0053639842735758 0 0 0 0.06 39 448 124 280 175 49 
509 0.020048041108000906 0.053825923220690096 1.004057499196556 0 0 0 0.25 39 449 93 67 146 159 175 50 
510 0.05713005569831495 0.05438658691025978 1.0092834541341904 0 0 0 0.2 39 450 50 76 146 160 
511 -0.06325881200999743 0.06665881096129032 1.0001906998020436 0 0 0 0.24 85 62 146 161 214 13 
512 0.14912262688676398 -0.19292624947556697 1.0422854596866342 0 0 0 0.3 39 451 92 105 172 27 
513 -0.11481340048209042 -0.15427369313510472 1.0531067137499017 0 0 0 0.19 39 452 124 281 157 128 200 119 
514 -0.13441844120503837 -0.14177690609487936 1.0574537468946705 0 0 0 0.22 39 453 124 282 200 120 
515 0.18333926516609347 -0.12446168030760109 1.025923172715174 0 0 0 0.24 39 454 92 106 93 68 124 283 
516 0.07186446474701931 -0.10291454278040575 1.0277004600954933 0 0 0 0.42 39 455 124 284 176 93 
517 0.07177758533006147 -0.10273040984866953 1.0270522296911566 0 0 0 0.45 39 456 92 107 124 285 223 43 
518 -0.04443961082855629 -0.08931655933383767 1.030227779627994 0 0 0 0.24 39 457 110 68 124 286 
519 0.08598462459977253 -0.09423302584132943 1.0256683711983983 0 0 0 0.29 39 458 53 31 61 49 109 71 157 129 158 43 176 94 
520 0.10177105327903413 -0.09400816266031599 1.0232038144559794 0 0 0 0.41 39 459 92 108 98 68 124 287 176 95 
521 0.004399734995076812 -0.08232306700097547 1.0250133443842457 0 0 0 0.28 39 460 92 109 124 288 231 51 
522 -0.14338719914855233 -0.0671337462751216 1.0430764101613041 0 0 0 0.27 39 461 60 40 124 289 
523 0.10399027652024445 -0.07849421636788513 1.0185146594460728 0 0 0 0.29 39 462 124 290 204 39 
524 0.2072221685337857 -0.08238982147443225 1.0189841046087442 0 0 0 0.27 44 98 93 69 124 291 157 130 162 27 200 121 
525 -0.010980409789668683 -0.06684863507244199 1.0287649354313562 0 0 0 0.27 39 463 200 122 231 52 
526 -0.1477212306780323 -0.05629257588917238 1.0424663540032109 0 0 0 0.4 39 464 124 292 157 131 176 96 
527 0.0555238577054642 -0.065237217716469 1.0267344536026677 0 0 0 0.06 39 465 124 293 231 53 
528 0.06435187342666625 -0.06274107651622776 1.024438421825995 0 0 0 0.53 39 466 50 77 124 294 157 132 
529 0.028631990446360982 -0.059166472575597866 1.025289748565643 0 0 0 0.17 39 467 124 295 231 54 
530 0.1751447870448626 -0.06047057256271628 1.0191593653763371 0 0 0 0.13 39 468 112 58 124 296 176 97 
531 0.02823209882449252 -0.04468501786945795 1.022638134689997 0 0 0 0.19 39 469 50 78 60 41 124 297 157 133 
532 -0.15873931765871205 -0.02474928989622207 1.0394558301509285 0 0 0 0.47 39 470 124 298 176 98 
533 0.02695082408840451 -0.03343278208228257 1.0231475198172908 0 0 0 0.3 39 471 124 299 175 51 
534 -0.07606124168392751 -0.025917673932670197 1.024308295975551 0 0 0 0.15 39 472 50 79 92 110 124 300 146 162 176 99 200 123 
535 -0.1644197668462873 -0.01909936723394161 1.0406645483564032 0 0 0 0.5 39 473 44 99 93 70 148 55 
536 0.10280958823675314 -0.028465475714843758 1.0137922025725667 0 0 0 0.48 39 474 112 59 213 88 231 55 
537 -0.03903310645159076 -0.016618353865480637 1.0177232663585232 0 0 0 0.32 39 475 92 111 231 56 
538 0.05208505309942321 -0.011218586170418337 1.0185317288798919 0 0 0 0.18 39 476 50 80 124 301 157 134 175 52 231 57 
539 0.09825577703790823 -0.006521972087187414 1.013720329764814 0 0 0 0.22 39 477 61 50 124 302 158 44 
540 -0.017402840630476795 0.01970148191465046 1.015534927288673 0 0 0 0.08 39 478 124 303 158 45 
541 -0.00775436022036622 0.029249330960780036 1.0150675060872172 0 0 0 0.08 39 479 146 163 213 89 
542 -0.021930609043542198 0.03738196264772314 1.0112021447270052 0 0 0 0.16 39 480 124 304 146 164 
543 -0.04908958075338268 0.04887732540239051 1.0054641520542398 0 0 0 0.08 39 481 124 305 200 124 
544 -0.004563635560877156 0.047684357133199365 0.9999875293823404 0 0 0 0.24 39 482 44 100 124 306 176 100 
545 -0.004427219333534184 0.05056175773300038 1.001587235731084 0 0 0 0.02 39 483 124 307 214 14 
546 0.12538082688815325 0.04674686841290969 0.9934258949146124 0 0 0 1.19 39 484 60 42 85 63 
547 0.0340650142751053 0.05514030740503219 0.9952803776627586 0 0 0 0.13 39 485 110 69 124 308 
548 -0.035721341553774995 0.06255835764195912 1.002131565604819 0 0 0 0.27 39 486 176 101 231 58 
549 -0.06638597240722054 -0.17567226343871603 1.054369716039338 0 0 0 0.39 39 487 124 309 200 125 
550 -0.1373065599413692 -0.15762783194393387 1.0553850308559851 0 0 0 0.34 39 488 124 310 200 126 
551 0.21073676271305794 -0.15507262491495963 1.029373162559975 0 0 0 0.13 44 101 124 311 187 57 200 127 
552 0.06516762325519582 -0.1258342977988382 1.031812939192127 0 0 0 0.29 39 489 53 32 61 51 77 76 92 112 98 69 124 312 187 58 
553 0.08790453530369977 -0.10846978834892622 1.0279290926041995 0 0 0 0.38 39 490 53 33 61 52 85 64 93 71 109 72 110 70 124 313 146 165 176 102 187 59 223 44 
554 -0.09591352031604301 -0.08820800729901952 1.0377409401019426 0 0 0 0.11 39 491 162 28 200 128 
555 0.03454248828182223 -0.09355967879489613 1.0300986508938643 0 0 0 0.39 39 492 50 81 112 60 118 38 157 135 232 33 
556 -0.06621396412468834 -0.07556168613160008 1.026143067445822 0 0 0 0.19 39 493 110 71 124 314 
557 0.14063588476351374 -0.07785340986598861 1.0177584609445895 0 0 0 0.39 39 494 97 22 124 315 
558 -0.1840676200564065 -0.05938232367214598 1.0493830544336495 0 0 0 0.41 39 495 60 43 110 72 146 166 157 136 159 36 
559 -0.14862611733911868 -0.05100976965806102 1.0416367287087092 0 0 0 0.2 39 496 85 65 110 73 157 137 
560 0.008501561693505699 -0.03182216277857949 1.0193949744905564 0 0 0 0.13 39 497 110 74 124 316 
561 -0.17488352664821225 -0.018698160265734638 1.0402121947924259 0 0 0 0.23 85 66 109 73 110 75 
562 -0.09809773218462998 -0.01383340737390328 1.0295619333798467 0 0 0 0.14 39 498 92 113 124 317 
563 0.06323169256092286 -0.012683814805151647 1.0137640377126602 0 0 0 0.19 39 499 44 102 124 318 158 46 
564 0.06415098428126943 -0.0041957954917550685 1.0154305314921772 0 0 0 0.11 39 500 146 167 172 28 219 26 
565 0.0993243219641756 0.01054182757082227 1.0090302892794814 0 0 0 0.2 39 501 124 319 176 103 
566 0.06609086169556859 0.03354611173247396 1.0036698744519792 0 0 0 0.09 172 29 176 104 219 27 
567 0.06368534400704152 0.0381460055880439 1.008579127960203 0 0 0 0.19 39 502 50 82 124 320 146 168 
568 0.023364397950549304 0.04043830143138713 1.0091135271666793 0 0 0 0.26 39 503 50 83 92 114 213 90 
569 -0.009124579326927297 0.043035400265500255 1.005116205267647 0 0 0 0.47 39 504 110 76 124 321 
570 -0.07609424812519082 0.06552350539584151 1.0016085154890988 0 0 0 0.19 39 505 92 115 124 322 
571 -0.004676154950486074 -0.1250248560379968 1.0317202107708663 0 0 0 0.64 39 506 92 116 172 30 
572 -0.08428121707225616 -0.0972101139050591 1.03287661008477 0 0 0 0.29 39 507 124 323 200 129 
573 -0.010055783264467554 -0.10100851289621922 1.030083620877599 0 0 0 0.34 39 508 97 23 219 28 
574 0.1393905025176291 -0.10816891418377851 1.0173313248188909 0 0 0 0.29 39 509 50 84 124 324 146 169 157 138 158 47 176 105 
575 0.20963831207530761 -0.1066831599562405 1.023699098215025 0 0 0 0.65 44 103 109 74 124 325 
576 0.18015202544298226 -0.10035945404847647 1.0162988042500851 0 0 0 0.74 39 510 124 326 200 130 234 31 
577 -0.10032495789324204 -0.07558510821373694 1.0363380320513258 0 0 0 0.42 39 511 157 139 176 106 
578 -0.16320951744273096 -0.025683151259741695 1.0400147392194625 0 0 0 0.47 39 512 204 40 219 29 
579 0.15132673564909502 0.03401545868828258 0.9987504788442191 0 0 0 0.21 39 513 175 53 231 59 
580 0.018693030589123406 0.040039418619118534 1.0105182308088079 0 0 0 0.16 39 514 175 54 187 60 
581 -0.013581666027244279 0.04330680052299754 1.0058441645405765 0 0 0 0.52 39 515 158 48 214 15 231 60 
582 0.09844620881370454 0.04772660804112106 0.9987552213313775 0 0 0 0.35 50 85 61 53 97 24 98 70 112 61 124 327 157 140 175 55 176 107 187 61 219 30 231 61 234 32 
583 -0.0713638666521624 -0.11671001340672248 1.0412655824290147 0 0 0 0.76 39 516 92 117 124 328 
584 -0.07380631020068885 -0.07482780145259088 1.0357046531497462 0 0 0 0.3 39 517 146 170 158 49 
585 0.027935625103014023 -0.07421277581501806 1.0276654523791406 0 0 0 0.28 39 518 146 171 231 62 
586 0.049166691458228204 -0.07379223274928604 1.026111358114823 0 0 0 0.29 39 519 146 172 176 108 187 62 
587 -0.058982626846605116 -0.03615416828853208 1.0223810370041377 0 0 0 0.29 39 520 110 77 124 329 
588 0.0929191249754784 0.04925512034202772 0.9993703719695528 0 0 0 0.27 97 25 124 330 146 173 
589 0.09675797515252643 0.05304071145956295 0.9954691232897342 0 0 0 0.38 60 44 85 67 97 26 110 78 124 331 
590 0.2114987048662012 -0.15358434144857308 1.0320487552733866 0 0 0 0.53 124 332 187 63 200 131 
591 0.11506941097978753 -0.09034482696083442 1.0246498955971206 0 0 0 0.58 39 521 44 104 61 54 124 333 158 50 162 29 
592 0.03523477388711745 -0.08251183767272119 1.0222771259523387 0 0 0 0.26 39 522 85 68 97 27 
593 -0.07545754600855195 -0.013799534292088786 1.0256504380380451 0 0 0 0.37 39 523 97 28 231 63 
594 -0.08914998781789131 -0.09710577727991128 1.0342240793513788 0 0 0 0.35 39 524 92 118 146 174 176 109 
595 0.18510976733096762 -0.11232065866225592 1.026069734858226 0 0 0 0.55 39 525 109 75 223 45 
596 0.11490991185325124 -0.10257885013087104 1.0234449202525069 0 0 0 0.37 39 526 97 29 231 64 
597 -0.09500826348894413 0.04799920178812648 1.013203665107981 0 0 0 0.32 39 527 92 119 124 334 
598 0.10894701432035947 -0.0461564396647305 1.015770579813484 0 0 0 0.76 39 528 97 30 187 64 232 34 
599 0.1631200689547208 0.011969258574165073 1.0069276149150985 0 0 0 1.17 97 31 109 76 146 175 
