# Image list with two lines of data per image:
#   IMAGE_ID, QW, QX, QY, QZ, TX, TY, TZ, CAMERA_ID, NAME
#   POINTS2D[] as (X, Y, POINT3D_ID)
# Number of images: 236, mean observations per image: 15.962
0 0.999996118366376 0.0016595144580239698 -0.0018172489451415118 0.0013050889386185514 0.00602554635936599 0.0031711924018171032 -0.0046091736128322045 0 image_000000.jpg
 194.504 196.968 0 623.855 240.757 1 621.100 259.074 2 606.986 267.344 3 217.115 280.023 4 215.595 283.906 5 615.550 294.848 6 622.814 318.074 7 242.940 344.144 8 201.151 193.459 9 123.070 203.913 10 591.405 213.118 11 617.400 236.142 12 647.053 253.303 13 642.711 262.172 14 620.886 266.681 15 258.399 281.700 16 647.564 288.455 17 137.458 308.603 18 236.620 309.608 19 140.844 310.138 20 243.329 324.259 21 248.080 209.691 22 620.438 238.796 23 639.960 253.686 24 637.471 259.808 25 139.578 262.544 26 610.038 381.895 27 160.802 184.778 28 279.397 192.632 29 300.559 193.828 30 218.474 207.756 31 165.701 230.789 32 125.586 205.428 33 125.586 205.428 34 625.835 245.333 35 622.534 252.932 36 602.343 281.406 37 602.343 281.406 38 628.246 262.353 39 645.179 259.617 40 271.137 276.223 41
3 0.9893969854586766 0.014928394402165122 0.14369781868966636 -0.014889151114462594 -0.13660705180068528 0.008283850031488817 0.16886376093083177 3 image_000003.jpg
 117.560 344.590 0 602.136 389.749 3 143.233 433.340 4 142.020 438.049 5 615.697 422.912 6 124.266 339.945 9 590.670 321.250 11 617.074 349.120 12 662.583 367.659 13 622.387 387.920 15 664.054 412.782 17 65.352 468.925 18 620.499 352.479 23 648.805 376.692 25 66.061 419.660 26 86.720 332.934 28 228.272 331.778 30 142.618 354.485 31 90.534 383.247 32 627.788 360.914 35 622.062 369.964 36 633.494 381.481 39 659.992 376.049 40 622.897 348.558 42 569.221 356.866 43 566.014 359.059 44 37.211 366.726 45 213.955 380.507 46 165.801 381.096 47 173.313 380.903 48 593.039 389.173 49 626.099 390.295 50 65.544 408.980 51 142.453 410.311 52 130.943 426.716 53 186.604 428.899 54 269.407 438.698 55 84.042 466.645 56 234.716 340.298 57 599.873 346.602 58 658.018 368.013 59 658.018 368.013 60 158.261 376.258 61 97.442 377.081 62 97.442 377.081 63 111.776 376.873 64 111.776 376.873 65 599.293 378.785 66 128.551 388.287 67 638.255 416.104 68 81.683 426.897 69 616.393 429.469 70 72.894 441.784 71 635.322 529.337 72 590.670 321.250 73 128.418 336.100 74 214.499 337.147 75 214.499 337.147 76 218.973 336.993 77 216.867 340.916 78 50.595 371.284 79 158.854 387.534 80 682.156 407.546 81 65.914 428.871 82 152.648 436.320 83 114.856 437.577 84 80.767 439.816 85 591.192 334.309 86 239.790 343.562 87 45.594 354.320 88 70.907 357.161 89 616.027 358.144 90 55.443 366.694 91 626.835 376.380 92 256.796 380.927 93 156.549 382.432 94 69.051 414.319 95 176.838 436.859 96 225.660 343.259 97 194.488 344.528 98 98.787 437.584 99 128.679 437.795 100 68.611 452.085 101 109.079 354.068 102 605.780 356.345 103 642.056 383.273 104 657.668 385.785 105 642.315 392.083 106 225.420 450.003 107 123.308 330.650 108 121.632 353.371 109 234.503 455.901 110 165.949 380.261 111 194.514 321.604 112
41 0.9916420853245406 -0.045645059109765844 0.11881035710598009 -0.02113295512131189 -0.06638691846028838 0.03531462277695717 0.14269659059074785 41 image_000041.jpg
 181.140 279.897 0 354.273 261.313 30 138.234 338.664 32 266.674 335.955 48 199.745 406.230 53 148.561 329.708 62 197.404 346.567 67 198.246 266.415 74 332.459 269.275 75 332.459 269.275 76 336.460 275.622 78 245.846 345.678 80 96.683 409.600 82 119.774 426.684 85 371.321 279.997 87 83.502 312.386 91 397.435 337.137 93 242.166 338.349 94 168.128 294.359 102 362.229 454.291 110 257.822 334.140 111 309.151 274.600 128 185.515 273.312 129 199.501 292.672 131 108.791 422.892 141 163.325 380.732 154 362.229 454.291 155 211.589 408.138 161 284.029 387.542 167 422.514 421.450 178 393.557 409.544 189 397.106 413.773 199 131.415 333.968 246 260.800 296.831 254 279.719 337.408 256 388.772 295.153 257 178.740 292.774 264 198.299 395.577 266 129.118 346.848 269 211.195 376.208 270 187.180 386.580 317 187.180 386.580 318 409.530 343.755 319 369.228 344.519 320 112.554 510.476 321 207.603 572.743 322 250.598 489.793 323 170.322 509.519 324 353.638 514.521 325 359.956 304.627 326 209.505 305.604 327 185.722 564.669 328 338.575 268.369 329 198.200 408.354 330 335.389 506.650 331 376.436 422.226 332 361.898 423.938 333 336.208 292.549 334 336.208 292.549 335
172 0.9951008075583729 -0.019457577877481386 0.09553896187326923 -0.0163740305279824 -0.016134373135540513 -0.0040491919807913316 -0.033594332528969845 172 image_000172.jpg
 270.001 244.448 0 792.798 303.581 3 769.591 234.018 11 805.948 261.715 12 848.386 281.675 13 811.831 301.750 15 207.806 381.530 18 211.666 383.147 20 809.758 265.199 23 192.642 258.993 33 192.642 258.993 34 787.331 323.211 37 324.791 285.363 47 284.402 335.426 53 245.950 279.515 62 262.593 279.714 64 227.169 334.372 69 382.618 242.675 78 197.315 267.456 91 426.393 287.157 93 213.506 320.406 95 336.619 347.400 96 212.207 362.941 101 829.042 298.248 104 275.118 254.248 109 831.050 293.909 119 275.409 235.524 127 272.925 239.421 129 856.626 293.626 133 795.808 345.436 135 292.721 334.884 161 821.820 295.901 166 843.620 278.592 171 856.626 293.626 196 353.176 347.640 226 233.945 282.850 246 301.915 280.342 251 283.027 326.978 266 786.369 294.593 287 264.522 232.613 290 372.444 348.460 293 779.319 337.388 301 283.233 336.775 330 262.581 330.258 463 270.029 263.876 482 262.688 322.449 508
77 0.9782096490647988 -0.03937591404891987 0.20286538000528848 -0.020026346621563558 -0.3201254386343816 -0.055101161989576625 -0.35500480205475315 77 image_000077.jpg
 213.310 190.511 0 850.400 281.460 6 849.075 184.973 12 858.745 235.611 15 916.575 270.539 17 140.887 340.222 18 145.071 341.809 20 278.537 199.422 22 892.982 222.969 25 864.338 198.572 35 825.845 223.458 66 880.963 273.350 68 227.226 180.321 74 245.918 300.413 83 202.651 302.384 84 847.945 198.032 90 372.552 229.604 93 253.550 234.077 94 151.286 275.016 95 146.349 320.175 101 884.363 234.440 104 907.449 236.455 105 892.647 234.596 113 275.089 192.509 118 213.665 179.900 126 218.714 180.919 127 217.003 185.285 129 136.280 199.944 130 925.515 226.446 133 128.703 387.818 137 911.806 266.978 138 143.364 313.051 143 123.868 184.356 146 123.868 184.356 147 232.916 202.072 149 179.015 275.766 157 302.421 287.193 160 905.741 207.912 172 905.951 269.437 175 939.195 285.216 179 374.578 355.280 180 826.717 186.775 181 931.033 285.794 182 217.003 185.285 194 1003.988 230.915 224 291.809 300.377 226 1020.421 363.502 229 134.277 400.519 230 161.705 267.884 236 116.171 190.722 245 173.740 233.328 246 1005.550 241.080 250 148.626 310.829 259 158.228 292.872 271 183.390 183.862 286 332.243 177.581 291 174.866 193.390 292 854.297 242.429 310 202.362 413.949 328 135.800 204.848 345 135.800 204.848 346 238.284 187.386 348 212.368 352.489 466 1034.890 383.310 467 354.597 315.442 469
176 0.9938207979478132 -0.011400257999078366 0.1085166160275374 -0.0203564224427622 -0.029554543844642386 -0.03431962714923067 -0.3027942016797396 176 image_000176.jpg
 158.084 102.635 0 279.964 253.640 16 61.354 316.963 18 311.925 85.235 29 41.287 129.305 33 326.548 164.084 46 180.042 243.787 53 228.902 156.471 61 91.534 243.223 69 993.982 256.113 70 327.335 91.388 75 327.335 91.388 76 332.343 97.845 78 90.435 266.110 85 371.716 103.365 87 47.828 140.654 91 399.818 166.159 93 70.741 222.304 95 262.396 261.296 96 293.547 103.877 98 68.145 287.689 101 15.681 280.091 123 301.361 96.854 128 62.185 277.125 143 29.534 235.324 145 397.050 246.470 189 268.146 253.368 200 204.953 156.783 251 302.426 86.334 285 108.374 420.612 372 152.599 244.816 384 99.967 218.533 424 70.017 399.101 470
17 0.9919682627893298 -0.008059201655667049 0.12593841829967628 -0.00857467669505526 -0.10662159533811869 0.0028216674069863317 0.05450358553382916 17 image_000017.jpg
 243.283 216.412 0 250.572 211.466 9 162.063 230.121 10 778.880 205.414 11 811.535 236.362 12 177.455 358.258 18 181.414 360.156 20 816.031 239.928 23 845.706 268.312 25 207.419 203.407 28 210.511 260.269 32 164.999 232.241 33 817.148 259.998 36 789.282 302.554 38 829.582 273.015 39 791.586 232.343 58 855.800 258.946 59 855.800 258.946 60 253.663 266.884 67 834.139 312.077 68 187.210 327.669 71 778.880 205.414 73 254.745 207.555 74 358.055 215.028 78 289.238 266.839 80 280.869 322.735 83 188.147 229.475 89 810.623 246.398 90 170.666 239.640 91 823.205 267.111 92 402.248 261.710 93 183.778 296.204 95 308.915 324.268 96 182.041 339.053 101 798.656 243.488 103 855.363 279.383 105 836.547 286.060 106 375.328 346.645 110 304.651 221.605 118 187.894 265.325 120 219.562 314.401 121 302.259 367.503 124 246.052 421.061 125 248.781 207.534 127 870.317 270.803 133 172.205 361.813 144 262.949 227.813 149 375.328 346.645 155 281.607 298.119 158 281.607 298.119 159 264.208 311.752 161 829.582 273.015 166 873.023 295.821 174 854.054 308.323 175 872.259 321.461 182 932.924 294.505 183 993.278 245.728 184 820.180 253.288 185 295.185 280.495 186 224.038 282.069 187 1002.941 288.560 188 398.804 315.713 189 398.804 315.713 190 872.258 328.091 191 970.217 374.439 192 932.311 401.030 193 245.846 211.556 194 1009.767 237.878 195 870.317 270.803 196 1003.456 283.730 197 877.374 298.778 198 401.216 318.893 199 314.176 319.570 200 946.079 355.757 201 176.508 369.791 202 967.153 397.710 203 959.679 398.474 204 947.820 399.644 205 940.304 399.999 206 925.386 401.818 207 948.133 407.489 208 940.831 408.089 209 967.845 413.317 210 940.811 414.882 211 948.379 414.962 212 260.793 203.826 213 270.643 219.824 214 325.510 260.445 215 203.651 281.941 216 941.090 296.318 217 941.090 296.318 218 956.568 329.944 219 956.568 329.944 220 965.276 355.169 221 927.477 396.753 222 209.019 196.383 223 929.258 289.414 224 948.273 297.299 225 325.802 324.363 226 942.156 330.943 227 942.156 330.943 228 934.886 394.920 229 176.228 414.808 230 942.201 306.478 231 941.583 319.628 232 204.215 324.361 233 959.380 344.091 234 974.466 362.985 235 194.085 289.153 236 954.565 310.166 237 961.921 355.751 238 961.921 355.751 239 962.669 370.578 240 858.288 267.826 241 354.860 359.152 242
114 0.9861420925623184 -0.08999884277988048 0.13706739871516785 -0.025229276455789644 -0.23883680671168767 -0.03449012309580134 -0.14939299175548176 114 image_000114.jpg
 88.557 499.172 0 553.012 514.671 1 551.631 535.955 2 532.512 545.043 3 103.963 579.842 4 102.421 584.409 5 546.435 575.585 6 558.113 602.770 7 123.747 645.984 8 95.013 495.085 9 24.885 511.052 10 522.036 488.057 11 545.097 509.437 12 588.405 527.129 13 583.225 537.813 14 552.025 544.136 15 144.801 580.365 16 591.763 567.486 17 26.801 613.022 18 120.656 610.493 19 29.904 614.333 20 125.747 625.191 21 138.367 507.778 22 548.799 512.591 23 579.788 528.019 24 575.695 534.886 25 33.209 567.176 26 544.394 679.466 27 64.043 489.627 28 169.136 489.537 29 190.292 489.507 30 109.949 508.185 31 59.819 533.642 32 26.961 512.898 33 26.961 512.898 34 555.653 520.014 35 550.553 527.421 36 528.827 562.926 37 528.827 562.926 38 562.412 538.712 39 585.295 534.811 40 157.090 574.106 41 551.078 508.589 42 502.054 514.951 43 499.345 516.464 44 12.994 518.485 45 173.162 532.179 46 129.199 532.319 47 135.652 532.384 48 524.620 544.586 49 556.594 547.852 50 33.990 556.736 51 105.412 558.941 52 92.871 574.105 53 145.037 576.504 54 221.392 585.220 55 45.129 611.092 56 195.771 496.013 57 529.101 506.205 58 584.182 528.070 59 584.182 528.070 60 122.309 527.994 61 66.383 528.315 62 66.383 528.315 63 79.845 528.133 64 79.845 528.133 65 529.850 535.179 66 93.743 538.679 67 567.653 570.676 68 46.863 573.861 69 547.418 581.986 70 37.034 588.082 71 569.603 676.607 72 522.036 488.057 73 98.832 491.965 74 176.921 493.061 75 176.921 493.061 76 181.014 493.048 77 178.997 496.864 78 24.665 522.781 79 121.995 538.048 80 607.915 563.840 81 32.065 575.608 82 112.713 583.080 83 77.143 584.600 84 44.519 585.784 85 522.350 496.982 86 199.383 500.012 87 22.561 507.666 88 44.350 510.444 89 544.941 517.746 90 30.884 518.396 91 555.727 533.543 92 212.994 532.943 93 120.477 533.317 94 36.424 562.927 95 134.873 584.462 96 187.174 498.961 97 159.293 499.495 98 61.528 584.121 99 89.748 584.672 100 31.951 597.868 101 79.752 508.532 102 535.235 515.133 103 569.878 541.735 104 584.600 543.357 105 570.515 549.881 106 179.193 595.741 107 94.721 487.662 108 91.592 506.974 109 187.411 602.311 110 128.475 531.596 111 162.045 481.066 112 575.320 541.998 113 132.235 569.344 114 45.261 511.732 115 92.852 532.638 116 107.462 491.391 117 136.414 502.889 118 572.438 537.626 119 41.512 538.023 120 63.395 576.902 121 65.820 583.758 122 4.787 593.328 123 126.157 618.944 124 77.946 664.617 125 88.257 491.613 126 92.806 492.258 127 162.611 496.151 128 90.392 495.555 129 25.070 504.500 130 98.121 507.094 131 38.982 518.628 132 596.826 537.291 133 125.988 537.514 134 536.224 581.492 135 36.796 594.639 136 16.287 649.526 137 588.416 565.072 138 63.982 569.010 139 109.559 579.469 140 38.089 584.210 141 25.470 589.503 142 29.574 591.304 143 22.545 615.557 144 14.423 569.403 145 15.291 492.000 146 15.291 492.000 147 56.386 495.001 148 103.459 507.997 149 180.204 485.499 150 129.259 556.556 151 129.259 556.556 152 72.703 559.070 153 72.703 559.070 154 187.411 602.311 155 58.607 563.156 156 58.607 563.156 157 114.986 563.310 158 114.986 563.310 159 157.090 574.106 160 99.624 574.383 161 84.420 584.940 162 55.435 586.586 163 55.435 586.586 164 104.154 478.625 165 562.412 538.712 166 143.784 562.350 167 143.784 562.350 168 127.469 576.671 169 127.469 576.671 170 583.991 524.280 171 583.991 524.280 172 596.939 532.050 173 600.511 557.461 174 584.221 566.877 175 570.533 612.969 176 555.852 527.255 177 224.614 583.250 178 606.780 577.659 179 212.597 626.086 180 530.974 509.528 181 601.238 578.738 182 643.964 552.259 183 688.541 509.594 184 552.422 522.928 185 126.094 548.542 186 69.455 551.313 187 698.571 544.790 188 208.004 575.791 189 208.004 575.791 190 600.946 583.620 191 678.092 618.589 192 649.297 642.181 193 90.392 495.555 194 700.704 502.292 195 596.826 537.291 196 698.792 540.522 197 604.088 559.856 198 209.894 578.525 199 139.345 580.097 200 657.452 603.743 201 24.999 622.650 202 677.151 638.601 203 671.316 639.511 204 661.439 640.522 205 655.620 640.999 206 643.946 643.024 207 662.154 646.997 208 656.339 647.401 209 678.669 651.915 210 657.022 653.984 211 662.946 653.614 212 103.218 490.087 213 110.379 501.330 214 150.843 532.512 215 53.203 550.629 216 650.174 553.897 217 650.174 553.897 218 664.352 580.793 219 664.352 580.793 220 672.913 601.898 221 645.836 638.624 222 66.636 485.213 223 640.238 548.049 224 655.273 553.453 225 148.570 584.161 226 652.811 582.650 227 652.811 582.650 228 650.834 636.637 229 20.994 659.036 230 651.617 561.677 231 652.034 573.547 232 50.793 585.297 233 668.223 592.232 234 680.355 607.706 235 45.062 557.482 236 662.177 564.167 237 669.844 602.396 238 669.844 602.396 239 671.655 615.922 240 585.295 534.811 241 170.479 612.559 242 17.712 474.075 243 17.712 474.075 244 9.057 497.533 245 56.091 530.937 246 86.221 680.711 247 2.453 506.750 248 52.746 533.303 249 641.666 554.880 250 110.383 527.952 251 30.695 607.108 252 223.680 508.500 253 133.430 509.279 254 133.430 509.279 255 142.567 533.184 256 208.774 508.586 257 19.305 664.426 258 33.527 589.640 259 35.560 600.653 260 58.093 625.726 261 93.486 635.767 262 121.773 625.262 263 86.272 507.024 264 10.423 514.293 265 92.360 567.080 266 110.396 538.809 267 82.546 539.184 268 54.546 538.883 269 101.119 556.574 270 41.904 576.916 271 6.312 500.503 272 39.453 515.412 273 117.667 618.990 274 7.876 503.229 275 38.982 518.628 276 210.632 615.237 277 22.909 507.699 278 144.233 576.448 279 69.401 492.596 280 126.279 588.247 281 126.279 588.247 282 155.433 602.911 283 155.433 602.911 284 163.868 490.818 285 61.327 492.027 286 527.277 537.577 287 42.233 526.119 288 105.852 527.982 289 84.635 490.130 290 181.014 493.048 291 54.815 500.417 292 164.413 585.120 293 90.453 584.027 294 518.380 491.670 295 75.280 479.802 296 739.837 480.308 297 86.362 528.043 298 139.611 576.473 299 22.975 593.134 300 521.886 574.121 301 700.460 497.721 302 700.460 497.721 303 560.214 555.346 304 560.672 574.333 305 84.420 584.940 306 105.859 532.668 307 50.286 503.440 308 91.511 472.024 309 548.877 549.298 310 97.501 587.917 311 97.501 587.917 312 220.086 506.094 313 65.532 596.303 314 60.649 499.519 315 87.597 534.716 316 86.693 561.784 317 86.693 561.784 318 220.003 536.836 319 194.621 537.563 320 35.555 636.648 321 88.710 675.274 322 118.126 624.209 323 68.951 636.549 324 179.083 639.657 325 191.795 513.695 326 102.977 514.529 327 76.081 670.105 328 180.676 492.603 329 91.265 575.573 330 168.924 634.171 331 197.566 583.941 332 188.280 584.453 333 178.199 507.329 334 178.199 507.329 335 11.371 506.142 336 202.945 576.180 337 97.868 513.604 338 99.747 500.951 339 29.904 614.333 340 609.082 567.594 341 609.082 567.594 342 552.012 691.713 343 204.165 500.855 344 24.262 508.016 345 24.262 508.016 346 11.427 489.402 347 107.685 497.375 348 117.101 598.191 349 694.788 495.074 350 693.816 501.320 351 704.840 501.937 352 691.641 508.984 353 732.866 513.475 354 738.497 476.250 355 739.646 484.306 356 710.069 506.371 357 688.541 509.594 358 676.910 533.618 359 648.954 542.747 360 652.583 643.540 361 740.262 489.134 362 740.262 489.134 363 737.834 493.914 364 695.709 498.635 365 695.709 498.635 366 721.098 509.026 367 643.359 536.329 368 742.973 473.666 369 708.859 502.090 370 180.284 584.764 371 44.985 670.272 372 692.111 505.166 373 692.111 505.166 374 138.728 538.457 375 739.060 496.825 376 649.015 539.951 377 649.015 539.951 378 727.690 509.866 379 727.690 509.866 380 19.475 498.798 381 208.057 500.826 382 199.658 577.904 383 78.435 575.113 384 136.244 578.891 385 163.369 550.714 386 204.002 530.649 387 189.852 576.907 388 221.392 585.220 389 589.230 600.837 390 646.204 531.354 391 655.054 609.024 392 673.939 609.641 393 658.609 611.609 394 660.225 544.483 395 660.427 549.771 396 52.752 578.456 397 672.220 624.947 398 645.021 629.064 399 658.894 580.098 400 663.538 615.134 401 663.538 615.134 402 656.893 618.735 403 171.013 479.890 404 171.013 479.890 405 714.220 509.505 406 706.912 527.277 407 698.626 567.401 408 683.205 666.979 409 742.974 473.737 410 695.221 492.805 411 27.702 514.301 412 724.390 536.717 413 744.699 555.662 414 676.975 572.648 415 695.809 571.902 416 704.510 581.255 417 685.732 585.533 418 677.370 593.742 419 184.258 624.422 420 684.103 679.381 421 709.856 681.293 422 731.819 689.391 423 52.166 559.998 424 727.269 654.416 425 219.295 498.230 426 723.651 529.683 427 701.527 534.414 428 687.221 557.544 429 730.283 535.950 430 724.881 547.941 431 715.663 552.871 432 696.288 557.669 433 726.660 668.497 434 690.293 586.386 435 721.085 690.459 436 714.272 511.860 437 715.793 537.591 438 654.188 532.492 439 666.648 540.279 440 715.060 498.565 441 728.920 545.471 442 156.683 581.277 443 678.354 568.827 444 686.029 581.548 445 703.635 493.279 446 747.343 513.736 447 708.987 538.641 448 731.793 539.694 449 669.282 569.720 450 675.386 584.595 451 11.380 489.038 452 698.826 486.439 453 717.735 525.769 454 668.629 581.392 455 703.518 491.138 456 748.734 495.127 457 65.543 490.213 458 593.167 536.463 459 49.061 503.149 460 63.668 603.504 461 66.031 538.796 462 76.053 570.345 463 544.482 522.525 464 525.187 556.376 465 85.075 622.790 466 659.484 650.564 467 639.379 558.484 468 197.618 595.895 469 26.675 658.196 470 681.443 563.849 471 676.975 572.648 472 652.051 604.662 473 641.599 606.911 474 621.029 571.177 475 680.762 586.871 476 659.301 642.631 477 212.299 583.827 478 14.955 513.742 479 6.637 518.416 480 33.990 556.736 481 86.099 514.921 482 105.859 532.668 483 105.084 500.664 484 623.924 601.628 485 744.924 489.172 486 524.864 494.015 487 532.139 505.727 488 555.326 524.017 489 656.518 540.716 490 94.721 487.662 491 659.822 588.234 492 748.587 483.979 493 683.221 520.177 494 741.629 533.990 495 724.881 547.941 496 718.471 506.831 497 654.228 563.962 498 657.516 624.237 499 700.608 494.112 500 742.584 545.523 501 643.523 533.453 502 706.586 498.750 503 673.836 575.013 504 609.007 583.830 505 184.458 633.151 506 684.908 507.957 507 76.674 563.172 508 674.264 581.060 509 673.884 597.671 510 653.400 621.266 511 652.583 643.540 512 649.915 648.820 513 663.745 679.185 514 663.950 560.596 515 725.522 514.520 516 106.925 585.221 517 170.124 640.126 518 669.350 554.018 519 651.798 595.337 520
179 0.9926968480234372 -0.05550214421131727 0.10610124359691873 -0.014662959818158145 -0.05943512446995758 0.02853897276469714 0.14752119061743674 179 image_000179.jpg
 220.863 302.261 0 247.259 421.640 5 148.977 396.362 26 251.924 314.993 31 182.288 350.363 32 133.024 319.170 33 133.024 319.170 34 343.344 350.524 46 281.840 349.918 47 290.133 349.971 48 249.348 386.082 52 232.698 357.485 67 156.657 425.415 71 234.522 291.826 74 345.672 295.383 75 345.672 295.383 76 351.030 295.399 77 348.760 301.011 78 272.391 357.563 80 138.708 327.869 91 398.111 352.634 93 270.653 351.197 94 151.183 438.696 101 209.112 314.245 102 225.757 313.938 109 366.928 448.648 110 287.955 401.789 114 197.074 420.115 122 325.792 300.169 128 223.216 297.761 129 235.207 313.137 131 157.094 434.155 136 203.917 385.512 154 366.928 448.648 155 278.492 372.731 186 393.357 411.995 189 1004.823 428.477 219 1004.823 428.477 220 1014.845 455.148 221 234.675 552.049 247 301.192 351.510 256 241.297 492.419 262 232.720 398.262 266 243.539 382.502 270 127.276 311.682 278 351.030 295.399 291 223.456 389.869 317 223.456 389.869 318 407.780 358.717 319 160.181 492.169 321 237.821 544.484 322 274.138 476.155 323 358.580 497.945 325 367.732 325.200 326 243.073 323.955 327 219.357 537.680 328 344.080 491.312 331 378.967 422.039 332 367.210 423.647 333 383.184 307.201 344 389.003 306.944 382 364.644 477.951 420 174.676 386.541 424 404.109 303.922 426 178.886 287.340 458 218.558 324.325 482 251.879 349.724 483 367.059 489.845 506 999.642 554.110 514 348.123 498.753 518
97 0.9905751217367496 -0.03671977568992235 0.12863671267110263 -0.02941391829943664 -0.017445702059784143 0.042246566231896945 0.28134176045917186 97 image_000097.jpg
 821.758 343.145 1 814.036 338.221 12 847.569 363.893 14 817.277 341.209 23 844.437 353.928 24 451.989 327.460 29 472.345 326.712 30 819.562 337.518 42 385.962 412.920 53 478.271 334.784 57 798.904 335.978 58 367.810 368.550 64 800.151 364.438 66 837.591 498.147 72 785.905 312.727 73 459.307 332.124 75 459.307 332.124 76 462.447 335.469 78 482.723 337.442 87 498.434 370.520 93 409.159 372.783 94 427.439 421.639 96 377.138 347.448 109 423.537 455.102 124 372.151 331.626 126 377.050 332.734 127 383.780 347.233 131 326.798 431.313 143 364.479 397.713 153 364.479 397.713 154 434.561 399.727 167 434.561 399.727 168 824.963 355.945 177 800.375 338.881 181 430.614 417.015 200 923.366 430.247 201 917.667 383.428 217 430.598 372.218 256 385.045 421.955 294 376.083 374.622 316 960.770 337.768 351 1004.021 325.401 356 943.493 365.804 359 1003.859 329.974 362 1003.859 329.974 363 1001.480 333.766 364 962.369 335.322 365 962.369 335.322 366 911.385 367.557 368 958.897 341.655 374 1002.951 336.541 376 991.691 345.706 379 991.691 345.706 380 886.151 425.089 485 1008.400 331.379 486
128 0.9857685931862131 -0.13314791504002269 0.09469954409453496 -0.03954611772397315 -0.016172041055281212 -0.043871582542468784 -0.1338436136252148 128 image_000128.jpg
 859.775 477.753 1 860.449 506.874 2 839.363 519.405 3 859.008 559.864 6 254.698 459.700 9 848.348 471.489 12 897.695 493.746 13 895.571 509.348 14 861.680 516.981 15 308.230 641.360 21 853.731 475.504 23 208.324 513.276 32 835.735 543.359 37 835.735 543.359 38 871.241 510.159 39 347.592 567.369 41 892.538 495.155 59 892.538 495.155 60 368.001 456.014 75 368.001 456.014 76 371.227 460.785 78 285.570 581.536 83 234.756 584.148 84 188.514 587.686 85 182.377 480.615 89 848.268 482.525 90 421.257 509.760 93 293.353 512.055 94 317.641 582.600 96 250.240 475.526 109 392.321 605.894 110 313.242 468.891 118 244.341 454.563 126 250.624 455.858 127 847.299 567.573 135 226.743 548.831 153 226.743 548.831 154 266.348 569.378 161 871.241 510.159 166 891.791 490.727 171 891.791 490.727 172 919.213 537.403 198 264.843 452.324 213 336.572 581.339 226 278.559 504.970 251 324.601 511.431 256 255.108 559.285 266 296.783 632.168 274 271.254 505.070 289 238.690 452.735 290 828.279 559.306 301 271.701 463.327 348 382.214 581.852 371
198 0.9525556705644014 0.02880454184752044 0.30269104569794564 -0.01364265417667073 -0.31208221042367446 -0.0106188075871557 0.2978391031562078 198 image_000198.jpg
 575.734 92.827 1 568.037 136.860 6 573.503 114.270 15 606.975 128.676 17 257.284 125.926 32 572.033 102.953 36 276.057 98.638 74 275.825 155.465 100 266.340 109.942 102 273.446 96.689 108 248.391 155.763 141 243.966 160.655 143 230.300 102.600 146 230.300 102.600 147 279.450 108.765 149 265.436 139.818 153 265.436 139.818 154 280.866 148.452 161 257.480 156.536 163 257.480 156.536 164 278.561 88.888 165 600.375 128.673 175 307.130 122.556 215 296.597 108.116 254 296.597 108.116 255 269.683 108.999 264 229.202 115.219 265 254.546 129.282 269 280.775 138.096 270 249.525 150.561 271 549.932 136.561 301 263.350 163.544 314 276.739 112.123 338 269.858 150.055 384 285.688 154.978 517
71 0.958213340700473 -0.0027814648062537634 0.28450676141984466 -0.029586195771005734 -0.26962045064343637 0.02576816095709531 0.28508027410397696 71 image_000071.jpg
 959.134 241.075 1 1007.974 251.119 13 411.952 376.168 18 954.609 238.811 23 990.929 262.177 25 412.745 331.124 26 431.602 251.026 28 553.723 242.821 30 433.362 297.494 32 400.754 277.832 33 400.754 277.832 34 962.245 247.793 35 955.552 257.853 36 923.396 279.071 49 930.391 267.721 66 977.240 304.211 68 425.874 337.272 69 465.814 252.449 74 542.846 252.289 78 425.152 349.617 85 949.963 244.396 90 579.278 287.962 93 489.859 293.760 94 508.208 343.777 96 414.506 360.818 101 449.192 271.623 102 984.742 279.506 106 461.243 248.988 108 559.693 359.030 110 990.422 270.879 113 417.102 276.038 115 986.818 265.220 119 441.325 339.960 121 462.816 423.357 125 527.658 252.935 128 398.200 270.010 130 412.445 283.389 132 440.865 332.107 139 408.034 353.260 142 396.081 333.790 145 387.885 258.682 146 387.885 258.682 147 425.482 256.969 148 543.698 241.629 150 447.851 321.068 153 447.851 321.068 154 435.401 326.446 156 435.401 326.446 157 528.643 331.609 160 460.653 346.214 162 434.663 348.853 164 971.922 267.766 166 514.675 320.043 167 1002.467 248.062 171 1002.467 248.062 172 1024.303 285.333 174 958.575 250.949 185 577.507 332.538 189 577.507 332.538 190 457.659 257.103 194 422.468 321.059 236 382.933 263.650 245 511.117 292.249 256 415.650 354.045 259 386.131 280.092 265 421.512 339.245 271 380.832 267.109 272 495.307 378.878 274 412.445 283.389 276 396.202 273.338 278 429.635 253.769 286 452.124 250.705 290 424.550 263.908 292 968.426 287.602 304 460.653 346.214 306 461.577 428.649 328 392.400 264.988 381 402.188 279.920 412 1014.101 261.574 459 419.995 267.092 460 443.873 365.130 461
111 0.9825481922646476 -0.025134777474826363 0.18270830093387613 -0.024186341404156004 -0.28683826056097866 0.029426853095755007 0.23044566300113656 111 image_000111.jpg
 769.456 263.968 1 744.630 301.257 3 772.614 367.178 7 246.797 256.129 9 762.136 257.868 12 814.613 276.060 13 308.499 350.154 16 185.001 388.218 18 765.067 261.049 23 804.307 277.266 24 752.860 454.029 27 174.742 277.576 33 174.742 277.576 34 772.452 270.654 35 766.249 279.887 36 320.830 343.493 41 767.541 257.441 42 708.876 266.874 43 705.459 268.770 44 160.770 284.946 45 335.782 296.628 46 294.551 297.629 48 734.716 300.959 49 772.192 302.302 50 280.278 293.029 61 219.186 294.507 62 219.186 294.507 63 234.035 294.061 64 741.654 289.915 66 761.047 342.791 70 783.477 449.506 72 337.406 252.043 76 339.528 256.142 78 173.674 288.830 79 273.655 354.490 83 760.335 266.738 90 378.733 296.829 93 278.317 299.487 94 189.264 371.335 101 792.050 294.163 104 809.791 295.887 105 792.874 302.961 106 244.770 270.163 109 287.558 296.689 111 195.186 276.385 115 794.895 289.295 119 193.849 306.199 120 242.915 442.967 125 242.754 257.101 129 189.652 284.522 132 284.663 303.939 134 813.100 321.565 138 160.469 255.018 146 160.469 255.018 147 204.112 256.026 148 289.730 323.797 151 213.863 332.386 156 274.513 331.895 158 274.513 331.895 159 305.762 330.903 167 305.762 330.903 168 289.374 346.646 169 809.439 272.759 171 829.309 311.120 174 394.206 353.458 178 836.215 334.885 179 864.414 311.128 183 907.068 264.718 184 768.643 273.891 185 375.766 345.220 189 865.506 410.729 193 917.945 256.511 195 914.986 300.490 197 301.410 350.187 200 876.271 409.166 205 870.894 409.561 206 256.357 249.476 213 860.300 305.779 224 866.462 405.386 229 870.432 321.852 231 883.444 357.152 234 895.175 374.943 235 880.556 324.550 237 885.778 367.610 238 885.778 367.610 239 208.392 297.945 246 861.938 314.081 250 188.281 382.742 252 302.592 298.629 256 182.384 443.554 258 152.132 264.584 272 189.474 280.599 273 153.869 267.825 275 209.941 252.060 286 192.678 292.562 288 261.303 293.491 289 203.246 263.535 292 917.856 251.934 302 917.856 251.934 303 777.335 310.753 304 257.785 278.140 327 339.662 266.258 335 157.807 270.428 336 253.545 262.369 339 761.499 466.284 343 156.754 252.273 347 913.431 248.973 350 914.099 252.728 365 863.902 292.538 368 298.465 304.593 375 952.907 253.555 376 868.468 296.414 377 868.468 296.414 378 871.847 374.942 392 880.000 301.302 395 176.666 280.080 412 885.448 298.368 440 820.535 286.668 459 198.106 266.243 460 859.321 317.487 468 897.889 325.415 471 162.156 279.675 479 876.664 351.770 492 933.949 264.575 497 872.177 325.213 498 872.929 391.789 499 918.367 248.007 500 951.903 309.596 501 864.416 288.708 502
50 0.9952556072910596 -0.022744975041232084 0.09416157621342393 -0.00908541638566006 -0.03355496388956509 -0.023353291489888683 -0.18910110955131287 50 image_000050.jpg
 886.348 223.571 1 874.306 317.345 6 927.667 244.664 13 882.673 269.284 15 879.409 220.473 23 911.361 256.874 25 82.839 284.892 26 869.638 470.471 27 119.329 161.991 28 299.477 166.306 29 333.638 167.126 30 122.759 233.168 32 64.076 196.652 33 64.076 196.652 34 894.912 262.406 39 180.602 242.678 67 875.515 325.625 70 312.495 172.989 75 312.495 172.989 76 316.255 178.502 78 61.400 214.255 79 94.376 193.713 89 871.932 228.569 90 72.027 206.384 91 223.568 235.354 94 87.905 278.689 95 84.427 334.445 101 175.748 159.727 108 197.878 165.849 117 247.671 185.993 118 93.146 239.236 120 135.118 302.811 121 138.721 314.313 122 165.979 165.371 126 170.747 172.186 129 60.256 183.259 130 860.445 325.104 135 134.188 290.497 139 192.796 194.078 149 147.231 274.010 153 147.231 274.010 154 217.201 283.388 159 193.594 299.732 161 168.659 315.970 162 122.368 317.617 163 122.368 317.617 164 894.912 262.406 166 922.041 305.595 175 170.747 172.186 194 946.480 295.096 198 202.701 183.132 214 101.347 270.380 236 925.132 256.345 241 159.647 163.107 290 168.659 315.970 306 354.934 187.104 344 35.478 158.326 347 198.630 176.511 348 224.252 338.541 349
118 0.9906246452306479 -0.04817870450494195 0.12449534744915651 -0.029026403951234 -0.10155692890349281 0.01349538449112054 0.026286029476172056 118 image_000118.jpg
 821.653 334.006 1 279.071 430.520 5 260.975 320.221 9 172.986 340.754 10 777.914 298.261 11 820.218 370.272 15 330.137 424.877 16 189.387 467.228 18 193.292 469.273 20 816.411 331.281 23 846.624 358.426 25 191.563 410.107 26 813.559 533.332 27 217.253 313.600 28 220.954 368.953 32 176.031 343.162 33 176.031 343.162 34 793.710 393.924 38 831.631 363.307 39 858.840 357.193 40 345.678 416.178 41 279.908 399.102 52 794.677 360.474 66 815.835 416.215 70 777.914 298.261 73 365.693 320.428 78 291.240 428.735 83 811.265 337.708 90 180.912 350.633 91 824.833 357.464 92 411.004 364.763 93 296.556 367.408 94 195.174 404.551 95 193.693 447.785 101 839.771 375.350 106 258.497 311.177 108 385.367 450.757 110 313.356 328.466 118 842.528 360.692 119 198.652 374.734 120 231.041 422.519 121 233.655 430.702 122 251.672 315.434 126 199.357 444.565 136 181.027 512.328 137 287.640 423.586 140 239.438 399.134 153 239.438 399.134 154 385.367 450.757 155 291.619 403.382 158 291.619 403.382 159 274.732 418.487 161 831.631 363.307 166 857.173 397.457 175 420.353 479.114 180 992.565 331.194 184 234.682 390.183 187 408.088 418.283 189 408.088 418.283 190 255.249 320.844 194 879.279 387.290 198 951.888 441.738 201 956.651 484.901 205 949.505 493.709 209 943.406 382.403 217 944.237 481.248 229 858.840 357.193 241 366.790 463.195 242 264.388 409.215 266 301.987 472.417 274 346.349 452.275 283 346.349 452.275 284 247.107 312.912 290 417.312 330.736 313 234.599 446.489 314 395.513 324.918 344 1014.026 322.879 352 1020.808 328.491 357 374.804 429.836 371 997.832 327.067 374 162.065 344.725 479 941.896 495.098 513 961.209 390.555 515
190 0.9948883181299638 -0.05143833434182055 0.08650795401758879 -0.00822847436266256 -0.08762248609105328 0.047488961082803885 0.24393969027195025 190 image_000190.jpg
 697.679 383.240 1 678.902 411.918 3 277.795 441.068 5 266.051 353.498 9 691.089 378.220 12 727.503 394.762 13 318.978 437.835 16 728.840 432.828 17 205.337 467.617 18 693.893 381.349 23 233.551 390.645 32 694.531 396.571 36 704.727 404.882 39 725.479 401.947 40 696.184 377.858 42 279.249 416.834 52 676.596 375.153 58 723.602 395.119 59 723.602 395.119 60 253.110 385.826 64 253.110 385.826 65 267.747 396.216 67 690.346 446.514 70 666.735 352.643 73 269.620 350.352 74 346.631 354.456 75 253.051 440.197 84 689.795 385.369 90 201.747 374.500 91 292.758 392.045 94 211.847 417.783 95 209.235 451.824 101 681.532 383.595 103 710.699 407.083 104 723.157 410.440 105 264.752 346.044 108 263.035 364.950 109 307.353 362.436 118 712.961 404.556 119 263.221 350.709 127 734.342 403.979 133 284.676 435.736 140 215.074 438.946 141 247.251 415.242 153 247.251 415.242 154 274.754 431.280 161 259.624 440.994 162 231.917 441.269 163 231.917 441.269 164 704.727 404.882 166 722.467 432.328 175 708.535 474.588 176 700.454 395.734 177 678.190 378.017 181 736.725 442.733 182 819.170 391.040 184 299.728 407.761 186 778.708 504.520 193 261.716 353.721 194 734.342 403.979 196 312.572 437.141 200 784.599 509.834 209 230.637 340.807 223 781.835 500.095 229 725.479 401.947 241 315.345 392.556 256 258.913 386.151 298 668.061 439.425 301 830.018 382.512 302 830.018 382.512 303 259.624 440.994 306 690.985 546.121 343 833.603 386.125 352 837.779 390.535 357 819.170 391.040 358 783.345 416.848 360 862.974 379.373 362 862.974 379.373 363 861.031 383.118 364 778.991 410.901 368 837.108 387.019 370 862.211 385.495 376 851.921 393.840 379 851.921 393.840 380 833.450 378.553 446 790.375 415.486 490 786.577 436.677 498 779.500 408.176 502 251.298 419.858 508
15 0.9938588630331473 -0.028771002861741876 0.10653958275783543 -0.008130293601799477 -0.1503256879136864 -0.0007943620907462582 0.029211129790658534 15 image_000015.jpg
 723.640 316.916 2 702.622 329.051 3 715.763 364.838 6 717.616 287.064 12 723.547 327.930 15 765.561 355.593 17 721.764 290.727 23 750.516 317.615 25 729.234 299.036 35 722.628 309.755 36 696.995 349.172 38 735.079 321.713 39 724.544 286.603 42 693.041 328.249 49 699.821 283.458 58 759.607 308.920 59 759.607 308.920 60 739.253 357.973 68 716.414 371.238 70 728.528 315.872 92 706.174 293.921 103 743.060 324.108 104 759.073 327.799 105 743.944 333.231 106 749.377 325.754 113 704.788 370.997 135 761.943 352.682 138 735.079 321.713 166 759.501 304.662 171 759.501 304.662 172 775.037 316.952 173 775.856 343.282 174 757.952 355.083 175 739.623 406.347 176 729.296 308.589 177 346.890 366.923 178 781.926 367.203 179 335.541 416.391 180 701.741 287.393 181 775.233 367.535 182
53 0.9935244387500267 -0.07772756935755032 0.08127955442425179 -0.01616317824180171 -0.07178416288976798 0.020637011188634938 0.08722071218521715 53 image_000053.jpg
 730.010 437.884 2 710.112 447.524 3 735.743 512.515 7 691.964 379.033 11 760.256 437.856 14 729.828 446.113 15 139.521 518.015 18 752.785 435.497 25 170.130 372.642 28 302.271 375.686 29 131.720 399.753 33 734.795 419.374 35 730.198 428.491 36 216.003 474.157 53 160.546 516.181 56 332.864 385.453 57 705.847 404.014 58 725.021 488.581 70 691.964 379.033 73 314.412 385.339 78 130.296 411.953 79 136.220 406.707 91 354.914 428.652 93 246.093 426.986 94 148.005 459.329 95 144.328 499.954 101 196.192 395.679 102 713.024 414.940 103 747.120 442.158 104 761.628 445.610 105 210.991 394.798 109 211.508 377.612 127 205.802 486.856 162 172.473 487.466 163 172.473 487.466 164 778.041 460.587 174 832.146 460.386 183 882.603 417.531 184 781.622 463.006 198 270.775 481.429 200 828.681 455.606 224 840.639 471.164 231 763.323 434.994 241 205.802 486.856 306 890.484 403.500 350 889.507 409.473 351 900.943 410.799 352 886.406 417.467 353 930.569 425.518 354 938.113 387.749 355 939.107 395.461 356 906.764 416.032 357 882.603 417.531 358 869.362 441.524 359 837.484 450.346 360 839.506 558.856 361 939.003 400.827 362 939.003 400.827 363 936.391 405.449 364 891.401 406.797 365 891.401 406.797 366 918.344 419.974 367 832.510 442.877 368 942.655 385.328 369 905.508 411.358 370 320.203 487.759 371 164.916 584.476 372 887.326 414.172 373 887.326 414.172 374 269.077 432.996 375 937.996 408.648 376 838.087 447.068 377 838.087 447.068 378 925.093 420.175 379 925.093 420.175 380
164 0.9674853813661632 -0.023129448593947527 0.2508336417214666 -0.022793687828727108 -0.3867800847737247 -0.005776504192062401 -0.15537866021082508 164 image_000164.jpg
 904.607 260.498 3 895.665 165.171 11 929.364 197.720 12 1008.578 225.023 13 939.190 257.257 15 1013.361 294.091 17 141.593 387.797 18 145.878 390.036 20 935.037 203.010 23 178.045 273.448 32 945.969 214.885 35 311.836 327.647 41 850.814 212.428 43 845.522 215.755 44 116.391 254.050 45 890.113 259.993 49 240.856 308.051 52 295.410 332.073 54 401.229 341.852 55 1001.525 226.511 59 1001.525 226.511 60 261.455 261.613 61 899.685 244.286 66 895.665 165.171 73 341.248 205.046 77 337.933 210.789 78 251.127 343.250 83 204.695 345.506 84 162.513 349.400 85 927.994 212.083 90 386.085 263.365 93 258.339 269.692 94 150.238 316.175 95 281.956 343.865 96 146.502 366.035 101 203.401 236.283 102 911.732 210.000 103 1002.426 254.062 105 218.958 231.664 109 355.260 368.655 110 984.064 252.758 113 279.933 222.674 118 213.722 209.375 126 218.830 210.569 127 315.682 211.187 128 132.339 232.782 130 1007.458 290.019 138 186.701 324.762 139 143.076 358.319 143 118.667 216.144 146 118.667 216.144 147 235.032 233.526 149 272.710 303.417 151 272.710 303.417 152 197.596 308.738 153 197.596 308.738 154 355.260 368.655 155 253.622 313.203 158 253.622 313.203 159 311.836 327.647 160 233.982 329.828 161 242.130 188.573 165 271.691 332.186 169 390.021 403.907 180 384.923 332.944 199 287.079 337.757 200 161.366 307.886 236 111.059 223.316 245 172.875 269.699 246 221.570 482.839 247 289.383 267.974 256 113.700 247.881 265 223.444 320.107 266 246.434 278.187 267 209.250 280.327 268 172.269 281.672 269 158.082 336.624 271 172.020 225.427 292 287.878 332.650 299 135.779 359.922 300 180.407 224.139 315 113.974 235.994 336 169.324 468.383 372 125.106 225.558 381 161.841 229.078 460 203.209 325.896 463 217.050 401.006 466 369.190 358.359 469 389.035 340.160 478 109.732 254.298 480
165 0.995707633792393 -0.07824981145923558 -0.04853813561179793 -0.009344479116569158 -0.19389389571106835 -0.09297033146799458 -0.38865889980781276 165 image_000165.jpg
 264.072 351.823 3 259.796 265.986 11 356.213 395.645 17 294.706 301.732 23 343.553 331.633 24 296.921 326.797 36 298.116 296.676 42 349.770 332.279 59 349.770 332.279 60 260.362 336.055 66 305.910 563.453 72 287.600 309.487 90 348.940 358.377 105 264.706 410.145 135 352.146 391.183 138 349.843 327.857 172 379.177 412.960 179 370.305 412.790 182 439.443 370.015 218 426.032 362.486 224 431.823 499.064 229 440.683 383.080 231 427.149 373.057 250 255.606 338.989 287 253.355 269.315 295 514.283 285.275 302 514.283 285.275 303 507.216 280.655 350 520.788 290.857 352 501.162 303.037 353 569.674 264.094 356 437.672 353.837 360 569.285 271.197 362 569.285 271.197 363 574.738 247.828 369 526.091 291.330 370 502.173 296.065 373 502.173 296.065 374 438.784 349.169 377 438.784 349.169 378 550.162 303.641 379 454.691 365.364 396 507.887 277.607 411 361.907 347.300 459 441.331 519.302 467 423.163 378.296 468 443.159 387.492 498
103 0.9864645956705642 -0.032892945477191855 0.15800576501748068 -0.028979901225251056 -0.1916123248618561 0.009644468944311545 0.03505773860893939 103 image_000103.jpg
 795.005 329.714 3 240.895 281.704 9 779.972 252.947 11 811.358 282.803 12 865.726 303.446 13 170.209 431.632 18 815.365 286.782 23 334.042 271.437 29 359.314 270.682 30 817.770 305.908 36 832.498 320.132 39 817.863 281.790 42 141.585 314.458 45 824.752 329.966 50 860.144 304.365 59 860.144 304.365 60 779.972 252.947 73 342.528 276.754 75 349.162 276.384 77 890.739 349.683 81 781.184 266.106 86 810.101 293.219 90 276.654 329.362 94 223.335 298.807 102 797.717 290.629 103 841.975 322.221 104 237.957 297.236 109 180.917 304.354 115 845.546 317.632 119 238.979 277.913 127 326.094 281.098 128 235.486 282.590 129 173.652 312.857 132 876.971 315.857 133 865.935 352.529 138 141.132 280.290 146 141.132 280.290 147 289.460 357.527 151 289.460 357.527 152 832.498 320.132 166 881.292 341.534 174 235.486 282.590 194 876.971 315.857 196 885.948 344.453 198 932.179 332.430 224 196.679 395.513 233 196.189 328.482 246 131.538 291.489 272 173.983 308.982 273 173.652 312.857 276 207.849 279.206 280 775.582 258.901 295 369.897 331.708 320 892.536 354.264 341 892.536 354.264 342 154.681 299.947 346 136.450 277.871 347 950.029 314.605 439 1011.818 263.942 446 203.217 276.428 458 911.432 397.370 485 783.594 262.978 487 792.751 277.312 488 823.733 301.799 489 952.260 322.653 490 239.637 272.695 491
73 0.9398981753725002 -0.0413750855087538 0.3364226289391053 -0.04122288154066283 -0.3242760381639754 0.021382162597618017 0.10577963860793405 73 image_000073.jpg
 969.540 306.594 3 532.693 295.099 9 961.979 243.575 11 1043.388 280.294 13 1048.282 325.383 17 489.500 399.901 18 491.969 401.115 20 1032.507 281.516 24 509.650 291.970 28 481.690 314.574 34 996.759 276.276 35 990.611 286.642 36 991.414 264.983 42 931.185 277.569 43 958.917 306.829 49 1037.946 281.075 59 1037.946 281.075 60 1014.437 330.385 68 495.282 378.586 71 961.979 243.575 73 526.175 373.412 84 477.765 311.185 88 984.850 275.102 90 485.436 319.194 91 522.213 308.431 102 1039.105 299.712 105 532.579 288.840 108 495.292 313.132 115 527.704 292.041 126 530.094 295.712 129 479.871 308.162 130 490.991 319.355 132 495.510 384.089 136 514.504 361.372 139 486.784 380.092 142 489.669 381.929 143 471.232 298.650 146 471.232 298.650 147 503.005 297.159 148 509.782 355.733 157 509.152 376.051 164 540.668 279.038 165 1037.589 277.462 171 504.907 345.978 216 488.332 438.469 230 505.824 375.284 233 499.057 351.638 236 492.772 380.403 259 495.085 388.877 260 514.258 409.094 261 469.282 317.599 265 526.864 334.360 268 504.665 336.146 269 491.306 316.593 273 466.713 308.471 275 490.991 319.355 276 506.623 294.453 286 524.830 290.690 290 502.161 302.667 292 516.359 283.285 296 485.020 383.328 300 498.847 305.379 308 529.063 274.686 309 989.699 309.814 310 506.303 301.975 315 529.937 330.006 316 491.969 401.115 340 467.907 296.463 347 1050.880 290.180 459 516.922 390.246 461 513.410 335.141 462 524.132 361.861 463 984.456 280.772 464 960.207 319.936 465
120 0.9919289869828278 0.06803382813609675 -0.10654929113654307 -0.009773502984836887 -0.15587213337004086 -0.015949920940916563 0.2869178320084224 120 image_000120.jpg
 289.518 161.636 3 337.767 144.606 13 338.764 183.551 17 261.249 130.580 43 286.398 123.068 58 300.893 196.634 70 316.808 283.699 72 309.573 150.228 92 333.292 160.673 105 323.183 153.604 119 345.005 149.862 173 346.660 173.678 174 332.600 183.182 175 413.990 236.817 192 388.528 254.828 193 438.724 139.922 195 435.432 172.891 197 398.872 253.886 205 394.213 260.126 209 410.466 222.054 221 394.918 204.606 227 394.918 204.606 228 390.119 250.564 229 408.685 234.451 240 391.270 256.327 361 470.167 135.096 363 445.793 141.393 370 469.295 141.701 376 336.646 216.262 390 408.687 242.153 398 433.536 196.119 408 437.820 167.752 428 448.720 172.259 438 451.503 139.674 441 458.053 180.535 442 421.714 206.254 445 460.492 176.351 449 409.915 194.968 450 414.194 208.200 451 408.617 205.366 455 476.043 141.854 457 419.746 192.294 471 417.983 211.120 476 400.600 209.849 492 476.738 132.391 493 454.594 180.913 496 467.800 182.644 501 443.842 137.993 503 393.230 238.367 511 391.270 256.327 512 394.286 215.687 520
27 0.9727072424335824 0.020605739255724516 0.2310326029794197 -0.0063212292085662964 -0.26642907442802133 -0.019093533098392776 -0.1475599339023658 27 image_000027.jpg
 938.628 160.730 3 956.558 205.560 6 927.669 74.470 11 969.179 157.955 15 388.173 222.861 16 244.526 267.606 18 248.723 269.408 20 247.246 207.945 26 337.984 126.671 31 233.790 136.729 33 233.790 136.729 34 978.122 118.928 35 968.583 133.562 36 421.363 156.618 46 354.995 152.958 61 934.817 145.869 66 927.669 74.470 73 423.815 102.345 75 423.815 102.345 76 347.505 227.505 83 926.354 87.727 86 960.813 117.673 90 240.001 143.589 91 976.398 141.720 92 472.390 156.422 93 352.788 160.813 94 248.786 247.605 101 299.027 129.565 102 944.526 114.139 103 316.596 98.993 108 256.251 134.626 115 371.525 117.691 118 253.768 169.798 120 286.157 220.831 121 215.867 242.928 123 308.275 104.303 126 313.814 105.672 127 312.063 110.028 129 248.640 143.519 132 236.170 314.016 137 285.296 210.106 139 240.252 237.187 142 245.141 240.439 143 268.505 111.376 148 491.934 224.978 178 478.870 282.342 180 939.230 105.879 181 469.751 215.746 189 380.153 222.107 200 393.198 227.727 226 260.783 195.404 236 270.968 159.935 246 202.820 130.134 248 340.092 153.585 251 250.222 237.356 259 213.560 139.216 265 320.249 205.986 266 258.618 220.474 271 249.803 139.826 273 248.640 143.519 276 475.649 267.633 277 406.403 99.058 285 275.103 106.950 286 930.278 149.426 287 254.177 153.329 288 332.584 153.917 289 303.316 102.616 290 429.324 101.995 291 267.470 118.707 292 414.451 228.376 293 319.609 229.467 294 921.200 80.287 295 291.477 90.366 296
162 0.9738340971217863 -0.01418760581338231 0.22581489724479242 -0.021295361832798745 -0.4360433581120755 -0.002946903672046974 -0.025526939417969685 162 image_000162.jpg
 186.266 335.765 5 96.026 249.043 10 104.279 370.129 18 792.072 243.374 24 139.052 221.234 28 257.714 216.033 29 678.438 231.536 43 213.019 271.741 47 220.188 271.478 48 142.012 269.271 62 176.844 223.232 74 266.776 221.436 76 270.872 221.188 77 267.984 225.762 78 121.839 338.725 85 308.587 269.504 93 244.531 230.287 98 108.552 352.864 101 799.034 264.760 105 171.767 218.476 108 168.798 241.771 109 117.234 250.097 115 114.095 281.522 120 169.246 223.917 127 101.612 343.040 142 105.307 346.230 143 83.350 227.428 146 83.350 227.428 147 269.093 211.961 150 130.751 272.911 246 108.127 364.582 252 208.593 383.083 263 74.060 237.552 272 76.054 240.933 275 145.789 225.122 280 136.644 224.945 286 160.907 220.830 290 270.872 221.188 291 128.933 235.923 292 123.346 239.377 308 289.185 275.753 320 177.621 233.402 339 94.701 246.243 345 94.701 246.243 346 88.868 235.383 381 158.754 324.579 384 738.415 238.878 464 751.479 240.920 489 279.797 391.970 506
67 0.9864465006790145 -0.0006908563881210228 0.16405813129687113 0.002783865349513957 -0.23680116190657302 0.009561864637918333 0.19603292946379153 67 image_000067.jpg
 277.824 321.670 5 265.926 227.512 9 721.719 224.159 11 741.910 252.488 12 745.895 290.406 15 745.497 256.094 23 778.564 272.173 24 773.468 280.315 25 343.352 222.438 29 752.131 264.861 35 746.050 273.031 36 757.610 284.496 39 748.125 252.261 42 303.123 268.145 47 370.599 231.642 57 783.620 271.940 59 783.620 271.940 60 760.707 317.843 68 354.181 231.567 78 214.443 242.557 89 740.904 260.910 90 750.863 279.406 92 265.117 321.493 100 251.172 240.830 102 767.056 286.740 104 782.738 289.783 105 767.281 295.525 106 265.376 219.407 108 263.228 239.943 109 365.390 341.444 110 303.546 268.939 111 307.776 307.377 114 769.849 283.167 119 213.574 271.871 120 263.475 224.353 127 336.721 230.733 128 194.498 235.343 130 796.864 282.599 133 213.732 318.432 141 205.255 326.887 143 183.261 222.181 146 183.261 222.181 147 224.640 224.308 148 275.723 241.931 149 247.175 293.480 153 247.175 293.480 154 365.390 341.444 155 290.336 298.935 158 290.336 298.935 159 275.323 310.209 161 231.347 322.636 163 231.347 322.636 164 757.610 284.496 166 303.954 313.587 169 783.789 268.260 171 783.789 268.260 172 798.807 303.848 174 759.400 362.887 176 751.589 272.623 177 836.491 305.746 183 748.221 267.440 185 832.028 396.887 193 261.333 227.493 194 796.864 282.599 196 885.928 298.323 197 803.008 306.719 198 314.738 317.904 200 325.765 269.020 215 856.902 358.572 221 840.999 338.578 227 841.866 315.875 231 853.556 348.425 234 862.955 365.523 235 851.403 319.512 237 854.354 358.402 238 854.354 358.402 239 184.314 201.691 243 228.535 264.630 246 225.128 266.664 249 833.985 308.112 250 283.879 263.052 251 317.810 269.576 256 180.530 245.518 265 256.222 273.793 268 275.823 292.504 270 191.752 238.531 278 239.393 223.385 280 223.659 231.262 292 927.110 241.374 297 891.831 254.755 302 891.831 254.755 303 259.883 322.320 306 266.531 311.844 330 181.022 237.065 336 887.025 251.530 350 885.829 257.613 351 899.663 264.132 357 924.481 254.974 364 887.784 254.938 365 899.133 260.044 370 883.684 261.273 373 841.853 293.523 377 841.853 293.523 378 313.097 317.275 385 338.990 288.714 386 839.617 284.248 391 851.924 297.769 395 227.681 313.485 397 853.856 382.887 398 908.068 290.571 427 858.013 295.330 440 904.409 256.783 441 911.588 306.634 442 333.858 320.175 443 865.111 326.022 444 869.544 338.854 445 896.036 250.084 446 928.661 277.008 447 895.288 297.499 448 914.299 301.504 449 855.778 326.013 450 860.615 341.198 451 178.892 218.946 452 891.793 241.966 453 904.007 285.418 454 855.239 338.158 455 896.108 248.270 456 933.023 257.340 457 234.311 219.843 458 792.259 281.509 459
138 0.9970499678675467 -0.06665388966174045 -0.03800611205740522 -0.0020425000192411747 -0.09936141546632254 0.02311742130077984 0.1098270106827295 138 image_000138.jpg
 120.414 399.608 5 45.330 421.945 18 50.487 380.917 26 184.189 318.550 29 203.413 319.684 30 193.091 326.486 78 139.431 359.546 80 49.544 389.885 82 45.419 336.699 91 225.237 359.822 93 138.265 355.446 94 200.296 328.666 97 96.831 329.955 102 111.854 311.846 108 146.371 376.445 152 90.779 375.203 154 117.752 390.572 161 159.580 382.169 167 144.940 394.451 169 156.034 396.705 200 166.942 356.316 215 573.612 414.769 219 573.612 414.769 220 574.748 422.535 234 583.459 433.386 235 576.420 429.452 238 576.420 429.452 239 158.428 356.363 256 118.906 374.431 270 194.210 448.761 325 193.208 322.640 329 192.324 335.051 335 124.709 321.984 348 628.411 356.312 362 628.411 356.312 363 599.259 358.686 365 627.824 361.584 376 619.472 368.574 379 619.472 368.574 380 212.259 397.675 383 578.777 434.697 393 570.044 413.703 400 582.393 474.867 409 631.091 346.760 410 616.108 387.637 413 583.189 409.225 415 595.716 410.085 416 600.956 416.463 417 588.353 418.253 418 581.872 424.237 419 198.052 436.257 420 582.147 483.021 421 599.033 484.430 422 612.618 489.899 423 611.509 466.714 425 615.913 382.808 427 601.191 384.166 428 619.704 387.405 430 615.874 394.602 431 609.518 397.069 432 596.639 399.908 433 610.721 475.845 434 591.356 419.606 435 605.812 491.435 436 610.281 368.045 437 610.279 386.758 438 581.659 417.351 451 612.372 379.796 454 576.556 414.719 455 586.501 402.672 471 583.189 409.225 472 584.666 418.543 476 223.271 403.022 478 633.658 353.931 493 627.572 387.267 495 580.585 414.389 509 579.908 426.447 510 568.336 483.189 514 574.657 399.470 515 124.263 400.482 517 186.162 449.144 518
199 0.9411114580314996 0.029802973914253978 0.3363942682974047 -0.01612153941285802 -0.362388950501599 -0.02460708385603479 0.29502986729236425 199 image_000199.jpg
 590.436 121.259 6 596.687 97.134 15 294.982 97.704 31 268.141 115.999 32 263.398 147.804 85 272.017 146.481 99 277.808 99.481 102 297.843 141.586 140 255.788 151.573 143 253.585 165.429 144 242.211 92.857 146 242.211 92.857 147 292.046 138.777 161 269.241 147.454 163 269.241 147.454 164 599.947 84.004 177 318.400 111.455 215 281.120 118.349 268 263.945 95.615 292 273.601 82.014 296 594.055 100.724 310 326.508 122.214 386 350.352 108.079 387 265.830 132.698 424
43 0.9776438885997546 0.02563919787583256 0.20753084462028842 -0.022045702143735354 -0.23380398037673752 0.0019738245884580305 0.23779946235131832 43 image_000043.jpg
 805.532 257.944 6 302.497 312.338 18 422.039 186.086 29 277.602 222.607 45 302.185 259.364 51 451.862 196.149 87 304.937 297.494 101 338.720 209.187 102 388.281 231.033 111 306.315 241.051 120 301.864 221.623 132 298.624 315.373 144 313.572 197.551 148 325.969 263.547 156 377.937 262.237 158 377.937 262.237 159 351.719 284.625 162 325.857 286.078 164 391.039 274.472 170 829.312 293.674 176 320.229 187.319 223 305.732 290.565 259 275.035 218.178 265 304.977 228.563 288 401.445 274.741 299 779.395 257.329 301 351.719 284.625 306 348.387 235.663 316 360.739 215.199 327 274.682 210.413 336 460.410 272.301 337 356.347 214.898 338
182 0.9853494988710235 0.021201487305970778 -0.16903265770680964 0.008051125164427794 -0.01876451358282598 -0.0008807450698303581 -0.16649912713012632 182 image_000182.jpg
 208.484 247.804 6 220.048 283.103 7 213.222 162.994 12 259.682 192.438 13 252.218 204.505 14 216.966 167.326 23 244.542 200.802 25 220.382 163.151 42 153.165 164.332 44 191.895 156.245 58 209.022 254.971 70 253.524 213.211 105 243.269 209.103 113 240.105 202.823 119 269.538 200.611 173 251.574 241.645 175 331.234 233.167 183 389.511 191.150 184 397.086 232.543 188 327.539 335.311 193 397.989 228.257 197 342.195 293.207 201 360.664 333.097 203 342.455 334.508 205 335.309 334.697 206 320.752 336.069 207 342.636 341.717 208 335.622 342.085 209 360.735 347.809 210 342.539 348.912 212 339.236 235.829 217 339.236 235.829 218 360.108 292.524 221 327.388 228.494 224 345.962 237.104 225 339.089 257.867 232 351.549 249.311 237 357.027 292.250 238 357.027 292.250 239 357.578 307.450 240 255.973 201.157 241 393.166 191.373 353 449.565 163.547 355 449.559 172.802 356 414.409 191.172 357 389.511 191.150 358 331.499 337.639 361 449.238 177.863 363 413.418 186.257 370 394.314 187.569 374 447.487 186.494 376 433.200 199.559 379 338.983 298.879 392 360.501 301.065 393 342.442 302.220 394 351.970 233.606 396 346.595 266.279 400 339.947 310.384 403 407.947 214.537 407 394.404 258.407 408 399.207 173.439 411 390.643 262.797 416 366.999 284.090 419 382.147 244.683 429 416.623 227.282 438 370.439 257.480 444 408.450 227.422 448 359.154 256.889 450 420.653 214.671 454 374.638 252.432 471 369.080 261.236 472 335.508 293.189 473 322.577 295.111 474 459.599 174.098 493 446.005 227.534 495 411.074 182.270 503 365.123 262.778 504 388.161 188.545 507 364.888 270.735 509 331.499 337.639 512 327.594 342.660 513 361.949 239.550 519 337.650 283.800 520
152 0.993051928966087 0.04620622340055872 0.10817999526611592 0.003151443422399976 0.02409160830388104 -0.016648512478306964 0.11783195194537195 152 image_000152.jpg
 839.945 171.551 6 844.735 98.038 12 881.225 162.748 17 869.587 126.917 25 378.975 83.887 31 840.376 177.093 70 453.479 69.145 76 842.224 107.031 90 876.561 136.455 105 408.431 78.153 118 355.947 68.422 129 890.186 124.070 173 1010.849 108.165 184 981.899 219.295 192 960.465 204.095 201 977.896 239.277 203 958.543 152.402 217 958.543 152.402 218 978.044 202.544 221 965.346 152.980 225 957.891 172.877 232 986.334 209.888 235 970.344 163.572 237 975.251 216.425 240 366.325 89.679 338 374.845 71.466 348 958.050 140.453 360 960.500 212.299 394 971.201 142.981 395 971.228 148.984 396 974.225 226.703 398 941.939 229.945 399 965.394 179.762 400 965.894 216.135 401 965.894 216.135 402 1001.678 158.186 429 978.799 170.416 450 976.792 181.787 455 994.073 165.368 471 987.621 174.011 472 941.092 206.505 474 953.330 222.539 511 981.162 153.820 519
61 0.9962428564385543 -0.045624720037285495 0.0722651900503721 -0.01401073066933684 0.02369420035856875 -0.008234409563166584 -0.013648041857304229 61 image_000061.jpg
 846.987 358.635 6 316.373 356.629 16 878.409 303.847 25 844.822 493.793 27 180.810 224.485 28 259.990 253.565 31 187.790 288.772 32 820.929 315.991 49 426.190 366.024 55 239.565 296.617 67 173.753 345.082 69 139.769 265.132 91 154.638 378.348 101 162.019 294.099 120 162.611 359.725 141 251.269 347.365 161 187.744 363.519 164 308.919 356.454 200 1001.907 397.026 201 1028.905 441.290 203 1006.136 443.464 205 1006.883 451.839 208 998.244 453.025 209 1030.577 458.686 210 1007.519 460.248 212 993.001 332.834 217 1000.758 333.225 225 994.984 358.399 232 239.145 335.986 266 229.686 360.832 306 153.037 402.113 340 392.709 246.485 344 254.762 237.950 348 991.076 318.069 360 426.190 366.024 389 895.641 392.910 390 987.700 304.354 391 998.381 403.493 392 1025.481 404.422 393 1003.022 407.374 394 1007.638 321.383 395 1007.922 328.633 396 182.745 351.797 397 1022.499 425.073 398 981.387 429.653 399 1005.150 367.281 400 1010.282 411.573 401 1010.282 411.573 402 1000.709 416.301 403
44 0.9799677167180305 -0.038338510321884504 0.1936502578453634 -0.026325182258773304 -0.27891407824058867 -0.06853049264748705 -0.46991297293216583 44 image_000044.jpg
 916.284 235.367 7 964.380 181.198 17 98.205 268.442 18 102.793 270.197 20 897.619 90.479 23 938.194 128.971 25 900.296 115.551 36 195.215 87.972 74 217.327 221.838 83 122.262 229.166 85 104.426 246.153 101 168.729 114.739 102 952.437 143.494 105 249.406 100.735 118 182.792 93.934 129 92.516 273.142 144 79.442 95.375 146 79.442 95.375 147 201.811 111.868 149 971.840 126.324 173 976.937 166.061 174 381.214 215.241 178 363.847 280.107 180 982.207 169.489 198 955.015 128.589 241 135.177 147.989 246 182.135 365.296 247 375.989 102.523 253 134.620 160.628 269 370.749 98.664 313 102.793 270.197 340 990.490 181.102 341 990.490 181.102 342 911.199 375.177 343
92 0.9816888651069603 -0.04746494289128389 0.1824974114063633 -0.02699517669865578 -0.24651188226159143 -0.06993681995419249 -0.4535147967290266 92 image_000092.jpg
 916.919 352.255 7 903.972 259.926 15 963.395 299.073 17 100.098 382.487 18 108.560 314.133 26 334.188 192.068 30 78.002 245.266 45 200.568 201.305 74 95.491 251.303 79 950.870 261.931 105 334.167 362.639 110 244.204 258.677 111 151.784 328.153 121 173.440 457.864 125 881.626 318.682 135 82.561 318.318 145 81.760 207.299 146 81.760 207.299 147 948.509 232.219 171 188.050 207.085 194 365.565 324.420 199 261.487 330.263 200 383.725 217.238 253 267.175 323.748 279 261.540 324.525 299 858.048 308.302 301 199.324 232.711 338 128.230 466.582 372 80.755 237.075 479 69.815 245.468 480 109.073 300.098 481
33 0.9616350151345104 -0.007722823121920979 0.27311732254326726 -0.02460477041569789 -0.46256857103627924 0.05858542411540669 0.447869917364524 33 image_000033.jpg
 165.717 436.739 8 5.384 292.861 26 43.931 230.833 32 215.650 300.456 41 125.466 275.550 52 195.403 306.627 54 102.165 237.594 67 245.452 151.135 78 150.102 235.107 80 26.955 328.617 85 307.006 219.766 93 97.692 140.885 108 172.631 165.680 118 33.210 154.984 148 164.972 307.045 169 333.250 316.095 178 313.759 396.729 180 307.202 308.014 199 24.000 273.470 236 186.154 224.804 256 132.173 237.008 267 120.274 217.230 289 82.052 142.628 290 185.344 307.317 299 122.138 225.108 307 24.766 173.175 308 90.621 109.760 309 983.219 223.020 310 115.281 331.074 311 115.281 331.074 312
21 0.8252507955389263 -0.05305995624325834 0.5531635698027718 -0.10077618929252208 -0.45697217327282136 0.020286553081616518 0.02833767529469483 21 image_000021.jpg
 965.386 429.959 8 825.098 400.793 18 829.499 402.146 20 842.372 285.163 32 797.352 268.171 33 849.409 275.300 62 839.203 361.205 85 923.660 263.141 94 858.723 333.319 139 822.230 372.486 143 798.791 344.708 145 778.913 246.513 146 850.276 325.637 156 925.755 306.492 158 925.755 306.492 159 907.657 328.400 161 852.478 359.298 163 830.372 472.382 258 826.803 370.216 259 831.830 382.015 260 867.062 412.065 261 917.759 420.988 262 955.477 398.686 263 779.373 275.340 265 895.463 322.263 266 911.239 274.870 267 873.409 284.932 268 837.499 294.360 269 904.020 302.876 270 833.565 347.866 271
25 0.9466109392672007 -0.006450706729533881 0.3198981171306497 -0.03938630735629609 -0.24817083021100456 0.06239132512840468 0.36789062990993476 25 image_000025.jpg
 578.317 437.503 8 473.424 312.222 10 488.078 410.164 18 571.598 403.161 19 491.171 410.844 20 487.339 356.736 51 615.361 286.503 78 488.117 373.492 82 651.320 321.125 93 562.931 328.160 94 540.579 380.809 100 624.659 385.717 107 534.037 284.447 108 633.544 392.742 110 546.659 286.487 117 516.250 374.060 121 577.561 411.702 124 532.994 289.073 127 494.620 381.874 141 522.413 354.921 153 522.413 354.921 154 633.544 392.742 155 509.881 358.727 156 509.881 358.727 157 659.630 414.503 180 518.431 348.551 187 650.722 365.141 189 650.722 365.141 190 487.565 419.476 202 503.837 348.967 216 505.930 382.677 233 497.490 355.829 236 584.687 326.124 256 491.196 388.009 259 548.065 351.193 270 456.129 303.724 272 486.995 315.944 273 569.904 412.041 274 458.148 306.362 275 487.495 319.197 276 656.851 404.339 277 471.290 309.355 278 589.740 369.251 279 510.674 288.135 280 574.726 383.384 281 574.726 383.384 282 603.291 396.227 283 603.291 396.227 284
65 0.9834523497711987 -0.10452926287813985 0.1454975928191799 -0.02693606323399799 -0.14872156471428613 0.07621029032803331 0.22247144199829166 65 image_000065.jpg
 330.835 469.059 9 757.860 480.726 12 799.249 496.906 13 274.627 583.942 20 761.721 484.486 23 266.208 485.514 33 266.208 485.514 34 774.575 508.461 39 797.047 505.025 40 408.395 467.440 76 410.874 470.793 78 736.588 467.208 86 261.961 480.857 88 758.015 489.080 90 270.276 491.239 91 275.487 567.484 101 748.472 487.006 103 782.111 510.650 104 795.395 513.740 105 328.366 480.456 109 422.495 571.873 110 370.395 476.913 118 334.103 480.883 131 272.854 561.781 143 312.439 530.290 153 312.439 530.290 154 422.495 571.873 155 352.415 534.096 158 352.415 534.096 159 774.575 508.461 166 810.881 525.764 174 796.075 536.508 175 456.965 554.119 178 811.720 546.859 182 764.849 494.407 185 326.314 469.422 194 386.392 505.397 215 856.501 536.748 231 797.047 505.025 241 847.490 528.998 250 773.849 523.132 304 772.786 543.362 305 330.493 546.676 330 431.750 555.192 332 891.064 487.805 373 891.064 487.805 374 929.643 483.835 376 932.593 463.842 410 292.888 532.200 424 858.737 509.713 439 869.856 517.382 440
4 0.9849815908828723 -0.026555855558347535 0.16839752836381494 -0.027355577657145268 -0.21880215357641888 0.030077625251398264 0.2355818681519101 4 image_000004.jpg
 141.684 212.175 9 957.344 238.521 13 893.071 270.682 15 961.221 306.827 17 52.315 404.139 18 198.661 397.826 19 57.415 406.718 20 888.792 217.176 23 934.667 252.355 25 91.356 276.639 32 34.387 242.592 33 890.329 244.476 36 251.577 337.263 41 892.210 211.637 42 12.928 253.425 45 167.232 316.045 52 950.145 239.125 59 856.174 257.986 66 146.294 283.318 67 147.758 206.248 74 277.086 211.451 78 32.833 260.148 79 191.244 281.545 80 181.696 354.033 83 882.258 225.520 90 335.004 269.779 93 217.212 354.647 96 119.230 235.170 102 866.300 223.167 103 925.770 262.784 104 950.534 266.919 105 139.654 199.761 108 302.480 381.077 110 934.071 264.686 113 212.470 331.855 114 64.009 241.910 115 143.523 273.318 116 161.320 204.958 117 209.768 222.798 118 930.460 256.591 119 62.861 284.411 120 104.899 346.076 121 108.719 357.055 122 14.368 373.896 123 208.751 410.941 124 139.063 482.513 125 130.670 205.969 126 137.996 207.726 127 251.328 211.708 128 134.828 213.073 129 30.430 229.628 130 148.865 232.266 131 56.206 252.448 132 972.662 254.021 133 197.187 280.812 134 866.010 333.991 135 64.434 374.381 136 956.043 302.830 138 103.463 333.349 139 176.516 346.541 140 65.458 357.827 141 46.184 366.285 142 52.824 370.618 143 45.466 409.144 144 25.002 334.193 145 12.263 210.257 146 12.263 210.257 147 77.260 210.122 148 157.304 233.816 149 277.144 194.171 150 205.104 311.140 151 205.104 311.140 152 115.670 315.918 153 115.670 315.918 154 302.480 381.077 155 94.445 322.770 156 94.445 322.770 157 182.324 322.122 158 182.324 322.122 159 251.577 337.263 160 160.855 340.214 161 137.820 357.116 162 92.314 361.156 163 92.314 361.156 164 150.987 179.620 165 228.905 319.244 167 228.905 319.244 168 205.574 342.094 169 205.574 342.094 170
146 0.9873016412010043 -0.07784541728957438 0.13389144732341718 -0.03533603573095097 -0.10751305493615615 -0.09673680784607652 -0.4036956000583087 146 image_000146.jpg
 143.199 227.651 9 199.496 287.909 61 151.697 221.045 74 306.841 226.867 78 184.928 393.514 83 375.084 293.059 93 195.846 298.579 94 229.043 394.060 96 84.530 397.873 99 333.887 425.952 110 225.298 239.772 118 105.316 348.986 153 105.316 348.986 154 333.887 425.952 155 78.105 358.276 156 78.105 358.276 157 159.381 375.927 161 128.931 397.796 162 73.240 401.856 164 370.742 375.407 190 255.725 393.119 226 395.005 247.020 253 144.127 362.966 266 123.058 311.340 268 160.479 343.105 270 245.410 378.827 279 128.931 397.796 306 75.994 239.660 315 157.979 266.979 327 84.218 223.834 458
157 0.991464444475838 -0.04715575989134504 0.1204208311422731 -0.0165351501234185 0.004020719317183209 -0.03767102856735179 -0.08896457205004085 157 image_000157.jpg
 253.450 193.921 9 181.499 184.396 28 118.329 226.346 33 387.251 347.797 41 201.818 258.836 62 201.818 258.836 63 170.356 346.732 69 419.869 198.853 78 124.527 240.345 91 490.396 270.190 93 309.609 269.974 94 148.322 324.749 95 449.145 404.363 110 154.355 277.182 120 204.544 353.321 121 248.673 188.258 127 132.074 376.390 142 329.879 314.310 151 218.662 317.187 153 218.662 317.187 154 302.151 328.572 159 188.999 371.200 163 360.212 325.203 168 329.821 353.545 169 485.261 354.161 189 244.144 194.506 194 164.243 314.580 236 354.094 269.441 256 146.763 375.390 259 244.749 368.097 306 258.495 350.564 330 203.380 279.254 462 226.398 340.260 463 494.545 367.964 478
158 0.9951948036405186 -0.08554941815643398 0.03960649532273875 -0.026455957817961295 0.08025578872231603 -0.06162345171767736 -0.1594422461590691 158 image_000158.jpg
 204.290 316.449 9 793.797 350.187 12 798.258 354.286 23 313.292 311.748 29 228.524 335.582 31 800.737 348.986 42 741.218 358.557 44 249.110 363.906 61 209.880 312.289 74 239.909 441.808 83 247.104 371.621 94 267.184 328.604 118 194.510 311.353 126 256.124 377.527 134 789.799 441.707 135 262.531 404.344 151 262.531 404.344 152 280.214 371.620 256 192.609 333.519 264 224.470 363.715 289 188.427 308.907 290 219.103 345.220 327 275.374 379.577 375 397.968 445.537 389
197 0.9973414070392036 -0.02104457855469629 -0.06971620653252816 -0.0026291170129103766 -0.1595100617244863 -0.012222833322973591 -0.112400582290529 197 image_000197.jpg
 293.324 224.462 11 322.400 256.051 12 371.686 281.429 13 363.637 293.615 14 327.326 300.509 15 325.624 260.098 23 355.311 290.378 25 306.721 465.923 27 297.896 322.437 37 297.896 322.437 38 302.508 251.031 58 343.888 333.514 68 293.324 224.462 73 293.640 237.211 86 348.632 298.305 104 365.534 302.511 105 304.492 254.804 181 382.090 345.018 182 486.642 272.954 184 441.472 320.378 218 430.843 313.518 224 433.958 418.625 229 441.677 330.684 231 431.602 321.658 250 495.730 257.600 350 490.907 273.327 353 533.281 282.972 354 543.011 241.484 355 543.533 250.265 356 510.865 271.716 357 440.165 307.852 360 542.941 255.986 362 542.941 255.986 363 540.261 260.931 364 521.790 276.710 367 435.843 299.964 368 491.624 268.749 373 491.624 268.749 374 541.740 263.861 376 440.694 304.617 377 440.694 304.617 378 528.201 277.655 379 528.201 277.655 380 505.011 254.512 456 403.924 334.903 475 406.481 375.482 485 548.015 256.669 486 481.021 284.744 494 389.843 350.220 505 526.088 282.473 516
87 0.9881123682982226 -0.018452629026913456 -0.1526173813725315 -0.0011732372165569993 -0.14909816212376714 0.0026521034557654265 -0.0625199603976773 87 image_000087.jpg
 154.000 251.887 11 224.851 301.255 13 184.663 283.521 23 215.494 300.887 24 154.000 251.887 73 190.407 306.923 92 207.436 311.344 119 233.537 360.511 191 304.519 421.192 203 298.794 421.863 204 289.591 422.773 205 283.726 423.226 206 283.907 430.476 209 304.663 434.508 210 283.709 436.077 211 297.998 365.163 219 297.998 365.163 220 273.857 420.179 222 286.722 365.614 227 286.722 365.614 228 287.207 344.689 231 286.715 356.025 232 310.364 392.944 235 337.994 289.206 302 337.994 289.206 303 181.979 323.881 310 374.174 274.763 355 374.132 286.595 362 374.132 286.595 363 371.557 289.937 364 346.057 294.060 370 330.516 294.877 373 330.516 294.877 374 289.439 394.046 394 301.232 409.326 398 274.238 412.089 399 377.605 273.663 410 371.615 349.926 414 321.384 343.780 429 329.388 347.670 433 349.612 303.623 437 292.114 316.968 439 338.389 278.337 453 315.551 350.930 471 310.497 358.033 472 253.351 344.629 475 312.746 373.374 476 287.076 424.463 477
184 0.994602935985723 -0.05899289975054918 -0.08421065725296199 0.013906832554760525 -0.15307652654926007 -0.05995011455016326 -0.29581876669775786 184 image_000184.jpg
 168.065 228.924 11 273.929 310.909 13 207.943 332.562 15 250.791 321.541 25 175.178 261.619 58 168.065 228.924 73 165.996 243.573 86 201.343 284.420 90 264.474 338.853 105 249.483 335.216 113 289.452 365.102 174 177.622 267.039 181 286.115 399.968 182 434.132 295.967 184 353.688 353.592 224 367.732 377.547 231 354.399 365.499 250 160.635 234.488 295 516.570 256.694 297 454.902 278.945 303 461.176 286.107 352 468.355 294.610 357 354.105 512.574 361 514.963 270.996 362 514.963 270.996 363 467.236 287.322 370 440.540 288.176 373 440.540 288.176 374 368.371 340.456 377 368.371 340.456 378 385.021 351.342 395 384.128 358.324 396 521.332 311.450 447 170.838 239.798 487 181.714 262.462 488 425.230 312.560 494 298.107 411.759 505 354.105 512.574 512 487.945 312.032 516
134 0.9769424645508217 -0.01324479132155239 -0.21020977342749148 0.03492633825651721 0.00011476700058600346 0.0031309304484360154 0.027642175792151478 134 image_000134.jpg
 165.928 251.428 12 201.359 325.684 17 169.045 255.760 23 168.199 274.131 36 177.695 287.890 39 173.020 251.385 42 199.331 278.762 59 156.879 337.374 70 130.600 214.856 73 162.887 260.995 90 177.695 287.890 166 175.589 275.030 177 171.654 269.269 185 265.286 416.251 193 213.438 318.175 198 281.600 378.091 201 279.990 416.339 205 273.060 416.394 206 293.306 355.275 219 293.306 355.275 220 279.762 355.387 227 279.762 355.387 228 294.321 367.576 234 295.670 378.646 238 295.670 378.646 239 345.868 277.863 302 385.505 282.604 364 394.411 264.533 369 386.686 286.216 376 278.206 382.708 392 299.168 385.676 393 294.914 402.540 398 261.900 403.571 399 287.456 353.651 400 286.559 390.289 402 278.146 394.037 403 392.690 304.864 447 301.046 344.908 450 350.500 272.037 456 397.210 286.575 457 275.212 378.187 473 286.748 362.313 492 328.111 284.970 507 301.641 373.580 510
163 0.998004200390299 -0.06310720295662006 0.0019399774765046743 -0.0011537327628782911 -0.3636788850226779 -0.04224607184074827 -0.18332396600170056 163 image_000163.jpg
 291.386 323.450 12 348.561 403.902 17 294.459 327.902 23 339.013 350.625 24 261.420 546.979 27 302.249 338.127 35 294.004 348.281 36 297.720 323.556 42 256.079 369.007 49 344.411 351.269 59 344.411 351.269 60 298.567 543.188 72 288.980 334.023 90 344.095 372.300 105 326.662 363.468 119 360.743 364.823 133 396.704 387.688 183 443.829 336.359 184 390.785 500.465 193 360.743 364.823 196 402.099 498.322 205 402.412 399.819 231 413.051 439.229 234 415.132 451.254 238 455.991 322.306 302 455.991 322.306 303 451.203 318.749 350 467.023 338.324 406 409.154 362.955 439 456.263 307.721 453 460.558 315.520 456 287.716 340.797 464 398.753 511.926 467 300.623 344.441 489 500.298 309.193 493 400.116 478.463 499
82 0.9690010331040901 -0.018001777294584895 -0.2442708409703492 0.032321753323121205 0.1458071480501988 -0.0006688722956495964 -0.11524931347695402 82 image_000082.jpg
 28.324 127.348 12 86.681 175.380 13 77.022 194.585 14 33.567 134.254 23 15.795 272.429 70 23.034 143.568 90 216.735 246.777 183 318.206 187.259 184 204.115 407.549 193 331.520 244.197 197 233.147 341.593 201 231.350 406.906 205 218.275 406.895 206 231.646 266.530 231 81.048 189.570 241 423.090 151.683 355 318.206 187.259 358 415.787 179.850 364 222.551 218.651 368 327.683 182.014 374 417.605 185.397 376 263.910 355.496 393 241.750 300.930 400 351.124 224.120 407 387.287 262.610 442 281.734 293.319 472 220.979 341.785 473 197.723 344.460 474
147 0.9994848117587408 0.010017423455728725 -0.03046087555657289 -0.0013775965500253148 -0.21182560419703805 0.012263081383142404 0.1512361661500516 147 image_000147.jpg
 437.396 263.217 13 430.876 273.038 14 437.503 302.834 17 428.898 263.288 24 424.664 271.242 25 405.758 280.753 50 414.672 305.130 68 395.926 316.217 70 410.137 405.262 72 376.393 218.240 73 376.493 230.362 86 50.126 252.640 93 385.225 315.631 135 444.971 268.730 173 430.666 302.158 175 450.633 313.052 179 445.231 312.861 182 522.963 261.041 184 46.152 298.644 189 46.152 298.644 190 481.637 375.951 193 449.721 294.993 198 491.375 375.026 205 478.652 372.961 222 483.542 371.899 229 533.583 252.476 303 409.697 287.628 304 454.152 302.822 341 564.475 245.947 356 522.963 261.041 358 563.836 249.790 363 529.991 252.607 366 539.971 257.377 370 526.352 257.548 373 526.352 257.548 374 562.900 256.259 376 553.824 264.968 379 488.938 346.956 392 498.278 288.454 395 509.673 317.089 415 545.383 254.597 441 376.149 291.651 465 546.653 262.551 497 506.503 319.128 504 504.389 338.203 510
181 0.9647012970466557 -0.005436743558295083 0.26314487507260226 -0.008753286987488677 -0.4306720092345462 0.01526471028499355 0.389773490982404 181 image_000181.jpg
 743.529 300.698 15 791.321 322.371 17 371.044 332.698 41 714.191 301.711 49 401.709 262.381 57 735.070 338.346 70 319.352 258.658 74 384.225 259.093 75 748.684 290.399 92 416.052 295.809 93 303.766 274.514 102 785.992 298.095 105 313.106 272.367 109 396.685 358.687 110 273.578 341.325 141 249.864 259.904 146 249.864 259.904 147 283.802 261.220 148 323.373 273.987 149 396.685 358.687 155 345.954 335.339 169 363.961 295.979 215 250.863 242.871 243 250.863 242.871 244 268.508 363.112 252 356.647 296.473 256 269.946 346.504 259 243.362 267.679 272 294.780 257.031 280 282.877 267.299 292 288.582 265.449 315 315.997 334.521 330 404.481 342.114 332 247.321 272.697 336 319.884 267.826 339 268.412 369.210 340 390.426 343.201 371 353.491 337.492 385 398.099 336.362 388 246.021 257.049 452 324.105 267.876 484 315.306 255.164 491
204 0.9976239729800386 0.006166581593684135 0.06800782124405792 -0.00912735668687674 0.020595364598359867 -0.010950461841413548 0.06806156886381151 204 image_000204.jpg
 798.815 238.587 15 797.948 200.142 23 337.131 156.888 29 197.439 212.497 32 809.664 232.431 39 346.845 213.842 46 245.503 266.352 53 371.575 167.986 57 279.352 206.880 61 222.565 205.594 65 184.293 264.165 69 793.229 284.784 70 243.200 157.852 74 347.089 163.230 75 350.886 167.842 78 377.682 172.143 87 792.621 206.366 90 397.077 216.693 93 277.630 214.249 94 301.776 279.845 96 219.909 178.932 102 236.231 178.179 109 241.123 211.692 116 172.424 217.418 120 815.389 320.930 176 306.128 274.245 200 190.298 208.376 246 263.448 206.409 251 307.280 214.633 256 244.556 257.470 266 773.390 230.675 287 255.882 206.325 289 231.850 205.871 298 198.100 385.977 372 226.452 266.616 384 189.230 247.283 424 191.251 154.890 458 165.031 242.118 481 229.604 188.662 482
64 0.9941741886200421 -0.059807849441584564 0.0882674700310285 -0.015797507565225848 -0.058704869632065934 0.019901774463090972 0.12677104563586053 64 image_000064.jpg
 385.121 389.658 16 353.689 330.911 31 313.765 351.411 32 283.796 333.367 33 371.059 351.435 47 342.478 384.409 53 297.743 395.295 71 343.005 317.488 74 408.186 319.796 75 408.186 319.796 76 359.023 391.837 83 287.345 338.139 91 438.401 352.821 93 363.769 352.204 94 415.672 324.529 97 328.381 330.674 102 339.724 313.334 108 420.322 408.537 110 370.506 350.267 111 391.754 309.645 112 396.496 322.016 128 343.474 329.677 131 298.496 392.182 141 420.322 408.537 155 380.588 389.355 200 784.645 395.899 219 784.645 395.899 220 796.219 415.396 235 333.736 329.330 264 341.996 378.702 266 348.474 370.345 270 394.691 408.472 283 394.691 408.472 284 336.712 374.430 317 366.276 424.271 323 327.528 433.417 324 348.121 336.311 327 341.725 385.423 330 407.083 432.813 331 420.368 393.896 333 409.093 330.972 334 409.093 330.972 335 795.323 361.277 359 843.282 332.637 362 843.282 332.637 363 810.907 336.464 365 842.957 338.456 376 833.909 346.245 380 330.466 385.110 384 791.101 417.214 393 780.599 395.016 400 402.794 309.435 404 402.794 309.435 405 823.741 345.241 406 817.802 358.582 407 811.061 387.552 408 796.714 458.853 409 846.157 321.799 410 810.886 332.082 411 284.770 334.874 412 830.548 366.240 413 844.998 379.840 414 794.752 390.227 415 808.523 390.859 416 814.348 397.649 417 800.802 399.735 418 794.148 406.018 419 419.295 425.061 420 796.913 467.264 421 815.573 469.249 422 831.143 475.027 423 308.286 372.455 424 829.079 450.559 425 441.543 324.395 426 830.486 361.090 427 813.924 363.476 428 802.593 379.258 429 834.930 366.120 430 830.818 373.815 431 823.642 376.337 432 809.623 379.943 433 828.349 459.874 434 804.299 400.962 435 823.959 475.730 436 822.708 346.432 437 824.538 365.838 438
96 0.9594247723227141 -0.05104856432753896 0.2730039392694281 -0.04865176477948895 -0.18354418768939412 0.011527324378935753 0.028257665484752302 96 image_000096.jpg
 572.242 421.777 16 445.402 467.545 18 445.790 414.710 26 588.497 311.645 29 612.749 309.017 30 523.036 340.993 31 554.965 366.666 48 445.335 403.382 51 464.208 464.149 56 620.054 318.108 57 538.583 362.746 61 491.634 366.808 64 491.634 366.808 65 461.535 421.536 69 600.794 320.274 78 430.034 365.374 79 645.699 360.607 93 448.825 408.909 95 448.447 449.286 101 488.197 343.524 102 501.568 341.112 109 418.937 446.589 123 445.260 443.282 143 472.826 406.564 156 520.120 417.926 161 503.938 431.342 162 472.667 434.448 163 472.667 434.448 164 482.996 394.062 187 565.833 422.636 200 465.847 371.955 246 525.635 363.913 251 563.500 367.469 256 495.556 343.376 264 510.332 410.223 266 456.349 423.503 271 519.804 364.339 289 498.948 366.318 298 503.938 431.342 306 521.162 369.418 307 500.391 374.048 316 654.570 364.779 319 542.859 446.673 349 496.188 420.697 384 588.768 301.178 404 588.768 301.178 405 465.227 406.537 424 585.972 422.761 443 445.335 403.382 481 496.637 351.435 482 521.162 369.418 483 515.459 333.407 484
81 0.9853105064067678 0.08557734824205403 0.14776932450183114 -0.0019847807211857563 -0.23108316783011357 -0.027165616189494285 0.22408705516735355 81 image_000081.jpg
 368.462 221.195 16 292.208 212.592 26 304.040 155.104 28 339.638 169.791 31 306.854 188.734 32 641.442 220.422 70 330.028 157.542 74 386.354 161.073 78 349.998 191.663 80 323.624 223.987 84 643.374 173.153 90 284.627 177.564 91 294.571 233.162 101 318.418 169.905 102 326.894 154.481 108 279.872 167.076 130 271.417 158.301 146 271.417 158.301 147 300.183 158.893 148 334.981 170.064 149 318.370 205.586 154 309.077 208.561 156 347.217 209.236 158 347.217 209.236 159 337.971 216.597 161 309.093 224.869 163 309.093 224.869 164 367.289 209.224 168 357.082 218.649 169 364.931 221.163 200 333.058 155.660 213 709.005 202.546 217 709.005 202.546 218 708.821 207.904 231 715.818 229.425 234 722.422 240.063 235 715.664 209.630 237 716.851 235.687 238 301.669 188.225 249 364.040 188.213 256 323.182 192.316 268 337.458 204.339 270 357.120 227.234 281 357.120 227.234 282 624.460 214.888 301 742.190 165.464 303 325.748 189.202 316 328.104 207.975 318 337.196 161.947 348 764.843 162.133 362 739.254 165.917 365 706.080 189.488 368 361.905 192.004 375 708.957 192.312 378 399.051 219.637 388 716.522 251.181 398 739.305 161.928 411 268.478 156.001 452 744.657 161.353 456 702.234 205.187 468 297.606 273.575 470 726.375 209.770 471
213 0.9890511206899042 -0.02706885335549058 0.1427367269604203 -0.025911215994938366 -0.1405563420967013 0.019457203900477775 0.23295083270026018 213 image_000213.jpg
 232.111 319.362 16 193.700 376.029 19 52.548 379.035 56 183.215 221.637 61 131.143 242.719 67 931.077 119.912 73 131.792 153.432 74 284.995 160.210 78 184.051 241.010 80 173.071 325.391 83 353.392 228.311 93 180.157 232.332 94 130.727 329.797 100 127.941 231.202 116 81.854 315.668 121 120.122 154.631 127 133.376 183.026 131 191.157 240.411 134 80.237 300.897 139 148.280 309.255 161 120.540 330.016 162 67.736 332.671 163 67.736 332.671 164 367.406 400.996 180 193.387 261.273 186 352.766 314.569 199 240.402 326.012 226 285.316 376.962 242 161.055 222.455 251 222.701 231.330 256 132.293 295.595 266 109.068 243.652 268 56.676 244.902 269 147.488 275.781 270 120.540 330.016 306 121.302 484.616 328 300.908 325.783 371
19 0.9469996846499235 -0.03867026320118132 0.3147488212168488 -0.051277599720646876 -0.55168874563501 -0.00339632781963059 -0.09622137228341734 19 image_000019.jpg
 179.722 396.432 18 183.456 398.262 20 294.990 249.413 22 183.464 338.590 26 183.703 378.035 101 240.368 254.152 109 290.814 242.817 118 238.985 240.548 129 180.738 370.916 143 377.483 331.594 189 162.189 223.249 243 162.189 223.249 244 155.108 254.714 245 203.802 291.125 246 244.835 477.996 247 147.531 267.244 248 200.821 293.982 249 262.309 280.087 251 183.244 389.638 252 391.528 236.451 253 287.652 250.948 254 287.652 250.948 255 298.495 283.039 256 374.430 238.601 257
129 0.991858476961025 0.005492096639249658 0.12690760881325935 -0.009003308022998468 -0.15019821412979573 0.02186331606445536 0.3056335676862416 129 image_000129.jpg
 657.118 261.375 23 648.588 368.913 27 657.156 271.754 36 664.798 278.218 39 375.728 306.837 83 654.314 264.600 90 660.701 275.934 92 439.624 274.713 93 648.449 263.410 103 669.352 279.454 104 679.122 281.653 105 669.920 284.854 106 680.591 295.559 138 664.798 278.218 166 688.669 289.854 174 692.218 303.421 179 688.587 303.947 182 717.876 292.359 218 718.158 310.900 227 718.158 310.900 228 718.228 297.237 231 725.429 317.357 234 732.530 327.032 235 724.859 299.368 237 726.758 323.040 238 726.758 323.040 239 727.323 331.449 240 324.245 322.751 252 385.225 310.434 281 385.225 310.434 282 748.798 260.689 302 663.109 287.840 304 662.364 299.572 305 773.089 249.443 369 770.225 262.711 376 717.613 284.315 377 727.221 337.101 398 721.774 309.520 400 718.637 333.488 403 744.652 303.473 408 736.736 313.668 418 747.909 283.225 428 738.633 296.286 429 759.578 291.928 431 755.607 285.465 438 751.207 256.577 456 735.088 300.495 471 710.742 324.876 474 733.674 315.027 476 719.000 346.689 477 440.152 307.650 478 769.432 285.639 495 759.578 291.928 496 714.694 279.437 502
88 0.8885853599227935 0.08034751803443096 0.4515944336901352 -0.0047752832829854675 -0.21421415781399444 -0.037199634662631306 0.5282749418822335 88 image_000088.jpg
 659.859 211.595 32 715.621 183.102 98 648.720 250.943 101 645.105 246.017 142 647.184 247.682 143 633.686 188.815 146 633.686 188.815 147 668.767 225.215 153 661.346 229.242 156 661.346 229.242 157 692.519 226.535 158 660.461 242.767 164 653.654 226.282 236 632.550 202.290 265 679.734 229.984 266 673.010 213.329 268 657.533 215.094 269 683.728 242.808 311 683.728 242.808 312 658.515 190.372 315 680.266 196.308 338 680.493 187.679 339 720.511 215.952 386 657.639 227.813 424 661.572 182.337 458
107 0.9631878469559486 -0.06382118918429816 0.25790900778894515 -0.040975240061711854 -0.5209831535704759 -0.08496966103073998 -0.41099796046743237 107 image_000107.jpg
 168.581 197.026 48 159.626 196.583 111 140.980 194.569 251
123 0.9925960772406893 -0.04036471854496795 -0.11410831041193702 -0.010149810743965298 -0.13218912202741034 0.13365481967468587 0.3329086580421278 123 image_000123.jpg
 414.667 425.684 184 469.049 405.546 297 427.917 415.009 303 422.163 417.772 351 467.986 401.350 355 465.256 419.310 364 364.482 447.279 368 436.526 421.914 370 419.825 422.516 374 466.686 422.840 376 454.677 430.749 379 440.412 430.156 406 472.576 400.168 410 432.344 411.460 446 428.116 410.310 500 434.146 417.047 503
38 0.9784612735722037 -0.04109624031963216 0.20013375166734157 -0.029514851892859194 -0.2823387444607269 0.0033206548986656863 -0.01705356081297149 38 image_000038.jpg

104 0.9957995260690319 0.08403579920889424 -0.03596393898144368 -0.00528049103473285 -0.09200224176414777 0.016489817606652846 -0.17504277009210373 104 image_000104.jpg

76 0.8463904954987327 -0.018282015718719517 0.5287894172984153 -0.06058610989860302 -0.04791646470968819 0.07866408973995982 0.6090727268284355 76 image_000076.jpg

60 0.9667480610556008 -0.022702416424583993 0.25104276681048365 -0.04313132225069121 -0.39186342858281437 0.04654640471676712 0.2468881765274905 60 image_000060.jpg

113 0.947832303782014 0.040838926721020415 0.316013081108693 -0.009047101590922233 -0.2611310231476452 0.001656272238917853 0.19194396125522278 113 image_000113.jpg

148 0.9402339410721428 -0.020958092844561134 0.33892857559479195 -0.02546194421179647 -0.5598474712976846 0.012623071492278582 0.24598553299957254 148 image_000148.jpg

188 0.9884017750220453 -0.013719836222012338 0.1497170451171975 -0.021412957694793417 -0.157723671788297 -0.021432253697863418 -0.22072194991790606 188 image_000188.jpg

29 0.9830939949588524 0.07192089533015164 0.1682811478299397 0.00591869129506254 -0.36158893056269104 -0.01307191241019949 0.12069704157623694 29 image_000029.jpg

127 0.957722472647374 -0.04484913223935058 0.28361187446312786 -0.017903240661498163 -0.4895534608421625 0.030564038648057696 0.3305174675409476 127 image_000127.jpg

