# Image list with two lines of data per image:
#   IMAGE_ID, QW, QX, QY, QZ, TX, TY, TZ, CAMERA_ID, NAME
#   POINTS2D[] as (X, Y, POINT3D_ID)
# Number of images: 236, mean observations per image: 0.165
232 0.9891129640490087 0.08864738588433625 0.11718975193616675 -0.007984225264774863 -0.3374393807842835 0.1864098989636288 1.7801040400067545 232 image_000232.jpg
 491.882 220.580 0 492.241 223.567 1 431.629 236.586 2 525.916 233.301 3 536.583 232.515 4 518.252 220.984 5 449.387 242.148 6 577.415 252.137 7 376.166 308.794 8 400.290 419.820 9 568.617 251.443 10 423.156 240.391 11 456.634 394.049 12
98 0.9994312965539978 0.0302169558855859 0.007935302709169688 0.012690758922516625 -0.030835075284492613 0.09114182786205734 0.07114814126633065 98 image_000098.jpg
 524.503 174.435 0 524.795 179.060 1 422.366 183.287 2 579.520 202.684 3 596.281 203.875 4 565.937 181.834 5 454.511 197.198 6 661.761 242.740 7 312.687 301.475 8 370.359 532.593 9 647.927 240.189 10 407.377 187.484 11 484.593 478.025 12
227 0.9912494198636285 0.11897526089018429 0.057152758211646566 0.0017440103330350935 -0.42817023653027186 0.11197835017249874 1.6872264114386373 227 image_000227.jpg
 393.982 167.231 0 394.091 170.582 1 335.205 182.593 2 427.224 180.531 3 437.618 180.144 4 419.433 168.255 5 353.025 188.086 6 477.196 200.274 7 280.982 253.648 8 308.089 363.758 9 468.981 198.905 10 327.205 186.443 11 362.915 337.330 12
234 0.9810624471847774 0.07183341278568052 -0.17702148329947448 0.0319349966754172 -0.19050474358899308 0.04888335514711709 0.34188825398170075 234 image_000234.jpg

231 0.9918962036010549 0.06973444133123409 0.10566141894015937 -0.010709429504917779 -0.17903653457663687 0.08384981690597249 0.4417413182686772 231 image_000231.jpg

