# 3D point list with one line of data per point:
#   POINT3D_ID, X, Y, Z, R, G, B, ERROR, TRACK[] as (IMAGE_ID, POINT2D_IDX)
# Number of points: 13, mean track length: 3.0
0 0.025874988437990163 -0.31702169802301816 1.0180887950373414 0 0 0 0.29 98 0 227 0 232 0 
1 0.02667523349699045 -0.30979891415729816 1.0146189907935412 0 0 0 0.16 98 1 227 1 232 1 
2 -0.1051782160599803 -0.2866396001408632 0.9395423247879252 0 0 0 0.03 98 2 227 2 232 2 
3 0.10503643527879673 -0.28302004854261986 1.0379484378922321 0 0 0 0.06 98 3 227 3 232 3 
4 0.12969927193553227 -0.28349269840287655 1.0477584692990425 0 0 0 0.08 98 4 227 4 232 4 
5 0.08518874623934056 -0.3130342592242951 1.044176807310497 0 0 0 0.14 98 5 227 5 232 5 
6 -0.06433129596299368 -0.27180807805019824 0.9509507155769621 0 0 0 0.12 98 6 227 6 232 6 
7 0.22753215306754643 -0.232205523033736 1.0619949900494339 0 0 0 0.24 98 7 227 7 232 7 
8 -0.21579484871840096 -0.12723332387065545 0.829706135627619 0 0 0 0.14 98 8 227 8 232 8 
9 -0.11638018171161678 0.10460729077593653 0.6837689849299479 0 0 0 0.19 98 9 227 9 232 9 
10 0.2067659385790521 -0.23508129582330548 1.05833559008752 0 0 0 0.16 98 10 227 10 232 10 
11 -0.12257527673264267 -0.2785933564599434 0.9271428012539731 0 0 0 0.16 98 11 227 11 232 11 
12 -0.008465093656441242 0.0634347037612821 0.7729427236828305 0 0 0 0.28 98 12 227 12 232 12 
