# Image list with two lines of data per image:
#   IMAGE_ID, QW, QX, QY, QZ, TX, TY, TZ, CAMERA_ID, NAME
#   POINTS2D[] as (X, Y, POINT3D_ID)
# Number of images: 236, mean observations per image: 8.419
128 0.9999942188561546 0.002105511725526393 -0.002476249445990953 0.0009998467637128694 0.004442324635770236 0.008181718537746302 0.02088598766255698 128 image_000128.jpg
 578.483 462.422 0 631.347 507.003 1 253.064 442.820 2 443.765 445.105 3 586.418 454.239 4 508.504 467.600 5 544.356 468.245 6 595.454 478.225 7 595.454 478.225 8 481.313 488.345 9 745.740 508.523 10 608.642 641.699 11 247.869 472.319 12 633.245 478.988 13 533.059 497.439 14 619.628 498.845 15 628.694 522.437 16 860.846 567.227 17 785.748 687.703 18 368.001 456.014 19 374.860 455.948 20 544.054 459.647 21 509.310 462.289 22 271.701 463.327 23 276.413 467.829 24 309.712 477.467 25 309.712 477.467 26 554.994 478.138 27 459.569 483.788 28 632.575 517.723 29 706.185 580.027 30 723.677 634.161 31 597.292 644.326 32 316.298 476.771 33 276.157 477.637 34 303.301 477.167 35 737.922 480.643 36 341.542 483.996 37 324.601 511.431 38 563.482 517.601 39 610.756 520.506 40 171.429 532.781 41 171.429 532.781 42 856.969 549.755 43 733.827 631.317 44 689.638 640.706 45 665.289 467.527 46 470.027 478.929 47 665.991 479.021 48 623.404 518.028 49 176.989 540.286 50 266.727 478.145 52 795.047 483.369 53 269.848 494.194 54 674.078 495.546 55 648.107 497.457 56 792.181 670.019 57 626.749 480.937 58 743.259 512.580 59 627.900 550.983 60 627.900 550.983 61 630.930 579.647 62 630.930 579.647 63 776.271 667.367 64
164 0.9804971713169783 0.1239882721082119 0.15172974591019617 -0.01517548561108781 -0.32991686417234145 0.02570087461004424 0.002879709668559202 164 image_000164.jpg
 565.643 202.400 0 574.524 193.025 4 512.265 245.871 14 335.700 205.773 19 486.703 205.971 22 276.285 231.963 25 538.426 222.468 27 730.753 402.159 31 576.293 412.212 32 150.545 301.411 50 236.379 250.048 54 649.964 241.630 56 772.182 255.461 59 629.825 213.072 65 541.238 261.304 67 653.698 219.415 71 654.425 203.237 76 747.452 236.857 77 774.671 235.317 89 793.619 250.561 90 558.496 217.174 101 496.893 225.157 103 192.974 264.805 105 186.007 265.091 106 499.253 202.537 108 595.543 219.259 115 435.871 237.633 117 532.757 261.294 118 633.017 244.202 121 664.632 345.574 123 527.074 206.522 132 903.209 239.852 135 261.455 261.613 136 823.965 245.767 137 233.064 272.666 140 588.947 215.478 142 540.908 236.111 143 457.988 240.497 144 543.728 213.733 147 546.481 229.975 148 258.339 269.692 150 606.792 332.139 151 808.368 233.091 156 460.171 196.524 159 688.976 225.324 166 644.225 245.035 168 662.744 249.057 169 569.846 208.860 175 221.437 263.400 190 719.042 419.868 194 646.651 276.398 195 177.845 269.626 197 862.497 261.194 206 810.473 246.084 214 860.210 404.219 217 335.700 205.773 219 341.248 205.046 220 731.998 205.531 224 730.007 274.440 225 775.211 417.768 231 873.311 245.429 246 538.426 222.468 247 850.814 212.428 248 172.875 269.699 253 649.844 259.607 265 348.468 200.591 266 642.339 255.932 269 147.257 283.631 274
196 0.9469511786980214 0.10957510440391141 0.29479505497968506 -0.06612571654062373 -0.606245210266559 0.02127978740779876 0.22064338301223416 196 image_000196.jpg
 554.151 165.253 0 424.433 169.483 3 508.754 211.946 14 485.345 176.900 22 331.453 253.029 38 598.315 222.700 49 663.586 187.491 55 605.873 177.793 58 635.605 171.062 71 606.944 213.298 73 721.804 179.425 77 787.545 149.576 82 663.586 187.491 87 749.170 174.950 89 703.182 200.615 95 703.182 200.615 96 548.522 179.250 101 835.820 175.301 102 494.741 193.750 103 256.684 259.029 106 697.361 267.825 111 581.042 178.042 115 443.915 210.844 117 275.283 263.861 119 646.539 294.362 123 880.302 165.082 135 798.657 179.752 137 876.552 169.826 138 537.732 192.873 148 783.161 169.142 156 460.802 171.089 159 574.748 158.609 163 848.959 176.542 181 725.409 189.415 192 554.074 215.547 205 837.511 191.662 206 605.235 185.375 212 785.030 181.573 214 537.732 192.873 230 589.043 391.419 236 848.959 176.542 251
200 0.9950298590290162 0.0643391702201454 0.0751213737018833 -0.011525581544275503 -0.17433020977033353 -0.10728208970856067 -0.4868289559576996 200 image_000200.jpg
 604.287 97.166 0 648.611 364.179 11 691.654 117.788 13 534.063 149.250 14 946.347 438.247 18 221.109 180.306 38 957.670 410.282 57 683.641 225.125 60 683.725 168.872 73 790.678 169.603 74 993.898 450.330 75 900.208 163.122 90 786.184 407.066 93 598.003 213.861 97 466.593 144.767 104 81.805 177.555 105 664.632 369.566 107 429.111 137.272 117 563.724 169.081 118 694.572 150.482 121 745.218 281.454 122 745.218 281.454 123 660.945 153.052 125 691.535 138.799 134 935.084 159.137 137 639.156 366.488 146 667.000 261.350 151 123.867 175.419 190 679.708 131.714 212 48.792 173.256 242 511.431 168.009 255 51.656 184.305 260 100.919 184.480 264
172 0.9923727118417569 0.12241067287362653 -0.004962474386371642 0.013689818414560392 0.004927474712716669 0.0210152096387608 0.13416031441395335 172 image_000172.jpg
 564.334 247.904 0 571.991 241.461 4 710.555 291.940 10 612.955 264.091 13 732.365 444.275 18 505.644 246.282 22 459.113 265.673 28 671.828 353.458 30 575.234 404.875 32 334.390 255.520 33 322.606 255.233 35 805.557 329.547 43 691.776 397.335 44 653.775 402.908 45 603.293 298.076 49 213.570 308.243 50 607.200 351.325 62 607.200 351.325 63 636.637 293.747 78 680.438 343.888 100 585.783 262.006 115 465.765 268.918 117 745.014 457.373 120 612.910 282.275 121 663.823 396.824 124 596.011 346.519 151 706.511 397.704 152 238.546 286.290 153 630.867 351.751 154 736.925 452.997 155 636.602 371.384 157 486.565 238.534 159 465.828 247.125 161 576.809 243.180 162 584.454 246.203 163 651.482 270.481 166 728.171 353.729 171 625.993 298.245 172 727.475 344.020 173 694.155 354.954 183 650.986 294.843 184 635.198 307.075 187 623.337 306.488 195 686.936 344.222 207 385.137 238.069 220 456.613 252.177 241 276.784 261.623 244 543.762 261.532 247 513.052 271.030 254 513.229 289.675 255 494.000 245.330 256 647.812 272.272 259 620.076 290.995 269 301.619 320.175 271
204 0.9876525418876393 0.1527814169003855 -0.02599043191376766 0.0229083266791418 0.018957476977742225 0.015430130166087741 0.24879663591379853 204 image_000204.jpg
 542.601 176.940 0 590.329 221.393 1 236.625 145.163 2 551.488 170.458 4 512.021 181.729 6 559.281 193.141 7 695.212 226.743 10 562.231 342.144 11 510.983 172.594 21 481.178 174.904 22 292.153 182.026 26 653.056 290.898 30 551.891 343.961 32 298.430 181.253 33 260.807 180.437 34 286.321 181.195 35 690.881 200.041 36 320.349 188.978 37 163.849 228.745 42 623.092 183.654 46 624.333 195.938 48 582.917 231.624 49 169.668 236.238 50 251.594 180.240 52 743.972 204.416 53 629.769 212.263 55 605.174 213.775 56 584.287 260.694 60 584.287 260.694 61 584.942 288.632 62 584.942 288.632 63 591.882 189.244 65 690.881 200.041 66 525.162 223.251 67 609.579 195.946 71 711.977 200.854 72 587.522 225.472 73 647.399 228.547 74 609.964 183.006 76 675.984 215.036 77 617.658 227.217 78 633.393 195.704 81 605.174 213.775 83 646.414 194.780 86 629.769 212.263 87 695.271 215.446 89 210.615 205.274 105 204.257 205.110 106 236.815 170.410 110 633.881 336.944 112 603.009 339.364 113 243.200 157.852 114 564.952 192.745 115 232.850 214.401 119 592.695 214.832 121 646.732 241.976 126 733.538 183.659 127 690.845 211.494 129 607.111 218.902 130 779.545 224.819 135 782.248 228.268 139 251.619 215.218 140 560.514 189.119 142 457.584 202.035 144 557.108 343.568 146 224.776 186.268 149 277.630 214.249 150 574.495 282.881 151 197.439 212.497 153 610.981 288.571 154 716.071 215.291 156 616.543 308.572 157 461.823 165.955 159 439.353 174.816 161 633.539 203.014 166 602.751 215.783 168 789.268 229.491 170 711.510 292.119 171 446.153 164.370 180 646.126 172.017 182 632.453 228.549 184 616.279 240.484 187 239.150 206.083 190 728.844 209.759 191 561.788 346.717 193 670.980 291.062 196 197.501 208.777 197 690.844 189.482 202 753.439 238.981 206 793.335 289.360 208 235.507 158.271 209 251.567 187.703 211 691.126 223.519 213 749.674 342.598 217 347.089 163.230 219 353.546 163.341 220 741.600 178.124 222 677.612 179.045 223 337.131 156.888 227 465.197 178.855 228 245.649 186.363 229 205.903 186.942 232 732.121 176.900 233 237.209 151.759 234 236.231 178.179 238 292.840 165.206 239 235.978 166.258 240 429.224 180.165 241 236.951 185.935 244 488.910 220.897 255 468.821 173.163 256 629.733 204.673 259 224.915 211.188 263 358.423 159.497 266 556.674 167.852 270 193.316 186.823 272 205.550 196.066 273 277.117 197.167 275
176 0.991205575439039 0.13155265457257262 0.012442507619602505 0.00711341663961876 -0.015980687944318377 -0.011032727921149572 -0.138923984226291 176 image_000176.jpg
 615.642 104.215 0 169.339 70.732 2 431.762 77.364 3 570.238 112.126 6 640.421 127.216 7 640.421 127.216 8 649.837 345.634 11 692.089 128.849 13 554.028 151.941 14 683.516 189.505 16 327.335 91.388 19 336.261 91.239 20 568.025 98.743 21 523.912 102.667 22 247.725 120.746 26 689.951 182.698 29 784.323 267.922 30 634.526 348.604 32 257.404 119.656 33 238.840 120.138 35 836.511 133.990 36 290.551 128.900 37 736.078 114.009 46 676.531 182.829 49 70.665 203.504 50 189.226 120.256 52 915.334 140.008 53 191.691 141.110 54 683.816 132.162 58 688.142 118.482 65 836.511 133.990 66 546.207 114.368 70 714.775 130.194 71 867.846 135.153 72 683.523 173.368 73 770.019 128.350 86 844.222 155.756 89 863.370 173.335 90 863.370 173.335 91 611.116 214.529 97 120.742 157.418 106 662.927 351.052 107 711.492 340.269 113 648.692 126.014 115 162.479 169.704 119 691.383 157.620 121 730.973 274.691 123 664.140 162.311 125 712.890 163.660 130 570.281 107.484 132 969.476 168.502 135 228.902 156.471 136 892.272 170.279 137 489.437 142.663 144 624.443 180.619 145 642.468 347.863 146 224.982 167.396 150 875.000 155.494 156 494.415 89.409 159 468.378 99.131 160 623.624 128.204 164 543.332 151.689 167 984.025 175.384 170 871.002 253.298 173 618.678 111.707 175 471.250 88.408 180 819.616 269.650 183 545.165 112.269 186 171.562 157.173 190 649.364 352.238 193 110.904 163.307 197 188.805 130.178 211 327.335 91.388 219 336.261 91.239 220 500.476 108.900 228 180.215 128.773 229 447.118 110.737 241 536.789 169.520 255 658.466 123.353 257 469.623 130.828 258 703.337 171.191 269
146 0.9977237733440122 0.05949947356955274 0.03136835406752726 -0.004806878633228335 -0.07139739207008992 -0.06379265487600227 -0.25317037221628086 146 image_000146.jpg
 600.045 227.190 0 642.442 476.130 11 136.636 245.071 12 536.949 276.129 14 898.364 542.085 18 310.918 220.176 20 502.993 227.038 22 809.386 467.049 31 625.625 479.771 32 230.985 249.337 33 212.151 252.423 35 264.898 258.642 37 35.620 338.316 50 161.192 252.923 52 163.993 272.798 54 702.262 276.582 56 908.008 516.688 57 675.825 392.437 62 884.721 513.302 64 866.359 253.849 72 672.805 295.843 73 691.665 294.219 84 691.665 294.219 85 841.672 275.808 89 762.341 514.808 93 908.008 516.688 94 798.611 377.286 100 932.652 290.347 102 98.726 290.887 105 656.335 481.628 107 708.783 469.605 113 635.100 248.194 115 439.678 262.047 117 564.308 295.441 118 681.045 279.243 121 727.277 400.323 122 727.277 400.323 123 652.445 284.200 125 896.974 228.566 127 149.528 242.174 128 834.282 268.978 129 703.954 285.688 130 1013.781 392.764 131 552.355 230.998 132 827.543 242.924 133 679.166 268.365 134 976.008 286.094 135 199.496 287.909 136 893.855 289.392 137 973.108 291.152 138 982.384 291.728 139 158.868 301.692 140 674.361 374.636 141 627.634 243.538 142 571.306 265.225 143 467.709 267.494 144 610.525 303.772 145 633.962 479.038 146 574.019 239.202 147 577.450 259.048 148 121.541 261.734 149 195.846 298.579 150 657.550 382.938 151 848.583 466.887 152 77.677 301.767 153 716.345 390.511 154 909.909 556.962 155 873.692 274.967 156 727.883 424.927 157 736.737 517.119 158
148 0.962704570662247 0.12061450784075939 0.2401521511695003 -0.03128875962706132 -0.4770872838055862 0.03232820364813396 0.43630168671698033 148 image_000148.jpg
 581.143 203.749 0 588.422 194.059 4 361.608 211.245 20 502.264 209.097 22 271.665 241.116 34 693.871 201.978 46 182.649 312.569 50 261.407 259.237 54 664.777 242.987 56 640.808 224.082 58 670.520 218.310 71 765.091 235.577 77 680.245 260.042 78 724.134 212.023 86 794.295 233.199 89 744.382 257.718 96 578.485 217.766 101 513.133 228.860 103 514.687 205.536 108 699.115 408.144 112 611.168 220.646 115 452.160 242.392 117 648.062 246.058 121 604.980 216.553 142 561.001 231.966 148 620.349 337.887 151 605.178 199.031 163 658.754 246.019 168 948.020 240.733 170 696.439 181.951 174 584.986 210.001 175 303.850 230.584 188 307.959 264.113 189 248.738 273.182 190 848.013 221.094 191 599.473 424.290 193 731.847 428.450 194 661.313 279.305 195 758.466 341.896 196 207.866 279.387 197 259.907 276.645 198 606.697 247.006 199
213 0.9924851349897054 0.11500026314723787 0.041781775514523584 -0.0015733766084645565 -0.10910700398885195 0.04722848369433302 0.41156649934824274 213 image_000213.jpg
 572.258 159.707 0 584.332 149.389 4 606.619 406.681 11 509.610 210.731 14 850.562 468.999 18 279.742 154.017 19 289.408 153.576 20 476.682 161.162 22 155.978 170.164 24 201.097 184.767 25 201.097 184.767 26 540.063 182.736 27 649.984 237.466 29 750.286 323.740 30 767.525 397.922 31 590.736 410.089 32 156.703 184.671 34 806.582 182.944 36 222.701 231.330 38 615.241 241.298 40 782.921 393.638 44 636.095 238.082 49 27.699 270.533 50 143.239 185.686 52 672.392 209.452 56 642.621 324.438 62 642.621 324.438 63 648.211 174.280 65 806.582 182.944 66 501.156 171.597 70 676.338 182.657 71 676.118 162.584 76 782.928 206.735 77 714.967 181.312 81 853.882 183.395 82 662.055 226.211 84 662.055 226.211 85 735.350 178.527 86 812.534 206.538 89 764.183 308.275 100 489.991 184.922 103 85.538 223.832 105 76.715 224.074 106 618.744 412.625 107 122.999 171.330 110 718.636 395.545 112 131.792 153.432 114 942.938 182.566 116 534.742 229.144 118 692.144 331.596 122 692.144 331.596 123 674.214 217.967 130 979.850 322.443 131 525.093 163.831 132 801.990 171.265 133 950.889 214.374 135 183.215 221.637 136 866.856 218.854 137 958.048 219.716 139 640.931 307.795 141 600.688 176.319 142 543.878 199.114 143 441.804 203.021 144 598.165 409.979 146 546.778 171.570 147 547.480 191.579 148 180.157 232.332 150 624.577 315.728 151 682.016 322.749 154 857.096 481.893 155 848.932 204.606 156 695.202 445.305 158 446.425 149.539 159 413.517 164.325 161 716.007 191.614 166 665.580 213.200 168 672.934 237.181 172 843.294 306.402 173 516.172 242.402 178 372.309 116.405 179 922.095 223.397 181 499.264 170.167 186 205.607 172.465 188 126.200 223.119 190 784.677 218.745 192 754.052 418.361 194 669.029 250.091 195 205.169 197.379 203 908.336 237.790 206 121.041 184.418 210 143.157 195.988 211 507.777 235.816 215 630.036 237.464 216 279.742 154.017 219 289.408 153.576 220 254.404 160.861 221 763.951 249.301 225 134.204 195.465 229 547.480 191.579 230 818.845 415.368 231 121.827 145.736 234 488.002 124.165 235 120.826 181.937 237 120.826 181.937 238 398.954 172.961 241 42.470 237.990 249 104.881 231.154 263 672.092 230.579 265 296.155 147.483 266 161.832 284.966 271 61.078 198.856 272 76.482 210.940 273
214 0.9825294570074926 0.12487471880341686 0.13573643597938984 -0.02485532354244447 -0.3241768611910472 -0.011996710156136653 -0.1975511986326261 214 image_000214.jpg
 536.487 101.444 0 472.060 155.825 14 440.108 108.653 22 502.782 126.307 27 554.609 354.491 32 464.157 117.914 70 608.959 167.015 73 758.158 136.752 77 628.180 163.476 85 791.746 134.714 89 451.757 131.228 103 454.950 104.078 108 571.677 120.682 115 498.281 173.395 118 861.293 432.979 120 617.865 149.643 121 661.923 271.985 122 661.923 271.985 123 642.222 154.856 130 488.439 108.307 132 616.459 138.689 134 851.195 145.818 137 954.575 141.873 139 506.165 142.376 143 405.669 152.028 144 513.877 136.055 148 663.148 226.006 185 462.334 115.930 186 536.381 164.703 205 834.675 146.438 214 900.501 334.420 217 417.735 116.974 228 422.317 108.208 256
185 0.9642776195152323 0.06618842667393322 0.24901759034925028 -0.061465419373550594 -0.35097189652996225 0.02770254395381733 0.12504081501941372 185 image_000185.jpg
 732.483 312.192 0 739.910 302.747 4 685.864 355.313 14 694.285 313.128 21 659.238 320.893 22 476.412 357.909 25 813.533 342.105 56 817.027 320.895 71 760.013 324.997 115 797.564 346.164 121 834.014 438.609 123 754.112 322.256 142 635.100 314.394 159 755.980 306.657 163 735.891 317.724 175 764.361 508.162 193 643.311 327.791 228 403.518 374.273 232
157 0.9944187568911472 0.10211486123864826 0.023488523365996463 0.012336308399854197 0.028587231569443792 0.008567615864630123 0.07890229303230356 157 image_000157.jpg
 714.421 207.388 0 728.079 196.910 4 245.373 210.718 12 650.759 257.175 14 784.600 296.039 16 414.563 192.086 19 424.456 192.095 20 618.419 205.383 22 278.228 200.009 23 681.057 229.630 27 791.750 289.761 29 892.302 380.398 30 912.223 456.428 31 354.094 269.441 38 692.089 286.444 39 140.715 294.858 41 140.715 294.858 42 149.652 305.859 50 271.853 219.877 52 273.211 243.655 54 852.476 260.944 55 815.918 261.761 56 784.041 376.702 62 784.041 376.702 63 790.621 224.184 65 690.542 277.201 67 641.998 217.289 70 785.341 280.318 73 802.168 277.914 84 802.168 277.914 85 630.418 230.020 103 210.546 258.687 105 201.818 258.836 106 250.531 206.053 110 749.241 230.358 115 793.735 263.445 121 835.985 386.731 123 878.328 452.099 124 666.807 210.342 132 791.811 251.623 134 312.299 259.269 136 271.435 271.636 140 783.416 360.577 141 741.279 225.215 142 684.861 246.600 143 582.730 247.155 144 722.670 286.719 145 687.565 218.713 147 690.727 240.373 148 309.609 269.974 150 766.761 368.520 151 833.799 409.225 157 561.009 202.697 160 735.642 199.756 162 809.144 265.196 168 985.941 382.301 171 985.159 365.692 173 565.565 191.080 180 857.104 283.611 184 811.672 302.541 195 920.453 380.590 196 567.510 235.450 204 713.965 271.600 205 781.475 244.265 212 948.772 275.928 213 772.566 288.686 216 414.563 192.086 219 905.501 304.766 225 594.600 211.969 228 262.160 231.131 229 332.883 196.289 239 248.860 200.140 240 539.086 214.438 241 177.316 252.669 242 911.560 495.308 243 249.144 229.534 244 178.704 279.182 245
222 0.9742264684855675 0.19122416701273665 -0.11306936278955382 0.03913338324441938 -0.27058384576348743 0.004862637195446801 0.25750832785403555 222 image_000222.jpg
 154.120 118.028 0 29.091 92.548 3 161.681 112.147 4 301.165 167.712 10 112.960 145.907 14 133.139 130.179 27 42.796 129.583 28 269.937 267.651 31 241.370 270.457 45 215.679 152.983 56 298.947 171.312 59 218.719 136.662 71 317.742 145.287 72 312.541 169.096 90 270.698 169.537 95 270.698 169.537 96 269.729 215.885 100 131.735 120.076 109 211.292 266.409 113 175.983 132.643 115 327.974 321.778 120 203.573 153.811 121 225.071 226.699 123 379.661 168.975 135 381.984 171.965 139 173.356 129.605 142 135.407 140.520 143 68.617 137.284 144 184.979 214.757 151 321.273 158.085 156 71.357 104.037 159 166.211 113.889 162 64.132 134.629 165 211.337 154.860 168 389.195 173.015 170 315.676 217.427 173 350.435 136.415 177 20.263 77.712 179 359.891 171.835 181 254.786 117.061 182 333.151 153.837 191 172.336 272.475 193 392.477 226.299 208 196.337 142.323 212 345.515 125.759 222 76.916 115.897 228 101.868 91.020 235 38.837 116.232 241 133.139 130.179 247 100.377 137.957 254 55.250 128.728 258 239.217 146.125 259 184.974 136.661 268
159 0.9593142889935573 0.12031760545472472 0.2513128363033091 -0.04562472227240612 -0.4584590982687712 0.00694290092159517 -0.011269782649357463 159 image_000159.jpg
 634.222 155.659 0 550.362 173.238 5 593.115 168.735 6 518.533 202.349 9 868.014 189.639 10 579.051 206.106 14 551.702 166.499 22 360.049 209.442 33 344.693 211.671 35 241.347 289.135 50 729.847 165.008 71 696.883 210.893 73 833.518 175.820 77 741.438 207.583 78 787.249 155.083 86 886.945 187.560 90 886.945 187.560 91 272.352 251.197 106 768.119 360.072 112 664.272 170.242 115 296.116 257.554 119 705.630 194.806 121 743.580 302.694 122 743.580 302.694 123 338.553 241.836 136 659.322 167.459 142 523.919 158.810 159 659.635 148.494 163 569.351 207.213 167 718.115 193.912 168 637.973 162.075 175 722.424 228.053 195 859.283 136.787 202 511.948 197.329 204 633.330 211.639 205 532.732 175.158 228 260.599 256.770 253 562.981 198.220 254 562.650 223.815 255
179 0.9950489009378802 0.09747520774985058 0.00696585768803079 0.01810337070238572 -0.036742056743160036 0.0879308589542408 0.3273505166198683 179 image_000179.jpg
 610.176 355.591 1 579.762 488.717 11 345.672 295.383 19 351.030 295.399 20 251.924 314.993 34 279.438 315.546 35 301.192 351.510 38 148.352 367.753 42 154.296 376.407 50 561.628 427.545 68 577.238 427.933 69 631.952 326.371 71 607.911 359.926 73 641.313 361.076 78 659.850 326.013 81 621.034 359.325 84 234.522 291.826 114 614.346 347.668 121 233.632 306.859 128 182.288 350.363 153 345.672 295.383 219 351.030 295.399 220 325.792 300.169 221 583.464 481.305 226 178.254 346.383 253 178.254 346.383 260 281.840 349.918 261 290.133 349.971 262 628.757 361.717 265
158 0.9975159975358813 0.04370641715706821 -0.05286883502662738 0.0160147140294322 0.0729246145623588 -0.037094866258875946 0.003968078952610978 158 image_000158.jpg
 585.430 376.966 1 502.068 335.818 6 552.059 347.552 7 439.670 353.502 9 563.576 507.146 11 589.882 350.376 13 730.274 554.015 18 468.612 328.613 22 416.996 349.559 28 552.136 509.435 32 280.214 371.620 38 520.514 384.919 39 799.300 425.017 43 641.181 506.979 45 736.634 536.854 57 604.375 349.466 71 583.542 381.312 73 604.012 337.449 76 602.312 369.144 83 642.751 534.824 93 753.232 381.682 102 171.596 363.115 105 478.254 326.527 108 509.861 334.893 109 202.039 325.389 110 209.880 312.289 114 558.661 347.082 115 195.824 371.948 119 588.947 369.750 121 618.550 454.533 122 620.402 454.449 123 568.622 370.875 125 685.777 347.041 133 780.105 379.374 135 249.110 363.906 136 728.092 380.387 137 444.491 356.598 144 558.174 508.775 146 188.224 341.685 149 573.131 441.707 151 738.209 564.608 155 448.103 319.022 159 429.823 325.541 160 548.229 325.184 162 598.811 370.781 168 496.719 387.156 178 764.156 384.859 181 563.383 511.956 193 665.276 517.334 194 156.183 366.911 197 193.487 340.799 200 434.153 348.794 204 580.639 356.488 212 690.353 378.892 213 718.509 380.158 214 663.473 397.944 225 574.002 534.758 236 201.672 320.953 240 674.321 529.311 243 201.288 342.097 244 762.776 382.788 246 512.004 345.741 247 746.124 357.930 248 135.924 373.006 249 635.830 511.326 250 764.156 384.859 251 609.762 536.148 252
224 0.9040501734517999 0.044273918064417904 0.40063850279144875 -0.14220372286495245 -0.35402897032418773 0.1500536552864033 0.3985022128610931 224 image_000224.jpg
 901.946 409.394 3 1011.143 448.262 14 833.742 438.225 19 758.268 467.275 24 784.302 473.255 26 791.398 470.368 33 758.237 478.299 34 777.653 473.812 35 800.508 505.811 38 687.162 555.925 50 751.389 496.297 54 991.375 429.972 103 717.762 515.830 105 711.831 517.045 106 932.051 452.644 117 775.419 503.204 136 701.307 523.243 260 682.751 539.654 274
217 0.9786226297897909 0.18654604365779784 0.08658999590500677 0.0007061434265589264 -0.27379741998526924 0.021082369909183538 0.39222165809436743 217 image_000217.jpg
 368.263 67.826 3 471.195 73.742 4 479.005 91.167 7 479.005 91.167 8 394.888 100.045 9 480.645 208.680 11 432.277 106.182 14 495.915 106.845 15 320.365 76.646 20 415.193 80.140 22 449.270 91.356 27 564.025 204.333 31 472.919 210.544 32 298.241 97.750 37 287.438 117.552 38 538.340 104.298 55 517.209 105.961 56 502.386 93.803 58 499.292 144.213 60 499.292 144.213 61 451.762 116.315 67 501.385 116.047 73 549.930 115.978 74 576.294 104.339 77 525.694 115.924 78 540.573 90.136 81 551.096 89.050 86 538.340 104.298 87 591.385 103.451 89 538.473 227.636 93 512.538 139.577 98 564.401 157.541 100 422.180 92.572 103 401.138 103.369 104 538.763 203.229 112 383.867 99.532 117 446.166 116.352 118 506.974 107.053 121 491.194 108.693 125 550.939 126.911 126 518.466 110.013 130 441.599 81.711 132 267.989 112.417 136 480.021 88.004 142 397.839 101.897 144 476.418 210.499 146 230.566 99.285 149 520.900 165.326 154 525.766 228.806 158 399.738 73.914 159 386.265 79.913 160 394.888 100.045 165 425.921 106.495 167 513.578 107.435 168 362.405 56.509 179 284.213 109.059 189 240.696 113.282 190 557.078 215.362 194 514.866 127.069 195 250.053 116.775 198 484.591 106.677 199 233.282 97.608 200 278.222 99.829 203 390.934 96.590 204 464.937 112.599 205 237.752 93.324 210 500.800 97.524 212 431.292 119.549 215 320.365 76.646 220 303.307 80.429 221 453.185 96.644 230 218.242 100.445 232 206.388 124.694 245 535.389 211.510 250 513.201 228.680 252 422.556 100.568 254 422.208 115.914 255 517.149 116.842 265 324.078 73.425 266 189.724 126.431 274 265.953 105.557 275
232 0.9919211150932622 0.12540652580726203 0.017037109715046635 0.008685214900456012 -0.11141340202285405 0.02959805425841837 0.2722541477466891 232 image_000232.jpg
 528.441 212.208 4 536.583 232.515 7 436.365 240.707 9 481.890 248.920 14 765.102 312.418 17 346.024 211.415 20 263.226 219.583 24 290.712 229.448 25 290.712 229.448 26 500.678 232.153 27 417.529 236.870 28 637.854 366.065 31 530.221 372.244 32 663.039 235.507 36 317.202 235.747 37 303.869 258.977 38 176.255 274.791 41 176.255 274.791 42 599.420 233.704 48 559.109 267.374 49 181.249 280.956 50 254.277 230.063 52 604.567 248.764 55 581.315 250.094 56 561.667 295.591 60 561.667 295.591 61 562.165 320.037 62 562.165 320.037 63 663.039 235.507 66 649.411 249.671 77 593.099 262.358 78 597.162 269.625 79 607.767 233.758 81 620.027 231.970 86 666.683 249.988 89 679.330 261.228 90 606.998 263.034 92 636.654 311.678 100 469.543 232.946 103 217.711 252.755 105 471.981 215.749 108 241.869 220.562 110 628.062 309.958 111 608.463 364.888 112 578.591 367.193 113 247.530 209.334 114 744.657 236.883 116 423.156 240.391 117 568.617 251.443 121 592.613 325.016 122 592.613 325.016 123 569.048 245.576 134 749.711 256.549 135 753.698 259.756 139 537.376 228.973 142 502.791 242.164 143 440.212 243.391 144 505.717 237.816 148 230.663 235.292 149 551.636 315.049 151 205.537 259.223 153 592.361 339.678 157 443.490 210.581 159 533.030 213.839 162 525.916 233.301 164 591.772 255.551 169 759.598 260.486 170 581.742 266.998 172 684.276 311.191 173 523.079 222.962 175 717.840 224.436 177 397.821 189.667 179 650.142 322.301 183 606.998 263.034 184 591.506 297.820 185 293.231 222.312 188 244.356 252.590 190 700.142 243.627 191 579.369 274.995 195 644.637 320.824 196 205.785 256.408 197 541.447 250.326 199 482.162 226.883 201 431.629 236.586 204 723.795 270.084 206 765.255 316.961 208 240.136 210.247 209 240.657 228.637 210 480.608 264.422 215 555.665 266.868 216 397.751 183.988 218 346.024 211.415 220 652.315 216.306 223 636.976 226.601 224 248.681 235.438 229 505.717 237.816 230 215.130 236.387 232 702.604 213.013 233 240.386 227.048 237 240.386 227.048 238 414.016 224.353 241 241.369 234.575 244 500.678 232.153 247 190.113 261.068 249 548.288 230.320 257 603.868 241.373 259 229.861 257.377 264 581.426 263.132 265 350.617 207.875 266 616.770 219.336 267 212.460 244.534 273
147 0.9799534698828821 0.1490210389491813 -0.12491391517921346 0.043364266226963634 -0.2514966178688798 0.02846826488520189 0.33593670523955904 147 image_000147.jpg
 188.893 218.657 4 124.814 224.400 5 101.170 239.233 9 143.833 248.928 14 213.836 254.776 15 395.926 316.217 17 326.158 397.308 18 126.093 220.226 22 162.277 235.174 27 82.759 234.585 28 284.027 357.728 31 310.227 245.331 36 92.638 230.693 47 216.237 269.113 49 257.388 254.685 55 236.614 254.969 56 332.462 384.515 57 311.339 270.952 59 217.338 293.088 60 217.338 293.088 61 218.160 315.127 63 223.952 234.832 65 310.227 245.331 66 140.421 227.278 70 239.615 240.697 71 296.350 257.815 77 245.633 266.463 78 334.984 247.875 82 312.969 258.769 89 259.147 267.201 92 257.455 381.066 93 332.462 384.515 94 285.186 269.162 95 285.186 269.162 96 244.369 297.557 99 179.892 232.722 101 360.873 268.878 102 133.424 233.719 103 135.054 218.785 108 257.897 356.858 112 201.343 236.953 115 158.723 261.056 118 225.303 255.627 121 271.393 277.495 126 395.582 324.639 131 154.436 223.650 132 197.891 234.100 142 164.669 244.168 143 104.730 241.872 144 191.029 361.329 146 207.867 311.388 151 242.547 333.358 157 108.784 212.149 159 92.583 217.037 160 87.945 218.957 161 193.021 220.174 162 200.235 223.606 163 186.389 237.332 164 101.170 239.233 165 260.875 247.065 166 138.243 248.434 167 232.928 256.606 168 245.603 260.284 169 393.049 271.805 170 326.536 320.803 171 236.348 270.074 172 326.103 312.352 173 254.946 219.443 174 183.999 228.183 175 308.024 227.896 176 358.009 238.907 177 147.890 267.016 178 63.661 189.848 179 96.038 210.108 180 367.427 271.369 181 272.188 222.331 182 296.566 319.625 183 259.147 267.201 184 244.369 297.557 185 139.691 226.264 186 244.970 277.370 187
152 0.9817341161515466 0.18877552546901366 0.002581662081646773 0.02356410214961937 0.06140463692683932 -0.013260006490282625 0.2840535976997193 152 image_000152.jpg
 629.860 75.533 4 595.404 85.268 6 636.032 95.237 7 636.357 225.887 11 666.089 97.467 13 586.654 109.817 14 653.744 113.794 15 659.595 133.010 16 453.479 69.145 19 457.890 69.287 20 594.510 77.090 21 567.241 79.290 22 374.845 71.466 23 378.598 75.561 24 405.809 85.213 25 405.809 85.213 26 602.823 93.531 27 525.389 96.927 28 663.453 129.424 29 716.466 181.565 30 725.195 224.246 31 627.324 227.372 32 410.754 85.229 33 378.975 83.887 34 400.521 84.746 35 431.699 92.124 37 418.448 113.997 38 608.011 126.713 39 644.657 130.514 40 655.284 129.232 49 699.429 233.033 51 371.260 84.152 52 677.045 113.906 56 661.544 99.210 58 657.285 155.640 60 657.285 155.640 61 657.380 179.253 62 657.380 179.253 63 664.167 91.561 65 622.824 176.823 68 581.387 86.318 70 679.675 98.291 71 659.707 124.214 73 690.039 132.635 79 553.602 75.543 80 700.983 97.809 81 677.045 113.906 83 670.307 123.336 84 670.307 123.336 85 698.937 113.641 87 699.144 126.986 92 725.665 128.009 95 616.099 146.673 97 671.144 150.512 98 724.732 173.249 100 614.640 91.478 101 575.378 93.938 103 551.260 104.696 104 336.633 105.804 105 644.265 229.436 107 358.667 75.050 110 698.841 221.575 112 671.616 223.795 113 641.514 94.900 115 531.268 99.696 117 600.256 121.370 118 665.625 114.519 121 684.492 184.821 122 684.492 184.821 123 711.570 138.343 126 394.708 107.312 136 657.273 169.728 141 636.367 91.639 142 605.214 103.836 143 547.514 103.083 144 625.308 127.134 145 631.964 227.088 146 607.298 87.193 147 608.110 99.847 148 348.901 89.231 149 648.098 174.349 151 683.875 197.781 157 551.584 71.443 159 531.905 79.393 161 634.110 77.321 162 626.245 95.708 164 673.140 115.206 168 588.717 128.360 178 507.783 49.306 179 536.601 70.492 180 699.144 126.986 184 580.185 84.896 186 408.431 78.153 188 636.058 229.731 193 674.335 137.111 195 640.739 112.723 199 352.749 87.932 200 586.260 88.259 201 539.527 96.346 204 620.183 118.428 205 357.926 64.782 209 371.699 90.549 211 659.080 103.200 212 584.341 124.362 215 653.151 128.736 216 508.055 44.222 218 453.479 69.145 219 457.890 69.287 220 437.687 72.489 221 639.570 220.473 226 444.411 63.137 227 554.421 82.967 228 366.325 89.679 229 608.110 99.847 230 752.216 235.725 231 571.405 57.488 235 643.116 247.400 236 357.878 81.560 237 357.878 81.560 238
221 0.9895862569555548 0.10795282121285273 0.0945566970534208 -0.011146628855512833 -0.15840979220349324 -0.03393971729097544 0.1782350651638263 221 image_000221.jpg
 609.158 182.040 4 572.003 194.864 6 562.434 220.406 14 638.730 220.515 15 778.654 378.091 18 427.748 188.671 20 542.219 190.586 22 375.175 207.546 25 375.175 207.546 26 613.760 341.977 32 750.265 200.022 36 587.786 236.470 39 270.359 255.762 41 270.359 255.762 42 506.890 205.872 47 274.544 261.365 50 344.274 222.829 54 687.909 215.879 55 664.893 218.158 56 646.471 204.378 58 644.646 263.478 60 644.646 263.478 61 645.846 288.903 62 620.581 289.544 69 557.105 196.609 70 526.331 186.822 80 705.345 198.873 86 695.129 362.125 93 723.541 279.415 100 630.809 343.605 107 550.782 188.127 108 714.152 277.725 111 623.649 201.035 115 651.945 220.209 121 675.914 294.005 123 706.011 242.560 126 572.460 192.025 132 620.206 198.599 142 618.368 341.794 146 584.890 196.445 147 586.975 208.887 148 362.012 237.388 150 296.089 240.215 153 777.751 213.708 156 522.542 183.463 159 683.348 177.392 174 691.269 230.357 184 555.255 195.690 186 663.105 243.388 195 296.047 236.706 197 622.439 218.468 199 644.022 208.929 212 427.748 188.671 220 526.996 195.516 228 586.975 208.887 230 758.320 344.578 231 792.101 176.769 233 328.777 186.728 234 328.231 207.266 238 290.521 245.911 245 432.044 184.790 266 632.957 204.766 268 301.801 225.129 273
190 0.9956688997546413 0.08880375097311499 -0.00984563330743037 0.02569837760873129 -0.07574166111450142 0.08005366795348132 0.42348886356738363 190 image_000190.jpg
 445.963 366.986 5 471.255 368.256 6 507.124 376.512 7 507.124 376.512 8 462.332 388.764 14 523.047 392.006 15 690.346 446.514 17 626.633 525.511 18 447.605 363.031 22 281.954 359.252 24 587.518 487.659 31 499.728 490.951 32 609.163 381.944 36 325.487 373.756 37 557.710 370.266 46 418.651 373.538 47 525.004 405.426 49 212.219 408.433 50 563.960 495.987 51 274.944 367.468 52 562.233 391.427 55 621.502 511.266 64 532.195 373.685 65 609.163 381.944 66 598.225 393.047 77 564.555 378.855 81 537.564 399.451 84 537.564 399.451 85 574.513 377.564 86 612.568 393.331 89 632.361 513.411 94 488.765 373.253 101 243.379 385.326 105 239.312 385.384 106 477.265 367.351 109 539.323 487.697 113 269.620 350.352 114 674.743 384.480 116 550.274 453.408 122 550.274 453.408 123 608.813 390.625 129 690.612 455.038 131 471.544 365.610 132 607.648 375.976 133 676.745 402.617 138 479.901 383.881 143 427.687 383.971 144 254.913 371.483 149 292.758 392.045 150 517.818 444.335 151 233.551 390.645 153 551.398 510.554 158 432.720 356.318 159 413.687 364.137 161 625.339 452.050 171 558.973 358.486 174 605.057 364.495 176 465.335 405.008 178 422.211 355.156 180 564.664 402.791 184 307.353 362.436 188 312.684 384.295 189 639.067 388.974 191 233.548 388.467 197 421.952 377.519 204 493.035 396.424 205 591.794 443.846 207 522.224 405.040 216 346.631 354.456 219 600.371 365.600 223 587.100 413.694 225 339.388 349.267 227 435.229 366.262 228 612.104 498.037 231 641.366 364.175 233 264.752 346.044 234 227.527 395.645 245 308.142 391.226 262 543.309 402.365 265 572.250 367.440 267 518.175 379.054 268
219 0.9860033479130232 0.16484909145098028 -0.022551971872009517 0.010657551774548345 -0.08679144861542087 0.016287182430572186 0.2395043564465071 219 image_000219.jpg
 469.042 170.920 7 469.042 170.920 8 361.651 179.104 9 474.593 319.313 11 141.042 160.544 12 411.374 188.900 14 419.581 151.511 21 389.307 154.548 22 200.095 166.493 25 566.343 266.004 30 464.342 321.316 32 207.079 165.601 33 169.846 165.747 34 193.541 165.828 35 228.078 172.764 37 215.950 198.610 38 73.619 216.418 42 546.500 318.666 45 494.082 208.581 49 79.318 223.799 50 159.773 166.061 52 161.433 181.059 54 516.569 190.159 56 520.444 172.167 71 498.226 202.549 73 558.682 204.029 74 520.793 159.237 76 528.909 203.501 78 533.269 211.535 79 544.815 171.895 81 557.945 170.531 86 482.938 323.085 107 398.977 152.329 108 144.818 156.650 110 546.834 312.214 112 150.447 143.196 114 474.601 169.945 115 142.280 200.172 119 503.757 191.821 121 529.322 270.722 122 529.322 270.722 123 485.113 194.547 125 150.396 158.266 128 518.442 195.396 130 187.979 191.493 136 160.837 200.585 140 432.786 181.022 143 366.060 182.454 144 185.152 198.914 150 486.235 259.772 151 105.653 199.274 153 523.791 264.703 154 368.490 146.129 159 350.832 153.396 160 346.593 155.352 161 544.985 178.863 166 352.201 144.953 180 557.322 147.149 182 544.358 204.536 184 209.368 187.613 189 149.023 191.594 190 474.138 323.780 193 106.152 195.735 197 476.352 190.963 199 603.420 163.454 202 202.800 175.041 203 582.967 256.309 207 142.508 144.103 209 317.966 116.965 218 254.419 146.407 219 260.729 146.266 220 244.508 140.222 227 372.875 159.293 228 153.413 172.348 229 114.298 173.717 232 144.948 137.936 234 393.324 130.022 235 143.667 164.560 238 200.217 149.745 239 143.940 152.166 240 336.408 160.935 241 97.109 188.284 242 100.115 195.214 253 398.166 200.526 255 376.003 153.268 256 483.207 168.906 257 541.102 180.391 259 133.406 197.027 263 133.406 197.027 264 554.590 156.480 267 484.490 173.750 268 174.656 233.940 271 101.713 173.810 272 113.625 183.062 273
175 0.9733045936633348 0.10282905422196516 -0.10273175089116754 0.17762473415519864 0.13037555948860458 -0.05280517073721261 -0.4504586091649549 175 image_000175.jpg
 315.945 328.733 11 616.616 217.557 90 331.916 341.417 107 395.086 347.760 113 305.701 327.821 146 370.891 224.324 151 537.842 400.740 152 593.251 331.004 171 311.954 337.525 193 633.398 438.909 217 326.803 318.438 226 317.945 383.009 236 435.340 380.201 250
162 0.983957118891298 0.12662370923306743 0.1252104893272248 -0.010824105861746614 -0.386927476647271 0.013215676257297452 0.13575704252576104 162 image_000162.jpg
 411.531 255.845 14 266.776 221.436 19 270.872 221.188 20 191.661 242.955 34 228.595 272.542 38 541.766 222.019 46 111.691 298.775 50 501.386 237.543 58 524.262 234.808 71 500.261 267.362 73 531.575 266.909 78 549.668 251.354 87 550.192 267.530 92 582.820 266.296 96 514.728 296.839 98 452.144 232.290 101 171.415 234.961 110 176.844 223.232 114 349.236 248.446 117 531.377 336.928 123 565.583 280.576 126 180.947 275.571 140 368.896 215.909 159 347.102 225.925 161 550.192 267.530 184 169.246 223.917 209 615.590 258.881 213 647.227 258.204 214 266.776 221.436 219 270.872 221.188 220 584.186 279.580 225 169.326 231.509 240 678.438 231.536 248 120.144 279.177 249 130.751 272.911 253 130.751 272.911 260 213.019 271.741 261 220.188 271.478 262
220 0.9718488977556979 0.14684053329288244 0.18152059847294494 -0.031588709666973 -0.5007071990759905 0.057758596448768726 0.5463187251688216 220 image_000220.jpg
 380.400 202.097 14 456.389 199.184 15 253.553 173.524 20 360.100 171.773 22 184.977 187.051 24 206.714 194.752 25 206.714 194.752 26 541.122 317.323 31 200.957 195.125 35 177.287 210.108 54 508.499 193.896 55 481.781 196.837 56 463.833 182.458 58 461.286 244.668 60 461.286 244.668 61 486.423 178.052 71 462.683 210.253 73 524.250 207.417 74 553.556 190.864 77 492.735 208.685 78 522.439 174.098 86 508.499 193.896 87 537.820 190.681 88 573.980 189.093 89 508.959 208.923 92 477.453 237.876 98 492.120 246.436 99 416.306 178.456 101 532.892 257.335 111 442.149 180.079 115 469.553 198.668 121 494.066 275.305 123 524.742 219.763 126 390.563 171.934 132 568.671 166.321 133 196.717 218.290 136 175.638 227.411 140 436.906 176.986 142 401.391 194.092 143 405.242 188.993 148 156.797 204.519 149 451.449 266.702 151 135.553 229.617 153 340.840 165.717 159 321.269 176.062 161 429.853 161.711 162 437.765 164.375 163 491.895 201.490 169 492.916 221.076 187 167.961 220.505 190 556.251 198.873 192 480.537 222.883 195 175.960 224.011 198 442.331 200.321 199 381.145 179.363 201 419.078 208.055 205 163.218 179.621 209 570.713 198.061 213 253.553 173.524 220 241.790 168.232 227 348.373 176.591 228 170.170 204.132 229 405.242 188.993 230 163.633 195.259 238 368.387 214.564 255 328.506 192.493 258 203.328 222.923 261 450.660 183.195 268 132.836 207.477 272 112.586 237.400 274 193.612 210.107 275
182 0.9539455045009507 0.1470456365798754 -0.25207373117833326 0.06945781462255819 -0.11201791566447317 -0.00398014782829746 -0.030097242410975125 182 image_000182.jpg
 209.022 254.971 17 114.331 358.294 18 44.332 248.576 30 55.012 303.018 31 93.741 152.217 36 208.538 238.014 43 66.502 301.172 44 123.365 341.533 57 107.014 339.209 64 93.741 152.217 66 119.731 156.900 72 38.135 177.447 74 139.937 365.746 75 75.343 166.968 77 128.416 158.456 82 54.726 163.044 88 97.209 169.386 89 112.353 184.985 90 112.353 184.985 91 123.365 341.533 94 55.965 238.963 100 163.744 189.490 102 190.108 168.843 116 128.416 373.758 120 29.736 298.145 124 144.158 141.393 127 92.386 164.444 129 209.037 266.123 131 90.837 143.771 133 194.299 191.106 135 191.714 194.257 138 122.719 172.743 156 205.030 197.387 170 115.493 255.471 171 89.057 129.306 176 65.542 250.347 196 64.585 239.772 207 208.942 260.048 208 92.200 178.252 213 124.820 183.239 214 157.713 312.291 217 61.153 137.096 224 58.243 194.884 225 143.117 133.310 233 173.148 191.574 246
197 0.9788848741847268 0.1139800281832132 -0.16230497657207305 0.049498058466872046 -0.20974231388312825 0.009100200400478573 0.05358513973577713 197 image_000197.jpg
 226.236 452.056 18 160.253 348.600 30 78.360 343.017 62 78.360 343.017 63 206.167 253.864 66 82.901 274.650 73 187.916 268.942 77 155.119 245.895 86 168.067 266.232 88 299.455 262.746 116 239.552 466.984 120 116.299 351.460 123 246.236 282.466 137 64.504 336.553 151 233.924 271.980 156 315.622 289.903 170 206.660 243.172 202 264.124 234.792 222 254.279 232.809 233 281.657 288.395 251
181 0.9772099891353061 0.13158090344908355 0.16651166246128887 -0.0045783532190423444 -0.37544555424020165 0.01880562741655846 0.5631617600934478 181 image_000181.jpg
 658.161 421.061 18 389.005 258.947 20 349.056 273.858 25 349.056 273.858 26 615.878 383.368 31 526.134 387.671 32 345.020 273.648 35 356.647 296.473 38 268.423 309.185 41 268.423 309.185 42 589.993 387.190 45 589.738 263.995 46 270.591 314.698 50 323.373 273.987 52 324.012 284.742 54 593.309 286.117 55 572.980 287.457 56 576.174 272.837 71 604.605 296.684 74 576.910 262.589 76 596.274 272.303 81 606.726 270.754 86 646.314 285.686 89 617.853 297.932 95 319.352 258.658 114 562.069 288.678 121 662.401 429.799 155 607.924 252.675 182 677.455 279.147 191 532.601 389.543 193 287.248 295.459 197 489.643 300.131 215 294.854 280.095 232 681.691 252.212 233 615.072 402.967 243 530.766 254.090 270 268.577 303.397 274
129 0.9887478760621163 0.1454763484925431 0.03232930712846426 0.013002828518554898 -0.1359599882382032 0.03206843208929963 0.49298190925237156 129 image_000129.jpg
 482.820 252.153 22 456.997 262.800 28 596.151 262.581 36 529.881 281.371 40 563.471 338.925 45 559.985 255.449 46 462.742 260.002 47 563.912 342.508 51 626.859 263.806 53 549.018 271.452 56 612.081 353.290 57 537.764 295.614 60 537.764 295.614 61 541.574 258.389 65 596.151 262.581 66 506.787 276.745 67 516.921 309.711 68 524.259 309.742 69 490.555 256.281 70 551.281 261.218 71 608.482 263.020 72 538.520 277.313 73 571.334 278.309 74 620.046 364.980 75 551.316 254.264 76 587.370 271.007 77 555.398 277.785 78 558.363 282.124 79 473.447 250.181 80 564.824 261.096 81 612.712 263.127 82 549.018 271.452 83 546.188 277.218 84 546.188 277.218 85 572.480 260.773 86 563.491 270.711 87 578.726 270.222 88 597.865 270.489 89 604.633 277.090 90 604.633 277.090 91 563.625 279.081 92 563.547 351.924 93 612.081 353.290 94 579.740 278.433 95 579.740 278.433 96 512.360 291.532 97 546.423 292.626 98 554.704 297.753 99 580.168 306.054 100 511.907 259.000 101
198 0.9644188181475623 0.16568157272552975 0.20520489033423153 -0.01835535233456552 -0.2404474875351084 -0.018438093091612345 0.45997352292724825 198 image_000198.jpg
 384.208 96.015 22 284.422 103.580 24 405.583 102.258 27 443.088 119.989 29 466.404 178.393 45 245.708 137.625 50 451.673 109.731 56 453.601 100.114 71 440.955 117.145 73 451.673 109.731 83 447.540 115.786 84 447.540 115.786 85 511.710 112.498 90 511.710 112.498 91 466.976 116.027 92 484.341 115.420 96 415.779 99.534 101 276.057 98.638 114 424.225 98.715 142 407.726 98.814 147 408.554 105.719 148 349.681 83.028 179 475.841 85.236 182 493.458 148.988 183 466.976 116.027 184 450.427 124.412 195 256.668 123.953 197 279.352 123.222 198 316.464 93.475 227 276.739 112.123 229 408.554 105.719 230 260.782 113.597 232 430.247 191.523 236 423.665 88.389 270 285.258 141.096 271 259.320 118.237 273 244.277 130.323 274
199 0.952686776006706 0.1778274207182902 0.24495496799444155 -0.0276109170522818 -0.29277723302905195 -0.009100525932003611 0.45383095762793735 199 image_000199.jpg
 396.423 82.286 22 255.737 124.604 42 482.153 166.772 45 376.441 92.253 47 257.571 128.348 50 466.114 95.096 56 432.232 138.555 68 491.224 101.188 74 509.556 91.362 77 473.476 101.532 78 476.257 106.120 79 466.114 95.096 83 481.873 92.853 87 529.736 96.946 90 529.736 96.946 91 481.990 180.418 93 442.486 86.132 115 458.988 96.361 121 472.980 140.016 122 472.980 140.016 123 447.871 99.142 125 590.424 132.582 131 420.296 83.994 147 268.141 115.999 153 268.454 114.389 197 441.123 97.177 199 334.948 84.362 220 272.193 103.361 232 463.160 181.395 252
160 0.8939955744116433 0.22849076147730066 0.3849517700592084 -0.019391161235075855 0.07613273382118177 -0.05616637980822223 0.3659785327665689 160 image_000160.jpg

135 0.9881960790670825 0.13617013940335146 0.0695318806324444 -0.009566629100418694 -0.17424283689190334 -0.033407132215471536 -0.3515131935675109 135 image_000135.jpg

231 0.9958514049651317 0.08921192241143462 -0.01732949407579998 0.00457244931433225 0.023982394266329678 -0.06019539055402229 -0.3644419488253797 231 image_000231.jpg

206 0.9872514236828258 0.13938347221448616 0.07682056360031486 -0.002343024982373106 -0.1681147880049768 0.23732676304745692 1.502282308581645 206 image_000206.jpg

188 0.9914425057950524 0.12440968612886631 0.03953616658771302 0.0009391180925339172 -0.10537679746620507 -0.009665798366391337 0.5799538490478466 188 image_000188.jpg

223 0.9677130086530592 0.09657819429799641 0.2271917646594606 -0.05087328862935321 -0.5000222769100549 -0.014303397650777205 -0.04789147039399913 223 image_000223.jpg

