# Camera list with one line of data per camera:
#   CAMERA_ID, MODEL, WIDTH, HEIGHT, PARAMS[]
# Number of cameras: 77
7 RADIAL 1030 760 1023.6304955239433 515.0 380.0 -0.037293561154795395 0.15627656719094196
46 RADIAL 760 1015 1014.5194361262301 380.0 507.5 -0.00705710563143209 0.01909208874879919
212 RADIAL 696 1078 852.0438126724229 348.0 539.0 -0.02489214052482777 0.13133289141318497
116 RADIAL 760 1014 1064.0980937238255 380.0 507.0 -0.02818449961791249 0.12675557272921853
117 RADIAL 760 1027 1114.5375583026928 380.0 513.5 0.09272412762376465 -0.2656392213700768
23 RADIAL 1027 760 1121.2534297321536 513.5 380.0 -0.0462004211886711 0.19844587000154054
24 RADIAL 1027 683 794.1025612656223 513.5 341.5 -0.03785609117795526 0.0981787456580976
216 RADIAL 1029 760 1018.9669066538631 514.5 380.0 -0.019946691865931603 0.02066351015016145
72 RADIAL 1049 689 1117.6611260581678 524.5 344.5 -0.029492316565655177 0.08872705333543053
30 RADIAL 1018 760 1036.5334282084432 509.0 380.0 0.1875335076992394 -0.583174390998982
31 RADIAL 814 605 836.4109927788519 407.0 302.5 -0.06746418308227281 0.18380159077434835
228 RADIAL 1028 760 1109.408067399124 514.0 380.0 -0.010427177149366277 0.04289546501417555
173 RADIAL 760 1028 1073.4454830426403 380.0 514.0 0.006693315269574176 -0.008203785827640912
180 RADIAL 1025 760 1111.14192689705 512.5 380.0 -0.002370500372883441 0.05762856841982157
149 RADIAL 719 1052 1003.2865465047319 359.5 526.0 -0.04242053709956609 0.11066247307485229
154 RADIAL 1030 760 1094.8237850979356 515.0 380.0 -0.005202603028371716 0.028972983318905923
161 RADIAL 1025 760 1032.6639069234307 512.5 380.0 0.011845430198900634 -0.05799119252920599
193 RADIAL 1047 689 1324.8690281814208 523.5 344.5 -0.012019830416877823 0.0771374438811739
151 RADIAL 760 1028 1032.6971825579806 380.0 514.0 -0.023698636342046178 0.07413287912250904
94 RADIAL 760 1019 1258.081222633633 380.0 509.5 -0.032737306103846 0.1140153570317875
167 RADIAL 1023 760 1045.0482428832472 511.5 380.0 -0.07087823000603591 0.1924085589492491
8 RADIAL 1015 760 815.1682590234658 507.5 380.0 0.02424708692821786 -0.04838318193735235
218 RADIAL 760 1033 1057.5597933789227 380.0 516.5 -0.026289332151197813 0.12815157495211163
171 RADIAL 1075 694 799.5144648589147 537.5 347.0 -0.06819692763087482 0.16189122625321278
45 RADIAL 696 1074 841.6848713403393 348.0 537.0 -0.011198356645659891 0.03408112539522628
18 RADIAL 760 1018 974.9576241290606 380.0 509.0 0.09554807673586224 -0.2893132927672703
58 RADIAL 1013 760 1060.8893305997367 506.5 380.0 -0.00016389946728986878 0.025721494647421426
132 RADIAL 760 879 889.9723099657741 380.0 439.5 -0.05313979194176494 -0.03853958835052244
205 RADIAL 760 1024 1043.991125130522 380.0 512.0 -0.016059995503603052 0.061593416813061436
144 RADIAL 760 1037 805.7213870831725 380.0 518.5 -0.0451437031573039 0.16646997892996684
145 RADIAL 1022 760 1151.5659486216587 511.0 380.0 0.021803035979076183 -0.08451933435493174
125 RADIAL 1014 760 1040.0145715854371 507.0 380.0 0.041050104876232646 -0.1519139140010029
86 RADIAL 1023 760 1041.9845182817915 511.5 380.0 -0.0775162506451461 0.22037888679775974
57 RADIAL 1016 760 818.8411176115028 508.0 380.0 0.0028390580597773274 -6.336333528069493e-05
189 RADIAL 1032 684 739.7653551053448 516.0 342.0 -0.026168136085270355 0.04959371470663882
37 RADIAL 760 1027 1064.594889715314 380.0 513.5 -0.0297972989562555 0.1256087245217348
90 RADIAL 760 1039 1020.5264169499584 380.0 519.5 -0.028098613926441758 0.0359229139139939
106 RADIAL 1022 760 1102.4712986228794 511.0 380.0 -0.036987223030657275 0.11341976509419073
140 RADIAL 1047 688 1338.2694857326396 523.5 344.0 -0.03079791163743888 0.13446697970681187
177 RADIAL 1030 760 1063.3716563971857 515.0 380.0 -0.027439111710131057 0.09726217241268871
150 RADIAL 1034 760 1071.0673689715072 517.0 380.0 -0.03542262540354085 0.09535763250558207
183 RADIAL 760 1022 1141.8526775165456 380.0 511.0 0.01043337886785489 -0.057789219511686
122 RADIAL 760 1029 794.3360060114621 380.0 514.5 -0.06620326313472766 0.12734565379283141
166 RADIAL 756 1009 1066.3648338419148 378.0 504.5 0.07804917826991493 -0.3261914534453931
55 RADIAL 1046 688 847.7970977405638 523.0 344.0 -0.018900403613803282 0.03586000811811964
210 RADIAL 760 1022 847.5350281391087 380.0 511.0 -0.021666304324909444 0.041121564097617996
226 RADIAL 689 1047 1123.1352290698449 344.5 523.5 -0.016446869616417756 0.05093947139038011
99 RADIAL 1013 571 1111.3743785809004 506.5 285.5 0.15122070343625385 -0.5954220681465364
233 RADIAL 1026 760 1067.2111594002647 513.0 380.0 -0.06380630827095961 0.18873327175275365
131 RADIAL 606 816 861.770396828704 303.0 408.0 -0.019550261993859747 0.08341600308231617
139 RADIAL 1015 760 869.6096628901109 507.5 380.0 0.1298977205758522 -0.4119529541119283
34 RADIAL 607 819 838.1949362031016 303.5 409.5 -0.03985731874809887 0.16248546146272033
211 RADIAL 756 1012 983.2558350210392 378.0 506.0 0.07122543280443298 -0.29005619356248147
186 RADIAL 689 1047 918.6905727061493 344.5 523.5 -0.013548374744057162 0.02868420408411098
215 RADIAL 644 1094 1048.8592732278883 322.0 547.0 -0.23057673928233094 0.6865105978594582
102 RADIAL 1013 674 766.6785915482128 506.5 337.0 -0.04086088565468195 0.07531542775339616
178 RADIAL 610 822 709.7946085433462 305.0 411.0 -0.023230203385556425 0.08022567243919347
225 RADIAL 760 760 720.8914977282037 380.0 380.0 0.26037737574762837 -0.7904719528713757
119 RADIAL 760 1029 795.1516994474398 380.0 514.5 -0.013144601380489306 0.022948334173290463
68 RADIAL 521 382 622.8578154210547 260.5 191.0 -0.04683738017720826 0.19010931546968998
143 RADIAL 760 1027 895.7115556312801 380.0 513.5 0.0019201996168701654 -0.0475590765672442
121 RADIAL 1020 680 812.7285566948499 510.0 340.0 -0.018596884451669557 0.023736175120683864
191 RADIAL 1065 696 808.2357278468724 532.5 348.0 -0.07908727976032424 0.14669291755945935
153 RADIAL 1025 760 1091.0669763284636 512.5 380.0 -0.04510562540572527 0.09030592864557015
51 RADIAL 815 605 876.8692688739934 407.5 302.5 -0.01648386271996846 0.057211240227412356
137 RADIAL 692 1068 795.5691924467344 346.0 534.0 0.008939248647699776 -0.07232265556395384
59 RADIAL 695 1061 801.1007882847779 347.5 530.5 0.002980886116006306 0.021831941718314977
202 RADIAL 760 1015 851.5159729358833 380.0 507.5 0.028049145010539452 -0.044539030600136406
115 RADIAL 857 760 632.8947209658003 428.49999999999994 380.0 -0.26947796913610855 0.4757608948037636
174 RADIAL 760 1024 1027.0773049488967 380.0 512.0 -0.03735745325131137 0.16476485557143367
133 RADIAL 374 501 426.86910831464706 187.0 250.5 -0.003191138562763559 0.03222747127880967
168 RADIAL 513 380 550.4233835326896 256.5 190.0 0.00976742685262392 -0.04611929772451172
48 RADIAL 818 606 825.9568335425694 409.0 303.0 0.0009287077497903744 0.022067871100504913
74 RADIAL 1057 580 1065.1480259265352 528.5 290.0 -0.0012799491828389203 -2.4316753632748576e-05
78 RADIAL 1013 757 861.1116660223904 506.5 378.5 0.11518986476483864 -0.31659807775852034
80 RADIAL 944 760 996.9313410578067 472.0 380.0 0.07400069134252887 0.005720348114529079
79 RADIAL 1029 760 1150.7646156649514 514.5 380.0 -0.001166695041239233 0.05651895948246685
