# 3D point list with one line of data per point:
#   POINT3D_ID, X, Y, Z, R, G, B, ERROR, TRACK[] as (IMAGE_ID, POINT2D_IDX)
# Number of points: 282, mean track length: 18.17
0 0.14690719544887543 -0.27205148339271545 0.7080078721046448 87 94 98 4.59 19 0 20 0 21 0 22 0 23 0 24 0 26 0 28 0 36 0 37 0 38 0 39 0 40 0 41 0 42 0 43 0 46 0 47 0 48 0 49 0 
1 0.1949433833360672 0.10899196565151215 0.6467813849449158 120 120 119 2.35 19 1 20 1 21 1 22 1 23 1 24 1 25 0 26 1 27 0 28 1 35 0 36 1 37 1 38 1 39 1 40 1 41 1 42 1 43 1 46 1 47 1 48 1 49 1 
2 0.17977754771709442 -0.2837558686733246 0.7384809255599976 66 75 79 3.53 19 2 20 2 21 2 22 2 23 2 26 2 36 2 37 2 38 2 39 2 40 2 41 2 42 2 43 2 46 2 47 2 48 2 
3 0.41786932945251465 -0.0948265865445137 0.9269912838935852 39 31 28 3.96 19 3 20 3 21 3 22 3 23 3 24 2 25 1 26 3 27 1 28 2 35 1 36 3 37 3 38 3 39 3 40 3 41 3 42 3 43 3 46 3 47 3 48 3 49 2 
4 0.20261387526988983 0.1908077746629715 0.8422569632530212 21 17 17 2.62 19 4 20 4 22 4 23 4 24 3 25 2 26 4 27 2 28 3 35 2 36 4 37 4 38 4 39 4 40 4 41 4 43 4 46 4 47 4 48 4 49 3 
5 -0.11795485019683838 0.16388553380966187 0.3877665102481842 48 60 44 5.72 19 5 20 5 21 4 22 5 23 5 24 4 26 5 36 5 40 5 41 5 47 5 
6 -0.32458144426345825 -0.15010511875152588 0.5537663698196411 119 125 124 2.7 19 6 20 6 21 5 22 6 23 6 24 5 26 6 28 4 38 5 39 5 40 6 41 6 42 4 48 5 49 4 98 0 99 0 
7 -0.29754242300987244 0.11695749312639236 0.4869145154953003 92 73 68 4.42 19 7 20 7 21 6 22 7 24 6 26 7 28 5 36 6 38 6 39 6 40 7 41 7 46 5 48 6 49 5 99 1 
8 -0.022965023294091225 0.16281212866306305 0.4150314927101135 17 24 18 4.28 19 8 20 8 21 7 22 8 23 7 24 7 26 8 28 6 36 7 40 8 41 8 46 6 47 6 48 7 
9 0.4482146203517914 -0.18476061522960663 0.9156298637390137 77 84 91 6.57 19 9 20 9 21 8 22 9 23 8 24 8 25 3 35 3 37 5 38 7 39 7 40 9 41 9 42 5 43 5 46 7 47 7 48 8 49 6 
10 -0.11132314801216125 0.09861154854297638 0.6493963003158569 118 124 132 2.15 19 10 20 10 21 9 22 10 23 9 24 9 25 4 26 9 27 3 36 8 37 6 38 8 40 10 41 10 42 6 47 8 48 9 49 7 
11 -0.04881739988923073 0.12877671420574188 0.4526348412036896 49 50 35 3.6 19 11 20 11 21 10 22 11 23 10 24 10 26 10 28 7 36 9 40 11 41 11 42 7 43 6 46 8 47 9 48 10 
12 -0.21498911082744598 0.10417302697896957 0.5717127919197083 40 31 29 3.91 19 12 20 12 21 11 22 12 23 11 24 11 25 5 26 11 28 8 36 10 38 9 39 8 40 12 42 8 43 7 48 11 49 8 
13 -0.2538549304008484 -0.04214286431670189 0.5632862448692322 91 84 85 4.18 19 13 20 13 21 12 22 13 23 12 24 12 26 12 28 9 36 11 38 10 39 9 40 13 41 12 43 8 48 12 49 9 
14 -0.15454433858394623 -0.11643664538860321 0.657707154750824 124 116 104 4.06 19 14 20 14 21 13 22 14 23 13 24 13 25 6 26 13 27 4 28 10 36 12 37 7 38 11 39 10 41 13 42 9 43 9 47 10 48 13 49 10 
15 0.3968104124069214 0.10256654769182205 1.0034829378128052 79 77 79 3.81 19 15 20 15 21 14 22 15 23 14 24 14 25 7 26 14 27 5 28 11 35 4 36 13 37 8 38 12 39 11 40 14 41 14 42 10 43 10 46 9 47 11 48 14 49 11 
16 -0.09634819626808167 0.12345968931913376 0.657463014125824 114 122 128 2.74 19 16 20 16 21 15 22 16 23 15 24 15 25 8 26 15 28 12 36 14 37 9 38 13 39 12 40 15 41 15 42 11 47 12 48 15 49 12 
17 0.08804444223642349 0.15209153294563293 0.5397274494171143 74 71 74 3.35 19 17 20 17 21 16 22 17 23 16 24 16 25 9 26 16 27 6 28 13 36 15 38 14 39 13 40 16 41 16 42 12 43 11 46 10 47 13 48 16 
18 -0.12166167050600052 0.15314657986164093 0.6027127504348755 82 78 68 2.44 19 18 20 18 21 17 24 17 25 10 26 17 28 14 36 16 38 15 39 14 42 13 48 17 49 13 
19 0.09295818954706192 -0.14198294281959534 0.633970320224762 67 56 53 1.59 19 19 20 19 21 18 22 18 23 17 24 18 25 11 26 18 27 7 28 15 38 16 39 15 40 17 41 17 42 14 43 12 46 11 47 14 48 18 49 14 
20 -0.12390290945768356 0.024674024432897568 0.6402279138565063 25 23 23 2.27 19 20 20 20 21 19 22 19 23 18 24 19 25 12 26 19 27 8 28 16 36 17 38 17 39 16 41 18 42 15 43 13 48 19 49 15 
21 -0.2998722195625305 0.13648094236850739 0.4798668324947357 111 100 93 3.63 19 21 20 21 21 20 22 20 24 20 26 20 28 17 36 18 38 18 40 18 41 19 48 20 49 16 98 1 99 2 
22 -0.05009973421692848 0.1572754681110382 0.6470521092414856 38 39 37 5.36 19 22 20 22 21 21 22 21 23 19 24 21 26 21 27 9 28 18 36 19 37 10 38 19 39 17 40 19 41 20 42 16 47 15 48 21 49 17 
23 0.019881851971149445 -0.07500403374433517 0.7972699999809265 34 31 28 2.01 19 23 20 23 22 22 23 20 24 22 25 13 26 22 27 10 28 19 36 20 37 11 38 20 39 18 40 20 42 17 43 14 46 12 47 16 48 22 49 18 
24 0.12775801122188568 -0.26482728123664856 0.6891997456550598 86 94 97 4.65 19 24 20 24 21 22 22 23 23 21 24 23 25 14 26 23 28 20 36 21 37 12 38 21 39 19 40 21 41 21 42 18 43 15 46 13 47 17 48 23 49 19 
25 0.15482328832149506 -0.2292087972164154 0.6909423470497131 63 76 87 2.38 19 25 20 25 21 23 22 24 23 22 24 24 25 15 26 24 28 21 36 22 37 13 38 22 39 20 40 22 41 22 42 19 43 16 46 14 47 18 48 24 49 20 
26 -0.1403171271085739 -0.083904929459095 0.6591974496841431 126 97 80 2.6 19 26 20 26 21 24 22 25 23 23 24 25 25 16 26 25 27 11 28 22 36 23 37 14 38 23 39 21 41 23 42 20 43 17 47 19 48 25 49 21 
27 0.06237204745411873 0.18576937913894653 0.4512578547000885 81 71 76 3.66 19 27 20 27 21 25 22 26 23 24 24 26 25 17 26 26 28 23 36 24 40 23 41 24 43 18 47 20 
28 -0.1994127780199051 -0.2048623263835907 0.6498727798461914 63 50 43 2.4 19 28 20 28 21 26 22 27 23 25 24 27 25 18 26 27 28 24 38 24 39 22 40 24 43 19 48 26 
29 -0.3234333097934723 -0.22456280887126923 0.5678957104682922 45 40 37 3.07 19 29 20 29 21 27 22 28 23 26 24 28 26 28 28 25 38 25 39 23 40 25 41 25 42 21 48 27 98 2 99 3 
30 0.05461199954152107 0.05028863623738289 0.7593721747398376 46 36 34 6.68 19 30 21 28 22 29 23 27 24 29 25 19 26 29 27 12 28 26 35 5 36 25 37 15 38 26 39 24 40 26 41 26 42 22 43 20 46 15 47 21 48 28 49 22 
31 0.34571781754493713 0.053619712591171265 0.7765199542045593 96 98 107 2.36 19 31 20 30 21 29 22 30 23 28 24 30 25 20 26 30 27 13 28 27 35 6 36 26 37 16 38 27 39 25 40 27 41 27 42 23 43 21 46 16 47 22 48 29 49 23 
32 0.47253739833831787 -0.1557054966688156 0.9388154745101929 138 153 170 3.31 19 32 20 31 21 30 22 31 23 29 24 31 25 21 27 14 28 28 35 7 36 27 37 17 38 28 39 26 40 28 41 28 42 24 43 22 46 17 47 23 48 30 49 24 
33 -0.17992717027664185 0.14356866478919983 0.3739562928676605 35 32 32 5.18 19 33 20 32 21 31 22 32 36 28 40 29 
34 0.04956803470849991 -0.24234630167484283 0.6173418760299683 131 142 151 2.02 19 34 20 33 21 32 22 33 23 30 24 32 25 22 26 31 28 29 36 29 38 29 39 27 40 30 41 29 42 25 43 23 46 18 47 24 48 31 49 25 
35 0.236882284283638 0.20020687580108643 0.528853714466095 20 19 23 4.34 19 35 20 34 21 33 22 34 23 31 24 33 25 23 26 32 27 15 28 30 36 30 41 30 43 24 47 25 
36 -0.29871344566345215 -0.2093064934015274 0.5777873992919922 101 93 88 2.82 19 36 20 35 21 34 22 35 23 32 24 34 26 33 28 31 38 30 39 28 40 31 41 31 42 26 48 32 98 3 99 4 
37 -0.0573023185133934 0.007548484485596418 0.6910502314567566 40 35 35 2.21 19 37 20 36 21 35 22 36 23 33 24 35 27 16 28 32 35 8 36 31 37 18 38 31 39 29 40 32 41 32 42 27 47 26 48 33 49 26 
38 -0.12682271003723145 -0.057062603533267975 0.664878785610199 65 65 63 2.3 19 38 20 37 21 36 22 37 23 34 24 36 25 24 26 34 27 17 28 33 36 32 37 19 38 32 39 30 41 33 42 28 43 25 47 27 48 34 49 27 
39 0.022465748712420464 0.14074932038784027 0.7385378479957581 79 85 90 2.64 19 39 20 38 22 38 23 35 24 37 25 25 26 35 27 18 28 34 35 9 36 33 37 20 38 33 39 31 40 33 42 29 43 26 46 19 47 28 48 35 49 28 
40 0.47704821825027466 0.048879291862249374 0.884677529335022 95 100 89 4.38 19 40 20 39 21 37 22 39 23 36 24 38 25 26 26 36 27 19 28 35 35 10 36 34 37 21 38 34 39 32 40 34 41 34 42 30 43 27 46 20 47 29 48 36 49 29 
41 0.1285824030637741 0.18913786113262177 0.5225528478622437 63 62 69 4.07 19 41 20 40 21 38 22 40 23 37 24 39 25 27 26 37 27 20 28 36 36 35 38 35 39 33 40 35 41 35 42 31 43 28 46 21 47 30 
42 -0.1407158225774765 0.16032691299915314 0.3975502848625183 54 45 48 3.48 19 42 20 41 21 39 22 41 24 40 26 38 40 36 43 29 
43 -0.06323529779911041 -0.18783260881900787 0.7383557558059692 24 21 20 2.26 19 43 20 42 21 40 22 42 23 38 24 41 37 22 38 36 40 37 41 36 47 31 48 37 49 30 
44 -0.13398678600788116 -0.1491616666316986 0.6827141046524048 118 108 99 2.93 19 44 20 43 21 41 22 43 23 39 24 42 25 28 26 39 27 21 28 37 36 36 38 37 39 34 41 37 42 32 47 32 48 38 49 31 
45 0.4459652304649353 -0.017856799066066742 0.9215196371078491 76 77 77 5.62 19 45 20 44 21 42 22 44 23 40 24 43 25 29 26 40 27 22 28 38 35 11 36 37 37 23 38 38 39 35 40 38 41 38 42 33 43 30 46 22 47 33 48 39 49 32 
46 0.0905805230140686 0.1945645809173584 0.48902416229248047 88 80 82 4.35 19 46 20 45 21 43 22 45 23 41 24 44 25 30 26 41 28 39 36 38 38 39 40 39 41 39 42 34 43 31 47 34 
47 0.020727675408124924 0.11779139935970306 0.4685978293418884 35 45 32 2.83 19 47 20 46 21 44 22 46 23 42 24 45 25 31 26 42 28 40 36 39 40 40 41 40 42 35 43 32 46 23 47 35 48 40 
48 0.043304312974214554 -0.02603250741958618 0.7824611663818359 71 72 73 4.36 19 48 21 45 22 47 23 43 24 46 25 32 26 43 27 23 28 41 35 12 36 40 37 24 38 40 39 36 41 41 42 36 43 33 46 24 47 36 48 41 49 33 
49 -0.16479556262493134 -0.08513329923152924 0.6409735679626465 56 49 47 3.88 19 49 20 47 21 46 22 48 23 44 24 47 25 33 26 44 28 42 36 41 38 41 39 37 41 42 42 37 43 34 47 37 48 42 49 34 
50 0.46238675713539124 -0.08290081471204758 0.9086930155754089 68 68 73 1.75 19 50 20 48 21 47 22 49 23 45 24 48 25 34 26 45 27 24 28 43 35 13 36 42 37 25 38 42 39 38 40 41 41 43 42 38 43 35 46 25 47 38 48 43 49 35 
51 0.45730268955230713 -0.22661460936069489 0.6832634806632996 90 95 96 8.33 19 51 20 49 21 48 22 50 
52 0.536767840385437 0.06623237580060959 1.1418111324310303 96 90 93 6.59 19 52 20 50 21 49 22 51 23 46 24 49 25 35 26 46 27 25 28 44 35 14 36 43 37 26 38 43 39 39 40 42 41 44 42 39 43 36 46 26 47 39 48 44 49 36 
53 0.07063189148902893 -0.14460140466690063 0.6225962042808533 54 48 46 1.68 19 53 20 51 21 50 22 52 23 47 24 50 25 36 26 47 27 26 28 45 38 44 39 40 40 43 41 45 42 40 43 37 46 27 47 40 48 45 49 37 
54 -0.06307989358901978 0.16963635385036469 0.43862366676330566 68 80 46 4.63 19 54 20 52 21 51 22 53 23 48 24 51 26 48 28 46 40 44 41 46 43 38 47 41 
55 0.35800260305404663 -0.12236704677343369 0.8351515531539917 138 156 166 2.24 19 55 20 53 21 52 22 54 23 49 24 52 25 37 26 49 35 15 36 44 37 27 38 45 39 41 40 45 41 47 42 41 43 39 46 28 47 42 48 46 49 38 
56 0.05838684365153313 0.17087924480438232 0.5028560161590576 89 80 78 3.25 19 56 20 54 21 53 22 55 23 50 24 53 25 38 26 50 28 47 36 45 38 46 39 42 40 46 41 48 42 42 43 40 46 29 47 43 
57 -0.30096837878227234 0.030811654403805733 0.5086484551429749 122 111 105 5.5 19 57 20 55 21 54 22 56 24 54 26 51 28 48 36 46 38 47 40 47 41 49 42 43 43 41 48 47 49 39 98 4 99 5 
58 0.1995343714952469 0.07441320270299911 0.8693292140960693 41 30 27 1.28 19 58 20 56 22 57 23 51 24 55 25 39 26 52 27 27 28 49 35 16 36 47 37 28 38 48 39 43 40 48 41 50 43 42 46 30 47 44 48 48 49 40 
59 -0.30546873807907104 -0.057092711329460144 0.5286226868629456 131 120 113 4.79 19 59 20 57 21 55 22 58 23 52 24 56 26 53 28 50 36 48 38 49 40 49 41 51 42 44 43 43 48 49 49 41 98 5 99 6 
60 -0.15261457860469818 0.09275174885988235 0.5999515056610107 127 117 106 2.66 19 60 20 58 21 56 22 59 23 53 24 57 25 40 26 54 28 51 36 49 38 50 39 44 41 52 42 45 43 44 48 50 49 42 
61 0.04130885750055313 0.15868496894836426 0.4669802784919739 61 54 57 5.32 19 61 20 59 21 57 22 60 23 54 24 58 25 41 26 55 28 52 36 50 40 50 41 53 43 45 46 31 47 45 48 51 
62 0.01582942344248295 0.1363554447889328 0.7154897451400757 60 66 68 2.81 19 62 20 60 22 61 23 55 24 59 25 42 26 56 27 28 28 53 36 51 37 29 38 51 39 45 40 51 41 54 42 46 43 46 47 46 48 52 49 43 
63 0.4749762713909149 0.009867807850241661 0.8945816159248352 117 110 110 5.02 19 63 20 61 21 58 22 62 23 56 24 60 25 43 26 57 27 29 28 54 35 17 36 52 37 30 38 52 39 46 40 52 41 55 42 47 43 47 46 32 47 47 48 53 49 44 
64 0.1278407871723175 0.047833941876888275 0.8254558444023132 72 60 53 1.57 19 64 20 62 21 59 22 63 23 57 25 44 26 58 27 30 28 55 35 18 36 53 37 31 39 47 40 53 41 56 42 48 43 48 46 33 47 48 48 54 49 45 
65 0.32591766119003296 0.11615399271249771 0.7507274746894836 119 120 124 1.51 19 65 20 63 21 60 22 64 23 58 24 61 25 45 26 59 27 31 28 56 35 19 36 54 37 32 38 53 39 48 40 54 41 57 42 49 43 49 46 34 47 49 48 55 49 46 
66 0.03747514262795448 0.12266935408115387 0.7528207302093506 73 74 78 1.96 19 66 22 65 23 59 24 62 25 46 26 60 27 32 28 57 35 20 36 55 37 33 38 54 39 49 41 58 42 50 43 50 46 35 47 50 48 56 49 47 
67 -0.14054226875305176 -0.08768938481807709 0.6602576971054077 142 128 111 2.62 19 67 20 64 21 61 22 66 23 60 24 63 25 47 26 61 27 33 28 58 36 56 37 34 38 55 39 50 41 59 42 51 43 51 47 51 48 57 49 48 
68 0.21331241726875305 -0.25538602471351624 0.7635167837142944 181 200 215 5.38 19 68 20 65 21 62 22 67 23 61 24 64 25 48 26 62 36 57 37 35 38 56 39 51 40 55 41 60 42 52 43 52 46 36 47 52 48 58 49 49 
69 -0.2644535303115845 0.08751771599054337 0.5197961926460266 109 96 88 4.3 19 69 20 66 21 63 22 68 23 62 24 65 26 63 28 59 36 58 38 57 39 52 40 56 41 61 43 53 48 59 49 50 
70 0.3804267942905426 0.05388360843062401 0.9756722450256348 65 62 64 13.17 19 70 20 67 21 64 22 69 23 63 24 66 25 49 26 64 27 34 28 60 35 21 37 36 38 58 39 53 40 57 41 62 42 53 43 54 46 37 47 53 48 60 49 51 
71 -0.02302900142967701 0.18394121527671814 0.41612735390663147 76 87 79 3.18 19 71 20 68 21 65 22 70 23 64 24 67 26 65 28 61 36 59 40 58 41 63 
72 0.4810549318790436 -0.07981923967599869 1.1456010341644287 99 93 87 1.78 20 69 21 66 24 68 27 35 28 62 35 22 36 60 37 37 38 59 39 54 40 59 41 64 42 54 43 55 46 38 47 54 48 61 49 52 
73 0.5114250183105469 -0.007944130338728428 1.148175597190857 108 110 108 1.9 19 72 20 70 23 65 24 69 25 50 26 66 27 36 28 63 35 23 36 61 37 38 38 60 39 55 40 60 41 65 42 55 43 56 46 39 47 55 48 62 49 53 
74 0.22319482266902924 -0.13708794116973877 0.7433164715766907 43 35 32 1.25 19 73 20 71 21 67 22 71 23 66 24 70 25 51 26 67 27 37 28 64 36 62 37 39 38 61 39 56 40 61 41 66 42 56 43 57 46 40 47 56 48 63 49 54 
75 0.568100094795227 0.10225529968738556 1.1631759405136108 147 140 132 2.2 19 74 21 68 22 72 23 67 25 52 27 38 35 24 36 63 37 40 38 62 39 57 40 62 41 67 42 57 43 58 46 41 47 57 48 64 49 55 
76 0.10260818153619766 -0.25420621037483215 0.6749326586723328 73 75 74 3.88 19 75 20 72 21 69 22 73 23 68 24 71 25 53 26 68 28 65 36 64 37 41 38 63 39 58 40 63 41 68 42 58 43 59 46 42 47 58 48 65 49 56 
77 0.6396450400352478 -0.07411778718233109 1.2688907384872437 60 65 71 3.13 19 76 20 73 21 70 22 74 23 69 25 54 27 39 35 25 37 42 38 64 39 59 40 64 41 69 42 59 43 60 46 43 47 59 48 66 49 57 
78 0.5370576977729797 -0.055977657437324524 1.201816201210022 46 52 55 2.26 19 77 22 75 23 70 24 72 25 55 27 40 28 66 35 26 36 65 37 43 38 65 39 60 40 65 41 70 42 60 43 61 46 44 47 60 48 67 49 58 
79 0.6240177750587463 -0.05776512622833252 1.2560633420944214 107 104 106 2.8 19 78 20 74 21 71 22 76 23 71 25 56 27 41 35 27 37 44 38 66 39 61 40 66 41 71 42 61 43 62 46 45 47 61 48 68 49 59 
80 0.2573772966861725 0.2137974202632904 0.5963842868804932 59 52 52 4.81 19 79 20 75 21 72 22 77 25 57 28 67 35 28 36 66 38 67 39 62 40 67 41 72 42 62 43 63 46 46 47 62 
81 0.39758360385894775 0.22413349151611328 0.9715883731842041 68 63 62 1.96 19 80 21 73 22 78 23 72 24 73 25 58 26 69 27 42 28 68 35 29 36 67 37 45 38 68 39 63 40 68 41 73 42 63 43 64 46 47 47 63 48 69 49 60 
82 0.6306399703025818 0.26987922191619873 1.0246750116348267 36 34 35 2.82 20 76 27 43 35 30 37 46 38 69 39 64 40 69 41 74 42 64 43 65 46 48 47 64 48 70 49 61 
83 0.4033336639404297 0.13717932999134064 1.032697319984436 103 118 136 1.18 19 81 21 74 22 79 23 73 24 74 25 59 26 70 27 44 35 31 36 68 37 47 38 70 39 65 40 70 41 75 42 65 43 66 46 49 47 65 48 71 49 62 
84 0.38552209734916687 0.009697205387055874 1.023012638092041 86 76 71 1.82 19 82 21 75 22 80 23 74 24 75 25 60 26 71 27 45 28 69 35 32 36 69 37 48 38 71 39 66 40 71 41 76 42 66 43 67 46 50 47 66 48 72 49 63 
85 0.6444571614265442 0.09367639571428299 1.2286717891693115 129 111 107 3.29 19 83 20 77 21 76 22 81 23 75 25 61 27 46 35 33 37 49 38 72 39 67 40 72 41 77 42 67 43 68 46 51 47 67 48 73 49 64 
86 0.4942495822906494 0.23479199409484863 1.0602028369903564 88 76 74 1.84 20 78 21 77 24 76 25 62 27 47 28 70 35 34 36 70 37 50 38 73 39 68 40 73 41 78 42 68 43 69 46 52 47 68 48 74 49 65 
87 0.551398754119873 -0.08718350529670715 1.2049285173416138 56 47 46 2.31 19 84 21 78 22 82 23 76 24 77 25 63 27 48 35 35 36 71 37 51 38 74 39 69 40 74 41 79 42 69 43 70 46 53 47 69 48 75 49 66 
88 0.5518304705619812 0.048892248421907425 1.1895198822021484 41 43 39 1.94 19 85 20 79 21 79 22 83 23 77 25 64 27 49 35 36 36 72 37 52 38 75 39 70 40 75 41 80 42 70 43 71 46 54 47 70 48 76 49 67 
89 0.47168394923210144 -0.0123249227181077 1.1163065433502197 142 131 120 1.75 20 80 21 80 22 84 24 78 25 65 26 72 27 50 28 71 35 37 36 73 37 53 38 76 39 71 40 76 41 81 42 71 43 72 46 55 47 71 48 77 49 68 
90 0.37890297174453735 0.21641172468662262 0.9557093381881714 94 85 78 1.42 19 86 20 81 22 85 23 78 24 79 25 66 26 73 27 51 28 72 35 38 36 74 37 54 38 77 39 72 40 77 41 82 42 72 43 73 46 56 47 72 48 78 49 69 
91 0.6225106120109558 -0.008564424701035023 1.2414302825927734 130 129 127 2.67 19 87 20 82 21 81 22 86 23 79 25 67 27 52 35 39 37 55 38 78 39 73 40 78 41 83 42 73 43 74 46 57 47 73 48 79 49 70 
92 0.4925381541252136 -0.1663145273923874 0.9559974074363708 38 33 32 2.24 19 88 20 83 21 82 22 87 23 80 24 80 25 68 27 53 28 73 35 40 37 56 38 79 39 74 40 79 41 84 42 74 43 75 46 58 47 74 48 80 49 71 
93 0.5669930577278137 -0.034959159791469574 1.2217713594436646 112 146 171 2.44 19 89 21 83 22 88 23 81 25 69 27 54 35 41 36 75 37 57 38 80 39 75 40 80 41 85 42 75 43 76 46 59 47 75 48 81 49 72 
94 0.7114686369895935 0.2828758955001831 1.019317626953125 23 23 23 3.41 35 42 37 58 38 81 39 76 40 81 41 86 42 76 43 77 46 60 47 76 48 82 49 73 
95 0.6379364132881165 -0.007893499918282032 1.2551021575927734 157 149 142 2.32 20 84 21 84 22 89 23 82 25 70 27 55 35 43 37 59 38 82 39 77 40 82 41 87 42 77 43 78 46 61 47 77 48 83 49 74 
96 0.3421148955821991 0.13800030946731567 0.7788825035095215 110 109 110 2.21 19 90 20 85 21 85 22 90 23 83 24 81 25 71 26 74 27 56 28 74 35 44 36 76 37 60 38 83 39 78 40 83 41 88 42 78 43 79 46 62 47 78 48 84 49 75 
97 0.639639139175415 0.26483726501464844 1.1732075214385986 103 91 87 3.03 19 91 20 86 21 86 22 91 23 84 25 72 27 57 35 45 37 61 38 84 39 79 40 84 41 89 42 79 43 80 46 63 47 79 48 85 49 76 
98 0.5540680289268494 0.11455103009939194 1.1472065448760986 116 93 86 1.9 19 92 21 87 22 92 23 85 25 73 27 58 35 46 36 77 37 62 38 85 39 80 40 85 41 90 42 80 43 81 46 64 47 80 48 86 49 77 
99 0.405724436044693 0.18058297038078308 1.0193451642990112 59 52 57 1.09 19 93 21 88 22 93 23 86 24 82 25 74 26 75 27 59 35 47 36 78 37 63 38 86 39 81 40 86 41 91 42 81 43 82 46 65 47 81 48 87 49 78 
100 0.4871639013290405 -0.0917343944311142 0.9235109686851501 105 106 110 3.1 19 94 20 87 21 89 22 94 23 87 24 83 25 75 26 76 27 60 28 75 35 48 36 79 37 64 38 87 39 82 40 87 41 92 42 82 43 83 46 66 47 82 48 88 49 79 
101 0.15267255902290344 -0.008073720149695873 0.8622022271156311 48 46 45 1.56 19 95 20 88 21 90 22 95 24 84 25 76 26 77 27 61 28 76 35 49 38 88 39 83 40 88 41 93 42 83 46 67 47 83 48 89 49 80 
102 0.3125007450580597 0.22188504040241241 0.6361255049705505 71 56 56 3.59 19 96 20 89 21 91 22 96 23 88 24 85 25 77 26 78 27 62 28 77 35 50 36 80 38 89 39 84 40 89 41 94 42 84 43 84 46 68 47 84 
103 0.4745314121246338 -0.09309802949428558 0.9154790639877319 103 110 120 2.39 19 97 20 90 21 92 22 97 23 89 24 86 25 78 26 79 27 63 28 78 35 51 36 81 37 65 38 90 39 85 40 90 41 95 42 85 43 85 46 69 47 85 48 90 49 81 
104 0.41650164127349854 -0.09640145301818848 1.0115983486175537 179 190 198 1.46 20 91 21 93 22 98 23 90 24 87 35 52 36 82 37 66 38 91 39 86 40 91 41 96 42 86 43 86 46 70 47 86 48 91 49 82 
105 0.7781469821929932 0.3067675232887268 1.0477133989334106 37 38 33 6.47 35 53 39 87 40 92 41 97 
106 0.612369179725647 0.18986846506595612 1.1710742712020874 137 124 114 2.76 19 98 20 92 21 94 22 99 23 91 25 79 27 64 35 54 37 67 38 92 39 88 40 93 41 98 42 87 43 87 46 71 47 87 48 92 49 83 
107 0.18474839627742767 -0.0962911918759346 0.7053421139717102 156 154 151 2.88 19 99 20 93 21 95 22 100 23 92 24 88 25 80 26 80 27 65 28 79 35 55 36 83 37 68 38 93 39 89 40 94 41 99 42 88 43 88 46 72 47 88 48 93 49 84 
108 0.3746444880962372 0.11457256972789764 0.983757495880127 62 56 54 1.41 19 100 20 94 22 101 23 93 24 89 25 81 26 81 27 66 28 80 35 56 36 84 37 69 38 94 39 90 40 95 41 100 42 89 43 89 46 73 47 89 48 94 49 85 
109 -0.010871049016714096 0.15174169838428497 0.6780020594596863 98 84 73 2.67 19 101 20 95 21 96 22 102 24 90 25 82 26 82 27 67 28 81 35 57 36 85 38 95 39 91 40 96 41 101 42 90 47 90 48 95 49 86 
110 0.5790168642997742 -0.05320722982287407 1.2211687564849854 35 35 40 2.49 19 102 21 97 22 103 23 94 25 83 27 68 35 58 36 86 37 70 38 96 39 92 40 97 41 102 42 91 43 90 46 74 47 91 48 96 49 87 
111 0.5316287279129028 0.09604357928037643 1.1332017183303833 129 118 111 2.14 19 103 20 96 22 104 23 95 24 91 25 84 27 69 28 82 35 59 36 87 37 71 38 97 39 93 40 98 41 103 42 92 43 91 46 75 47 92 48 97 49 88 
112 0.4928758442401886 0.2199607640504837 0.8530269265174866 83 91 93 4.39 19 104 20 97 21 98 22 105 23 96 24 92 25 85 26 83 27 70 28 83 35 60 36 88 37 72 38 98 39 94 40 99 41 104 42 93 43 92 47 93 49 89 
113 0.403429239988327 0.16137194633483887 1.0278600454330444 115 131 150 1.13 19 105 21 99 22 106 23 97 24 93 25 86 26 84 27 71 35 61 36 89 37 73 38 99 39 95 40 100 41 105 42 94 43 93 46 76 47 94 48 98 49 90 
114 0.499870628118515 0.2533760368824005 0.771790087223053 91 83 84 2.22 19 106 20 98 21 100 22 107 23 98 25 87 27 72 28 84 35 62 36 90 38 100 39 96 40 101 41 106 42 95 43 94 46 77 
115 0.10634961724281311 0.09535341709852219 1.923037052154541 103 100 104 4.39 39 97 40 102 41 107 42 96 43 95 46 78 47 95 48 99 49 91 
116 0.39159736037254333 0.184792160987854 0.9782130718231201 94 88 84 1.98 19 107 21 101 22 108 23 99 24 94 25 88 26 85 27 73 28 85 35 63 36 91 37 74 38 101 39 98 40 103 41 108 42 97 43 96 46 79 47 96 48 100 49 92 
117 0.37166833877563477 0.22166740894317627 0.589637815952301 79 77 76 7.92 19 108 20 99 21 102 22 109 23 100 24 95 25 89 26 86 28 86 35 64 36 92 38 102 39 99 40 104 41 109 42 98 43 97 
118 0.36859530210494995 0.2252737432718277 0.6989381313323975 46 40 40 2.28 19 109 20 100 21 103 22 110 23 101 25 90 27 74 28 87 35 65 36 93 38 103 39 100 40 105 41 110 42 99 43 98 46 80 47 97 
119 0.3570985794067383 -0.11640877276659012 0.8414973020553589 52 44 41 1.05 19 110 20 101 21 104 22 111 23 102 24 96 25 91 26 87 27 75 28 88 35 66 36 94 37 75 38 104 39 101 40 106 41 111 42 100 43 99 46 81 47 98 48 101 49 93 
120 0.14228609204292297 0.12384773790836334 0.8142579197883606 63 52 49 1.81 19 111 20 102 21 105 22 112 23 103 24 97 25 92 26 88 27 76 28 89 35 67 36 95 37 76 39 102 40 107 41 112 42 101 46 82 47 99 48 102 49 94 
121 0.46663904190063477 -0.018076526001095772 0.9241145253181458 75 81 89 1.67 19 112 20 103 21 106 22 113 23 104 24 98 25 93 26 89 27 77 28 90 35 68 36 96 37 77 38 105 39 103 40 108 41 113 42 102 43 100 46 83 47 100 48 103 49 95 
122 0.3802131116390228 0.20606115460395813 0.7602460980415344 43 47 57 9.59 19 113 20 104 21 107 22 114 23 105 24 99 25 94 26 90 27 78 28 91 35 69 36 97 37 78 38 106 39 104 40 109 41 114 42 103 43 101 
123 0.5339521765708923 0.18048405647277832 1.1301003694534302 125 140 160 1.28 19 114 20 105 22 115 23 106 25 95 27 79 35 70 36 98 37 79 38 107 39 105 40 110 41 115 42 104 43 102 46 84 47 101 48 104 49 96 
124 0.4717833697795868 0.24159978330135345 0.7683442831039429 60 62 72 5.05 19 115 20 106 21 108 22 116 23 107 24 100 25 96 26 91 27 80 28 92 35 71 36 99 38 108 39 106 40 111 41 116 42 105 43 103 46 85 
125 0.1459125429391861 0.17538274824619293 0.8013718128204346 50 25 21 2.39 19 116 20 107 21 109 22 117 23 108 24 101 25 97 26 92 27 81 28 93 35 72 36 100 37 80 39 107 40 112 41 117 42 106 46 86 47 102 48 105 49 97 
126 0.6689003705978394 0.2830963134765625 0.9589942693710327 96 89 55 2.8 19 117 27 82 35 73 38 109 39 108 40 113 41 118 42 107 43 104 46 87 47 103 48 106 49 98 
127 0.47160354256629944 0.24542249739170074 1.0361498594284058 77 72 72 1.76 20 108 21 110 22 118 24 102 26 93 27 83 28 94 35 74 36 101 37 81 38 110 39 109 40 114 41 119 42 108 43 105 46 88 47 104 48 107 49 99 
128 0.18071426451206207 -0.07182497531175613 0.910036027431488 28 25 22 1.34 19 118 20 109 22 119 23 109 24 103 25 98 26 94 27 84 28 95 36 102 37 82 38 111 39 110 40 115 41 120 43 106 46 89 47 105 48 108 49 100 
129 0.5340206027030945 0.1580280214548111 1.1360913515090942 105 119 141 1.27 19 119 20 110 22 120 23 110 25 99 27 85 35 75 36 103 37 83 38 112 39 111 40 116 41 121 42 109 43 107 46 90 47 106 48 109 49 101 
130 0.31499791145324707 -0.11161282658576965 0.7963447570800781 145 148 150 1.23 19 120 20 111 21 111 22 121 23 111 24 104 25 100 26 95 27 86 28 96 35 76 36 104 37 84 38 113 39 112 40 117 41 122 42 110 43 108 46 91 47 107 48 110 49 102 
131 0.37370046973228455 0.22965289652347565 0.6249733567237854 74 55 49 3.07 19 121 20 112 21 112 22 122 23 112 24 105 25 101 26 96 27 87 28 97 35 77 36 105 38 114 39 113 40 118 41 123 42 111 43 109 47 108 
132 0.5866599082946777 0.25406402349472046 0.9847887754440308 27 27 29 2.11 19 122 20 113 21 113 22 123 35 78 36 106 37 85 38 115 39 114 40 119 41 124 42 112 43 110 46 92 47 109 48 111 49 103 
133 0.5679357647895813 0.10541988909244537 1.162123441696167 60 60 63 2.27 19 123 21 114 22 124 23 113 25 102 27 88 35 79 36 107 37 86 38 116 39 115 40 120 41 125 42 113 43 111 46 93 47 110 48 112 49 104 
134 0.5978631973266602 0.26490381360054016 1.1350020170211792 94 88 90 2.74 19 124 21 115 22 125 23 114 25 103 27 89 35 80 37 87 38 117 39 116 40 121 41 126 42 114 43 112 46 94 47 111 48 113 49 105 
135 0.6373421549797058 0.27691009640693665 1.1666009426116943 109 95 89 3.05 21 116 25 104 27 90 35 81 37 88 38 118 39 117 40 122 41 127 42 115 43 113 46 95 47 112 48 114 49 106 
136 0.45617440342903137 0.10344690084457397 1.0694551467895508 115 111 108 1.34 20 114 21 117 22 126 23 115 26 97 27 91 28 98 35 82 36 108 37 89 38 119 39 118 40 123 41 128 42 116 43 114 46 96 47 113 48 115 49 107 
137 0.3409040570259094 0.18867242336273193 0.7261718511581421 161 163 161 1.68 19 125 20 115 21 118 22 127 23 116 24 106 25 105 26 98 27 92 28 99 35 83 36 109 37 90 38 120 39 119 40 124 41 129 42 117 43 115 46 97 47 114 
138 0.7262893915176392 0.2949812710285187 0.9823946952819824 63 76 35 2.49 35 84 38 121 39 120 40 125 41 130 
139 0.6462183594703674 0.20075388252735138 1.2062984704971313 104 100 99 2.62 19 126 20 116 21 119 22 128 23 117 25 106 27 93 35 85 37 91 38 122 39 121 40 126 41 131 42 118 43 116 46 98 47 115 48 116 49 108 
140 0.6485757231712341 0.26240602135658264 1.1847853660583496 121 108 104 2.08 21 120 22 129 25 107 27 94 35 86 37 92 38 123 39 122 40 127 41 132 42 119 43 117 46 99 47 116 48 117 49 109 
141 0.4537396728992462 0.0444057360291481 0.9118321537971497 65 65 68 4.63 19 127 20 117 21 121 22 130 23 118 24 107 25 108 26 99 27 95 28 100 35 87 36 110 37 93 38 124 39 123 40 128 41 133 42 120 43 118 46 100 47 117 48 118 49 110 
142 0.5109931230545044 0.26286470890045166 0.7667419910430908 53 51 49 2.32 19 128 20 118 21 122 22 131 23 119 25 109 27 96 28 101 35 88 36 111 38 125 40 129 41 134 42 121 46 101 47 118 
143 0.4759003221988678 0.22788214683532715 0.8100340366363525 90 102 99 1.16 19 129 20 119 21 123 22 132 23 120 24 108 25 110 26 100 27 97 28 102 35 89 36 112 37 94 38 126 39 124 40 130 41 135 42 122 43 119 
144 0.5541714429855347 0.22711850702762604 0.9664416313171387 28 25 28 2.29 19 130 20 120 21 124 22 133 23 121 25 111 27 98 35 90 36 113 37 95 38 127 39 125 40 131 41 136 42 123 43 120 46 102 47 119 48 119 49 111 
145 0.3771989345550537 0.23115192353725433 0.6804846525192261 29 35 40 2.23 19 131 20 121 21 125 22 134 23 122 24 109 25 112 26 101 27 99 28 103 35 91 36 114 38 128 39 126 40 132 41 137 42 124 43 121 46 103 47 120 
146 0.5023515224456787 0.23495200276374817 1.067034125328064 116 110 106 2.04 19 132 20 122 21 126 23 123 24 110 25 113 27 100 28 104 35 92 36 115 37 96 38 129 39 127 40 133 41 138 42 125 43 122 46 104 47 121 48 120 49 112 
147 0.6223193407058716 0.06157149374485016 1.2186975479125977 139 129 121 2.85 19 133 20 123 21 127 22 135 23 124 25 114 27 101 35 93 37 97 38 130 39 128 40 134 41 139 42 126 43 123 46 105 47 122 48 121 49 113 
148 0.3346208930015564 -0.033303242176771164 0.8237496614456177 92 92 93 2.12 19 134 20 124 21 128 22 136 23 125 24 111 25 115 26 102 27 102 28 105 35 94 36 116 37 98 38 131 39 129 40 135 41 140 42 127 43 124 46 106 47 123 48 122 49 114 
149 0.5991351008415222 0.02417762205004692 1.2122682332992554 112 117 117 2.44 19 135 20 125 21 129 22 137 23 126 25 116 27 103 35 95 37 99 38 132 39 130 40 136 41 141 42 128 43 125 46 107 47 124 48 123 49 115 
150 0.6661786437034607 0.2912900149822235 1.1650183200836182 59 50 49 5.38 27 104 35 96 37 100 38 133 39 131 40 137 41 142 42 129 43 126 46 108 47 125 48 124 49 116 
151 0.6619426608085632 0.27993759512901306 0.8906683921813965 20 27 7 4.88 27 105 35 97 36 117 38 134 40 138 41 143 
152 0.641119122505188 0.12878167629241943 1.2287814617156982 124 117 113 1.94 20 126 21 130 22 138 23 127 25 117 27 106 35 98 37 101 38 135 39 132 40 139 41 144 42 130 43 127 46 109 47 126 48 125 49 117 
153 0.5281679630279541 -0.06255559623241425 1.1818126440048218 34 27 29 1.97 19 136 20 127 22 139 23 128 24 112 25 118 27 107 28 106 35 99 36 118 37 102 38 136 39 133 40 140 41 145 42 131 43 128 46 110 47 127 48 126 49 118 
154 0.6476802825927734 0.21839748322963715 1.2004015445709229 95 93 92 2.9 19 137 20 128 21 131 22 140 23 129 25 119 27 108 35 100 37 103 38 137 39 134 40 141 41 146 42 132 43 129 46 111 47 128 48 127 49 119 
155 0.5858317017555237 0.2630155682563782 0.9185646176338196 15 15 14 8.37 20 129 21 132 22 141 23 130 25 120 27 109 39 135 40 142 41 147 42 133 43 130 46 112 47 129 48 128 49 120 
156 0.08940817415714264 -0.15619230270385742 0.6509158611297607 40 34 29 1.11 19 138 20 130 21 133 22 142 23 131 24 113 25 121 26 103 27 110 28 107 38 138 39 136 40 143 41 148 42 134 43 131 46 113 47 130 48 129 49 121 
157 0.48351290822029114 0.16344457864761353 1.073400855064392 102 100 100 1.57 20 131 21 134 22 143 24 114 25 122 26 104 27 111 28 108 35 101 36 119 37 104 38 139 39 137 40 144 41 149 42 135 43 132 46 114 47 131 48 130 49 122 
158 0.6659650802612305 0.281284898519516 0.9319408535957336 20 26 9 2.73 19 139 27 112 35 102 38 140 39 138 40 145 41 150 42 136 43 133 48 131 49 123 
159 0.2964482009410858 -0.032469168305397034 0.9961985945701599 56 49 46 1.7 19 140 20 132 21 135 22 144 23 132 25 123 26 105 27 113 28 109 35 103 36 120 37 105 39 139 40 146 41 151 42 137 43 134 46 115 47 132 48 132 49 124 
160 0.6414428353309631 0.25779688358306885 1.1781220436096191 91 83 83 2.89 19 141 20 133 21 136 22 145 23 133 25 124 27 114 35 104 37 106 38 141 39 140 40 147 41 152 42 138 43 135 46 116 47 133 48 133 49 125 
161 0.5877057313919067 0.25517064332962036 1.1425036191940308 88 72 75 1.4 19 142 21 137 22 146 23 134 25 125 27 115 35 105 37 107 38 142 39 141 40 148 41 153 42 139 43 136 46 117 47 134 48 134 49 126 
162 0.4497915208339691 -0.10678369551897049 0.8972630500793457 165 183 194 1.6 19 143 20 134 21 138 22 147 23 135 24 115 25 126 26 106 27 116 28 110 35 106 36 121 37 108 38 143 39 142 40 149 41 154 42 140 43 137 46 118 47 135 48 135 49 127 
163 0.3993796110153198 -0.016207916662096977 1.0713354349136353 107 120 136 1.14 19 144 21 139 22 148 23 136 24 116 25 127 26 107 27 117 35 107 36 122 37 109 38 144 39 143 40 150 41 155 42 141 43 138 46 119 47 136 48 136 49 128 
164 0.3032500445842743 0.1311357170343399 0.9561817049980164 81 94 103 1.6 19 145 20 135 21 140 22 149 25 128 26 108 27 118 28 111 35 108 36 123 37 110 39 144 40 151 41 156 42 142 43 139 46 120 47 137 48 137 49 129 
165 0.5097174644470215 0.09614693373441696 1.114573359489441 71 62 63 2.42 19 146 20 136 21 141 23 137 24 117 25 129 26 109 27 119 28 112 35 109 36 124 37 111 38 145 39 145 40 152 41 157 42 143 43 140 46 121 47 138 48 138 49 130 
166 0.5126215219497681 0.014616962522268295 1.142041802406311 112 109 107 1.86 19 147 20 137 22 150 23 138 24 118 25 130 26 110 27 120 28 113 35 110 36 125 37 112 38 146 39 146 40 153 41 158 42 144 43 141 46 122 47 139 48 139 49 131 
167 0.4948631823062897 -0.10022624582052231 1.1599353551864624 54 42 38 1.91 20 138 24 119 26 111 27 121 28 114 35 111 36 126 37 113 38 147 39 147 40 154 41 159 42 145 43 142 46 123 47 140 48 140 49 132 
168 0.5281078219413757 0.0023940198589116335 1.1744600534439087 149 171 190 1.66 19 148 20 139 22 151 23 139 24 120 25 131 27 122 28 115 35 112 36 127 37 114 38 148 39 148 40 155 41 160 42 146 43 143 46 124 47 141 48 141 49 133 
169 0.4653531610965729 -0.05763854831457138 0.933783769607544 131 138 145 1.72 19 149 20 140 21 142 22 152 23 140 24 121 25 132 26 112 27 123 28 116 35 113 36 128 37 115 38 149 39 149 40 156 41 161 42 147 43 144 46 125 47 142 48 142 49 134 
170 0.5191230177879333 0.25864240527153015 0.8278509378433228 66 68 69 1.81 19 150 20 141 21 143 22 153 23 141 25 133 27 124 28 117 35 114 36 129 38 150 39 150 40 157 41 162 
171 0.4143839180469513 0.20653961598873138 1.0310333967208862 52 69 77 1.53 19 151 21 144 22 154 23 142 24 122 25 134 26 113 27 125 35 115 36 130 37 116 38 151 39 151 40 158 41 163 42 148 43 145 46 126 47 143 48 143 49 135 
172 0.05889856815338135 -0.23034130036830902 0.6382513046264648 62 59 55 5.54 19 152 20 142 21 145 22 155 23 143 24 123 25 135 26 114 27 126 28 118 36 131 38 152 39 152 40 159 41 164 42 149 43 146 46 127 47 144 48 144 49 136 
173 0.3996821939945221 0.22612430155277252 0.9723139405250549 26 25 28 2.1 19 153 21 146 22 156 23 144 24 124 25 136 26 115 27 127 28 119 35 116 36 132 37 117 38 153 39 153 40 160 41 165 42 150 43 147 46 128 47 145 48 145 49 137 
174 0.4695063531398773 -0.0887412577867508 0.956824541091919 126 132 136 1.62 19 154 20 143 21 147 22 157 23 145 24 125 25 137 27 128 28 120 35 117 36 133 37 118 38 154 39 154 40 161 41 166 42 151 43 148 46 129 47 146 48 146 49 138 
175 0.4564915597438812 0.2333715856075287 1.0417091846466064 77 82 93 1.27 20 144 21 148 22 158 23 146 26 116 27 129 28 121 35 118 36 134 37 119 38 155 39 155 40 162 41 167 42 152 43 149 46 130 47 147 48 147 49 139 
176 0.18132159113883972 -0.1527344286441803 0.7056880593299866 90 104 112 0.91 19 155 20 145 21 149 22 159 23 147 24 126 25 138 26 117 27 130 28 122 36 135 37 120 38 156 39 156 40 163 41 168 42 153 43 150 46 131 47 148 48 148 49 140 
177 0.47769710421562195 -0.15882033109664917 0.9426093101501465 130 131 133 1.25 19 156 20 146 21 150 22 160 23 148 24 127 25 139 27 131 28 123 35 119 37 121 38 157 39 157 40 164 41 169 42 154 43 151 46 132 47 149 48 149 49 141 
178 0.5462652444839478 0.22653518617153168 1.1319522857666016 85 96 108 1.64 19 157 20 147 22 161 23 149 25 140 27 132 35 120 36 136 37 122 38 158 39 158 40 165 41 170 42 155 43 152 46 133 47 150 48 150 49 142 
179 0.6432318091392517 0.13473814725875854 1.2158187627792358 131 122 117 2.87 19 158 20 148 21 151 22 162 23 150 25 141 27 133 35 121 37 123 38 159 39 159 40 166 41 171 42 156 43 153 46 134 47 151 48 151 49 143 
180 0.7533462047576904 0.2942686080932617 1.0536738634109497 37 29 30 3.68 35 122 39 160 40 167 41 172 42 157 43 154 46 135 47 152 48 152 49 144 
181 0.4039079248905182 0.20159989595413208 1.020313024520874 125 140 158 1.07 19 159 21 152 22 163 23 151 24 128 25 142 26 118 27 134 35 123 36 137 37 124 38 160 39 161 40 168 41 173 42 158 43 155 46 136 47 153 48 153 49 145 
182 0.6082414984703064 0.0820867195725441 1.201340675354004 159 158 158 2.44 19 160 20 149 21 153 22 164 23 152 25 143 27 135 35 124 37 125 38 161 39 162 40 169 41 174 42 159 43 156 46 137 47 154 48 154 49 146 
183 0.653849184513092 -0.08392815291881561 1.275576114654541 93 94 99 2.99 20 150 21 154 22 165 23 153 25 144 27 136 35 125 37 126 38 162 39 163 40 170 41 175 42 160 43 157 46 138 47 155 48 155 49 147 
184 0.5297446250915527 0.040341589599847794 1.1600799560546875 55 50 59 1.54 19 161 20 151 22 166 23 154 24 129 25 145 27 137 28 124 35 126 36 138 37 127 38 163 39 164 40 171 41 176 42 161 43 158 46 139 47 156 48 156 49 148 
185 0.6621612310409546 0.31012120842933655 1.1538355350494385 65 52 54 5.8 27 138 35 127 37 128 38 164 39 165 40 172 41 177 42 162 43 159 46 140 47 157 48 157 49 149 
186 0.5866822004318237 0.04676182195544243 1.1976609230041504 130 125 123 2.42 19 162 20 152 21 155 22 167 23 155 25 146 27 139 35 128 37 129 38 165 39 166 40 173 41 178 42 163 43 160 46 141 47 158 48 158 49 150 
187 0.597682535648346 0.22753925621509552 0.8345153331756592 30 42 40 2.54 19 163 25 147 27 140 35 129 36 139 37 130 38 166 39 167 40 174 41 179 42 164 43 161 46 142 47 159 48 159 
188 0.22998951375484467 0.17208907008171082 0.6722570657730103 53 56 63 5.43 19 164 20 153 21 156 22 168 23 156 24 130 25 148 26 119 27 141 28 125 35 130 36 140 37 131 38 167 39 168 40 175 41 180 42 165 43 162 46 143 47 160 48 160 
189 0.5550054311752319 0.030919060111045837 1.1958495378494263 152 168 180 1.93 19 165 21 157 22 169 23 157 25 149 27 142 35 131 36 141 37 132 38 168 39 169 40 176 41 181 42 166 43 163 46 144 47 161 48 161 49 151 
190 0.6375467777252197 0.2519945204257965 1.038458228111267 20 21 23 1.62 19 166 20 154 25 150 27 143 35 132 37 133 38 169 39 170 40 177 41 182 42 167 43 164 46 145 47 162 48 162 49 152 
191 0.5718091130256653 0.2533756494522095 0.8333213329315186 44 51 52 6.38 19 167 27 144 35 133 36 142 38 170 39 171 40 178 41 183 42 168 43 165 46 146 47 163 48 163 
192 0.6346015930175781 0.17172598838806152 1.1970405578613281 110 91 88 2.59 19 168 20 155 21 158 22 170 23 158 25 151 27 145 35 134 37 134 38 171 39 172 40 179 41 184 42 169 43 166 46 147 47 164 48 164 49 153 
193 0.3997517228126526 -0.11656507104635239 1.0722187757492065 16 14 15 1.21 21 159 22 171 23 159 24 131 35 135 36 143 37 135 38 172 39 173 40 180 41 185 42 170 43 167 46 148 47 165 48 165 49 154 
194 0.07509199529886246 0.08513803035020828 0.558742344379425 118 116 114 1.14 19 169 20 156 21 160 22 172 23 160 24 132 25 152 26 120 27 146 28 126 36 144 38 173 39 174 40 181 41 186 42 171 43 168 46 149 47 166 48 166 49 155 
195 0.6307481527328491 0.06411342322826385 1.22551691532135 98 89 89 2.92 19 170 20 157 21 161 22 173 23 161 25 153 27 147 35 136 37 136 38 174 39 175 40 182 41 187 42 172 43 169 46 150 47 167 48 167 49 156 
196 0.494247704744339 0.2551206350326538 0.7371106743812561 21 22 26 2.38 19 171 20 158 21 162 22 174 23 162 25 154 26 121 27 148 28 127 35 137 36 145 38 175 40 183 41 188 42 173 47 168 
197 0.27043092250823975 -0.32380959391593933 0.8151424527168274 218 220 224 1.52 19 172 20 159 21 163 22 175 23 163 37 137 38 176 39 176 40 184 41 189 42 174 43 170 46 151 47 169 48 168 49 157 
198 0.661547839641571 0.2696089744567871 0.9941214323043823 101 88 92 1.88 19 173 27 149 35 138 37 138 38 177 39 177 40 185 41 190 42 175 43 171 46 152 47 170 48 169 49 158 
199 0.3522035777568817 0.1753646731376648 0.7560179829597473 59 63 73 4.23 19 174 20 160 21 164 22 176 23 164 24 133 25 155 26 122 27 150 28 128 35 139 36 146 37 139 38 178 39 178 40 186 41 191 42 176 43 172 46 153 47 171 48 170 49 159 
200 0.6108134984970093 0.26347053050994873 0.9628896117210388 91 80 82 2.6 19 175 20 161 27 151 35 140 36 147 37 140 38 179 39 179 40 187 41 192 42 177 43 173 46 154 47 172 48 171 49 160 
201 0.6178134679794312 -0.07808766514062881 1.253106713294983 52 47 49 2.91 19 176 20 162 21 165 22 177 23 165 25 156 27 152 35 141 37 141 38 180 39 180 40 188 41 193 42 178 43 174 46 155 47 173 48 172 49 161 
202 0.42719903588294983 0.025091370567679405 1.089605450630188 43 58 63 1.6 19 177 20 163 21 166 22 178 23 166 24 134 25 157 28 129 35 142 36 148 37 142 38 181 39 181 40 189 41 194 42 179 43 175 46 156 47 174 48 173 49 162 
203 0.4821315407752991 0.20911696553230286 0.8653838634490967 92 85 78 2.61 19 178 20 164 21 167 22 179 23 167 24 135 25 158 26 123 27 153 28 130 35 143 36 149 37 143 38 182 39 182 40 190 41 195 46 157 47 175 48 174 49 163 
204 0.5357031226158142 0.22247788310050964 1.1176786422729492 139 154 171 1.31 19 179 20 165 22 180 23 168 25 159 27 154 35 144 36 150 37 144 38 183 39 183 40 191 41 196 42 180 43 176 46 158 47 176 48 175 49 164 
205 0.615821361541748 0.1712137758731842 1.1813058853149414 137 128 122 2.43 19 180 20 166 21 168 22 181 23 169 25 160 27 155 35 145 37 145 38 184 39 184 40 192 41 197 42 181 43 177 46 159 47 177 48 176 49 165 
206 0.527082085609436 0.2588396668434143 0.7914671301841736 103 101 100 2.39 19 181 20 167 21 169 22 182 23 170 25 161 27 156 28 131 35 146 36 151 38 185 39 185 40 193 41 198 42 182 43 178 46 160 47 178 
207 0.33769479393959045 0.2010616809129715 0.7137681841850281 25 20 21 1.54 19 182 20 168 21 170 22 183 23 171 24 136 25 162 26 124 27 157 28 132 35 147 36 152 37 146 38 186 39 186 40 194 41 199 42 183 43 179 46 161 
208 0.5369049906730652 0.14568552374839783 1.148635983467102 61 73 76 1.75 19 183 20 169 22 184 23 172 25 163 27 158 35 148 36 153 37 147 38 187 39 187 40 195 41 200 42 184 43 180 46 162 47 179 48 177 49 166 
209 -0.6053639650344849 0.12616218626499176 0.9257630705833435 201 189 173 1.91 19 184 98 6 99 7 
210 -0.46301209926605225 0.1746775358915329 0.7077871561050415 117 86 97 3.18 19 185 98 7 99 8 
211 -0.42603710293769836 0.0713447704911232 0.6676245331764221 104 102 108 2.52 19 186 98 8 99 9 
212 -0.44039756059646606 -0.022507546469569206 0.7014185190200806 202 217 234 1.53 19 187 98 9 99 10 
213 -0.4690316319465637 0.09160423278808594 0.7306802272796631 109 91 91 2.15 19 188 98 10 99 11 
214 -0.41996461153030396 0.18124014139175415 0.6532860398292542 80 60 67 4.37 19 189 98 11 99 12 
215 -0.539936900138855 0.06632038950920105 0.842064619064331 174 171 170 2.66 19 190 98 12 99 13 
216 -0.4134519696235657 0.01936502195894718 0.6572833061218262 160 154 158 1.44 19 191 98 13 99 14 
217 -0.5484694838523865 0.0861651599407196 0.82752925157547 220 239 252 1.12 19 192 98 14 99 15 
218 -0.2151600420475006 -0.11198130249977112 0.626078188419342 172 192 206 3.04 19 193 20 170 21 171 22 185 23 173 24 137 25 164 26 125 28 133 38 188 39 188 40 196 41 201 42 185 43 181 48 178 49 167 
219 -0.17788128554821014 -0.043754514306783676 0.6222104430198669 156 147 134 3.3 19 194 20 171 21 172 22 186 23 174 24 138 25 165 26 126 28 134 36 154 38 189 39 189 40 197 42 186 43 182 48 179 49 168 
220 0.6329273581504822 -0.07136473804712296 1.2705113887786865 101 101 100 3.05 20 172 21 173 22 187 23 175 25 166 27 159 35 149 37 148 38 190 39 190 40 198 41 202 42 187 43 183 46 163 47 180 48 180 49 169 
221 0.4482238292694092 -0.07686042785644531 1.123521327972412 52 47 47 3.36 20 173 21 174 22 188 23 176 24 139 27 160 28 135 35 150 36 155 37 149 38 191 39 191 40 199 41 203 42 188 43 184 46 164 47 181 48 181 49 170 
222 -0.22276459634304047 -0.1442103236913681 0.6330254077911377 26 33 45 4.17 19 195 20 174 21 175 22 189 23 177 24 140 25 167 26 127 28 136 38 192 39 192 40 200 42 189 43 185 47 182 48 182 49 171 
223 0.05341559275984764 -0.16256557404994965 0.605726957321167 135 142 146 2.38 19 196 20 175 21 176 22 190 23 178 24 141 25 168 26 128 27 161 28 137 38 193 39 193 40 201 41 204 42 190 43 186 46 165 47 183 48 183 49 172 
224 0.09127771109342575 0.15551848709583282 0.5499834418296814 89 90 95 2.9 19 197 20 176 21 177 22 191 23 179 24 142 25 169 26 129 27 162 28 138 36 156 38 194 39 194 40 202 41 205 42 191 43 187 46 166 47 184 48 184 
225 -0.18006841838359833 0.008898893371224403 0.6064471006393433 135 122 113 2.98 19 198 20 177 21 178 22 192 23 180 24 143 25 170 26 130 28 139 36 157 38 195 39 195 40 203 42 192 43 188 48 185 49 173 
226 0.05035445839166641 -0.09424412995576859 0.823558509349823 36 29 24 1.51 19 199 21 179 22 193 23 181 24 144 25 171 26 131 27 163 36 158 37 150 38 196 41 206 42 193 43 189 46 167 47 185 48 186 49 174 
227 -0.27720001339912415 0.12695957720279694 0.5046734809875488 135 115 104 3.24 19 200 20 178 21 180 22 194 23 182 24 145 26 132 28 140 36 159 38 197 39 196 40 204 41 207 48 187 49 175 
228 -0.13902242481708527 -0.1966930329799652 0.6923877000808716 57 43 35 2.72 19 201 20 179 21 181 22 195 23 183 24 146 25 172 26 133 27 164 28 141 38 198 41 208 42 194 47 186 48 188 49 176 
229 0.19298020005226135 -0.08595333248376846 0.7013276815414429 163 169 172 2.05 19 202 20 180 21 182 22 196 23 184 24 147 25 173 26 134 27 165 28 142 35 151 36 160 37 151 38 199 39 197 40 205 41 209 42 195 43 190 46 168 47 187 48 189 49 177 
230 0.04574597626924515 -0.17019784450531006 0.6113892197608948 136 145 150 1.46 19 203 20 181 21 183 22 197 23 185 24 148 25 174 26 135 27 166 28 143 38 200 39 198 40 206 41 210 42 196 43 191 46 169 47 188 48 190 49 178 
231 -0.28712040185928345 -0.09900374710559845 0.5577802658081055 105 95 92 5.28 19 204 20 182 21 184 22 198 23 186 24 149 26 136 28 144 36 161 38 201 39 199 40 207 41 211 42 197 43 192 48 191 49 179 99 16 
232 -0.26458510756492615 -0.2179284244775772 0.6034354567527771 68 73 75 4.1 19 205 20 183 21 185 22 199 23 187 24 150 26 137 28 145 38 202 39 200 40 208 41 212 43 193 48 192 
233 0.34304550290107727 0.016767026856541634 0.7897430062294006 124 129 140 2.09 19 206 20 184 21 186 22 200 23 188 24 151 25 175 26 138 27 167 28 146 35 152 36 162 37 152 38 203 39 201 40 209 41 213 42 198 43 194 46 170 47 189 48 193 49 180 
234 -0.2575286328792572 0.003955288324505091 0.5530140995979309 9 6 6 3.67 19 207 20 185 21 187 22 201 23 189 24 152 26 139 28 147 36 163 38 204 39 202 40 210 41 214 43 195 48 194 49 181 
235 -0.12308957427740097 0.09660903364419937 0.6263787150382996 30 20 19 2.37 19 208 20 186 21 188 22 202 23 190 24 153 25 176 26 140 27 168 28 148 36 164 38 205 40 211 41 215 42 199 43 196 48 195 49 182 
236 0.010746076703071594 0.12953735888004303 0.5016139149665833 37 37 31 5.92 19 209 20 187 21 189 22 203 23 191 24 154 25 177 26 141 28 149 36 165 39 203 40 212 41 216 42 200 43 197 46 171 47 190 48 196 
237 0.48498478531837463 0.2532031238079071 0.7708024382591248 64 65 74 2.34 19 210 20 188 21 190 22 204 23 192 25 178 26 142 27 169 28 150 35 153 38 206 39 204 40 213 41 217 42 201 43 198 46 172 
238 0.43832647800445557 0.19432617723941803 0.8640003800392151 67 65 69 7.88 19 211 20 189 21 191 22 205 23 193 24 155 25 179 26 143 27 170 28 151 35 154 36 166 37 153 38 207 39 205 40 214 41 218 42 202 43 199 46 173 47 191 
239 0.4802057147026062 0.1705961674451828 0.8584445118904114 119 114 115 3.13 19 212 20 190 21 192 22 206 23 194 24 156 25 180 26 144 27 171 28 152 35 155 36 167 37 154 38 208 39 206 40 215 41 219 42 203 43 200 46 174 47 192 48 197 49 183 
240 0.1940288096666336 0.05264154449105263 0.662802517414093 143 144 142 1.3 19 213 20 191 21 193 22 207 23 195 24 157 25 181 26 145 27 172 28 153 35 156 36 168 37 155 38 209 39 207 40 216 41 220 42 204 43 201 46 175 47 193 48 198 49 184 
241 0.11055918037891388 0.17358818650245667 0.5335202813148499 108 109 111 4.63 19 214 20 192 21 194 22 208 23 196 24 158 25 182 26 146 27 173 28 154 36 169 38 210 39 208 40 217 41 221 42 205 43 202 46 176 47 194 48 199 
242 0.3211384117603302 -0.12671786546707153 0.804956316947937 61 57 56 1.11 19 215 20 193 21 195 22 209 23 197 24 159 25 183 26 147 27 174 28 155 35 157 36 170 37 156 38 211 39 209 40 218 41 222 42 206 43 203 46 177 47 195 48 200 49 185 
243 -0.1170104518532753 -0.005964874755591154 0.6565768718719482 141 130 120 2.21 19 216 20 194 21 196 22 210 23 198 24 160 25 184 26 148 27 175 28 156 36 171 37 157 38 212 41 223 42 207 43 204 47 196 48 201 49 186 
244 0.4276726245880127 0.2346537560224533 0.6662840843200684 23 23 27 3.25 19 217 20 195 21 197 22 211 23 199 24 161 25 185 26 149 27 176 28 157 40 219 46 178 
245 0.3852633237838745 0.08328869938850403 1.0053080320358276 81 76 77 1.74 19 218 21 198 22 212 23 200 24 162 25 186 26 150 27 177 28 158 35 158 36 172 37 158 38 213 39 210 40 220 41 224 42 208 43 205 46 179 47 197 48 202 49 187 
246 0.2962861955165863 0.20674465596675873 0.5803201794624329 45 47 51 3.23 19 219 20 196 21 199 22 213 23 201 24 163 25 187 26 151 
247 0.0477302111685276 0.03491249307990074 0.7691715359687805 81 63 55 1.9 19 220 21 200 22 214 23 202 24 164 25 188 26 152 27 178 28 159 35 159 36 173 37 159 38 214 39 211 40 221 42 209 43 206 46 180 47 198 48 203 49 188 
248 0.3930228054523468 -0.07000215351581573 1.0275123119354248 64 56 55 2.51 20 197 21 201 22 215 23 203 24 165 25 189 26 153 27 179 28 160 35 160 36 174 37 160 38 215 39 212 40 222 41 225 42 210 43 207 46 181 47 199 48 204 49 189 
249 0.4944356679916382 -0.1727750450372696 0.9418385028839111 25 25 28 2.02 19 221 20 198 21 202 22 216 23 204 24 166 25 190 27 180 28 161 35 161 37 161 38 216 39 213 40 223 41 226 42 211 43 208 46 182 47 200 48 205 49 190 
250 -0.08189915120601654 -0.04621991515159607 0.7063502073287964 189 200 209 3.0 19 222 20 199 21 203 22 217 23 205 24 167 25 191 28 162 35 162 36 175 37 162 38 217 39 214 40 224 41 227 42 212 43 209 47 201 48 206 49 191 
251 0.08626013249158859 -0.16701889038085938 0.6337113380432129 93 91 88 1.07 19 223 20 200 21 204 22 218 23 206 24 168 25 192 26 154 27 181 28 163 38 218 39 215 40 225 41 228 42 213 43 210 46 183 47 202 48 207 49 192 
252 0.32265332341194153 -0.0668121948838234 0.8034671545028687 147 151 152 1.01 19 224 20 201 21 205 22 219 23 207 24 169 25 193 26 155 27 182 28 164 35 163 36 176 37 163 38 219 39 216 40 226 41 229 42 214 43 211 46 184 47 203 48 208 49 193 
253 -0.13293108344078064 -0.039908844977617264 0.6537418365478516 157 147 133 2.72 19 225 20 202 21 206 22 220 23 208 24 170 25 194 26 156 27 183 28 165 36 177 37 164 38 220 39 217 41 230 42 215 43 212 47 204 48 209 49 194 
254 -0.1297510415315628 -0.16833370923995972 0.6964847445487976 15 11 11 1.79 19 226 20 203 21 207 22 221 23 209 24 171 25 195 26 157 27 184 28 166 38 221 41 231 42 216 47 205 48 210 49 195 
255 -0.07768617570400238 0.03725684434175491 0.680792510509491 23 18 17 2.07 19 227 20 204 21 208 22 222 23 210 24 172 25 196 28 167 36 178 37 165 38 222 39 218 40 227 41 232 42 217 47 206 48 211 49 196 
256 0.07624106854200363 -0.06093728169798851 0.6156167387962341 70 70 74 2.25 19 228 20 205 21 209 22 223 23 211 24 173 25 197 26 158 27 185 28 168 36 179 38 223 39 219 40 228 41 233 42 218 43 213 46 185 47 207 48 212 49 197 
257 -0.2148987054824829 0.04003475606441498 0.5855398774147034 26 28 27 4.04 19 229 20 206 21 210 22 224 23 212 24 174 25 198 26 159 28 169 38 224 39 220 40 229 41 234 42 219 43 214 48 213 49 198 
258 -0.1837254762649536 0.1364038735628128 0.5672959089279175 128 117 110 1.89 19 230 20 207 21 211 22 225 23 213 24 175 26 160 28 170 39 221 40 230 48 214 49 199 
259 0.18108828365802765 0.1725269854068756 0.6213696599006653 63 57 56 4.44 19 231 20 208 21 212 22 226 23 214 24 176 25 199 26 161 27 186 28 171 35 164 36 180 37 166 38 225 39 222 40 231 41 235 42 220 43 215 46 186 47 208 48 215 
260 -0.11455406248569489 -0.021944697946310043 0.6624038815498352 141 129 115 2.03 19 232 20 209 21 213 22 227 23 215 24 177 25 200 26 162 27 187 28 172 36 181 37 167 38 226 41 236 42 221 43 216 47 209 48 216 49 200 
261 0.1757919192314148 0.057076163589954376 0.6807407736778259 66 63 60 3.84 19 233 20 210 21 214 22 228 23 216 24 178 25 201 26 163 27 188 28 173 35 165 36 182 37 168 38 227 39 223 40 232 41 237 42 222 43 217 46 187 47 210 48 217 49 201 
262 -0.08903475105762482 -0.11505263298749924 0.7261528968811035 126 139 139 3.1 19 234 20 211 21 215 22 229 23 217 24 179 25 202 28 174 36 183 37 169 38 228 39 224 40 233 41 238 43 218 47 211 48 218 49 202 
263 0.08409994840621948 0.18899020552635193 0.49898070096969604 95 82 84 3.51 19 235 20 212 21 216 22 230 23 218 24 180 25 203 26 164 28 175 36 184 38 229 39 225 40 234 41 239 42 223 43 219 47 212 
264 0.2242257446050644 0.1843581348657608 0.6335282325744629 59 65 78 2.83 19 236 20 213 21 217 22 231 23 219 24 181 25 204 26 165 27 189 28 176 35 166 36 185 37 170 38 230 39 226 40 235 41 240 42 224 43 220 46 188 47 213 
265 0.35326603055000305 0.19299210608005524 0.727134644985199 74 76 86 3.2 19 237 20 214 21 218 22 232 23 220 24 182 25 205 26 166 27 190 28 177 35 167 36 186 37 171 38 231 39 227 40 236 41 241 42 225 43 221 46 189 47 214 
266 -0.08952005207538605 -0.08613613992929459 0.7178826332092285 64 88 88 3.07 19 238 20 215 21 219 22 233 23 221 24 183 25 206 28 178 35 168 36 187 37 172 38 232 39 228 40 237 41 242 43 222 47 215 48 219 49 203 
267 0.34727463126182556 0.09889844059944153 0.7707388997077942 126 128 138 2.0 19 239 20 216 21 220 22 234 23 222 24 184 25 207 26 167 27 191 28 179 35 169 36 188 37 173 38 233 39 229 40 238 41 243 42 226 43 223 46 190 47 216 48 220 49 204 
268 0.20117993652820587 0.20456160604953766 0.5748781561851501 80 69 71 4.07 19 240 20 217 21 221 22 235 23 223 24 185 25 208 26 168 27 192 28 180 36 189 38 234 39 230 40 239 41 244 42 227 43 224 46 191 47 217 
269 0.5311926603317261 0.1299852877855301 1.1313005685806274 118 111 110 3.29 19 241 20 218 21 222 22 236 23 224 25 209 27 193 28 181 35 170 36 190 37 174 38 235 39 231 40 240 41 245 42 228 43 225 46 192 47 218 48 221 49 205 
270 0.21773235499858856 0.061549730598926544 0.8915654420852661 59 45 38 1.27 19 242 21 223 22 237 23 225 24 186 25 210 26 169 27 194 28 182 35 171 36 191 37 175 38 236 39 232 40 241 42 229 43 226 46 193 47 219 48 222 49 206 
271 -0.20496656000614166 -0.05987318605184555 0.6052627563476562 112 109 103 3.42 19 243 20 219 21 224 22 238 23 226 24 187 25 211 26 170 28 183 38 237 39 233 40 242 41 246 42 230 43 227 48 223 49 207 
272 -0.11616311222314835 -0.14092552661895752 0.7135516405105591 109 128 130 3.25 19 244 20 220 21 225 22 239 23 227 24 188 25 212 26 171 27 195 36 192 37 176 38 238 39 234 40 243 41 247 42 231 47 220 48 224 49 208 
273 -0.24361558258533478 0.15417368710041046 0.519015908241272 149 134 121 2.56 19 245 20 221 21 226 22 240 23 228 24 189 26 172 36 193 40 244 41 248 48 225 49 209 
274 0.47510579228401184 -0.1618558168411255 0.9409253001213074 91 89 93 1.28 19 246 20 222 21 227 22 241 23 229 24 190 25 213 27 196 28 184 35 172 37 177 38 239 39 235 40 245 41 249 42 232 43 228 46 194 47 221 48 226 49 210 
275 -0.1601274162530899 0.06268821656703949 0.6064920425415039 145 138 129 2.48 19 247 20 223 21 228 22 242 23 230 24 191 25 214 26 173 28 185 36 194 38 240 39 236 40 246 41 250 42 233 43 229 48 227 49 211 
276 0.4696965217590332 -0.017167245969176292 0.9071840047836304 146 150 157 3.16 19 248 20 224 21 229 22 243 23 231 24 192 25 215 26 174 27 197 28 186 35 173 36 195 37 178 38 241 39 237 40 247 41 251 42 234 43 230 46 195 47 222 48 228 49 212 
277 -0.31131693720817566 0.010361636988818645 0.5133258700370789 104 86 80 4.66 19 249 20 225 21 230 22 244 24 193 26 175 28 187 36 196 38 242 39 238 40 248 41 252 42 235 48 229 49 213 98 15 99 17 
278 -0.17005698382854462 0.14838944375514984 0.39187660813331604 65 58 61 5.91 19 250 20 226 21 231 22 245 24 194 26 176 40 249 41 253 
279 0.07462218403816223 -0.11186268925666809 0.6263638138771057 81 83 89 1.88 19 251 20 227 21 232 22 246 23 232 24 195 25 216 26 177 27 198 28 188 38 243 39 239 40 250 41 254 42 236 43 231 46 196 47 223 48 230 49 214 
280 0.1398380845785141 0.19766932725906372 0.5041680335998535 99 89 91 5.57 19 252 20 228 21 233 22 247 23 233 24 196 25 217 26 178 27 199 28 189 36 197 38 244 39 240 40 251 41 255 42 237 43 232 47 224 
281 0.4839865565299988 0.19083304703235626 0.8645488023757935 108 101 100 6.33 19 253 20 229 21 234 22 248 23 234 24 197 25 218 26 179 27 200 28 190 35 174 36 198 37 179 38 245 39 241 40 252 41 256 42 238 43 233 46 197 47 225 48 231 49 215 
