# 3D point list with one line of data per point:
#   POINT3D_ID, X, Y, Z, R, G, B, ERROR, TRACK[] as (IMAGE_ID, POINT2D_IDX)
# Number of points: 709, mean track length: 6.6
0 -0.13595818337141263 -0.1737721126214156 0.7214674729348135 0 0 0 0.1 21 0 221 0 232 0 
1 0.49950129782789765 -0.20281088107683576 0.9842039518315727 0 0 0 0.23 21 1 77 0 85 0 159 0 
2 0.49322484897837193 -0.16754681288105017 0.9830863088972915 0 0 0 0.37 21 2 32 0 36 0 38 0 77 1 164 0 196 0 
3 0.12963589296733202 -0.15974126602436006 0.9768351482918407 0 0 0 0.18 21 3 148 0 221 1 
4 0.4886324246170771 -0.15211553208314263 0.9832706988796304 0 0 0 0.08 21 4 33 0 146 0 
5 0.4980432429497248 -0.1362685355442006 0.9802928141817667 0 0 0 0.42 21 5 159 1 162 0 
6 0.4315313620090955 -0.13710851891989068 1.06697988535911 0 0 0 0.35 21 6 113 0 172 0 
7 0.39738863772835914 -0.1358626970703118 1.160426945270488 0 0 0 0.18 21 7 32 1 36 1 44 0 77 2 92 0 110 0 164 1 224 0 
8 0.43788257694515614 -0.12260980362530433 1.0531912557211802 0 0 0 0.17 21 8 32 2 113 1 
9 0.4200993688588012 -0.11334345601611594 1.071075991680716 0 0 0 0.51 21 9 33 1 44 1 85 1 146 1 224 1 
10 0.4122505799726922 -0.11290496587084499 1.0931425804281218 0 0 0 0.32 21 10 27 0 33 2 50 0 60 0 146 2 162 1 164 2 213 0 
11 0.41220141218108647 -0.11289758314946065 1.092956173957439 0 0 0 0.32 21 11 27 1 33 3 44 2 50 1 60 1 146 3 
12 0.4864947480267012 -0.09498721819302831 0.9702265902191464 0 0 0 0.18 21 12 38 1 50 2 113 2 148 1 158 0 176 0 213 1 219 0 
13 0.48238317291852756 -0.09377339506893269 0.9741146262345447 0 0 0 0.21 21 13 38 2 60 2 77 3 103 0 110 1 113 3 146 4 157 0 158 1 172 1 176 1 
14 0.49102506601942586 -0.08794203635144086 0.9669473869612352 0 0 0 0.11 21 14 60 3 159 2 
15 0.33186250021413977 -0.10708160037682962 1.199854552093534 0 0 0 0.21 21 15 27 2 50 3 52 0 77 4 85 2 113 4 127 0 128 0 148 2 164 3 224 2 
16 0.46965662473128195 -0.08960178007515061 0.9915737611841869 0 0 0 0.25 21 16 27 3 32 3 33 4 38 3 44 3 52 1 60 4 85 3 92 1 110 2 113 5 127 1 128 1 146 5 148 3 157 1 158 2 159 3 164 4 176 2 213 2 219 1 224 3 
17 0.4578548272156972 -0.08858680288927505 1.0087144253149578 0 0 0 0.2 21 17 52 2 172 2 179 0 
18 0.45859485631725566 -0.08540795316619895 1.0077024358336901 0 0 0 0.24 21 18 27 4 32 4 33 5 44 4 50 4 60 5 61 0 77 5 96 0 103 1 110 3 111 0 113 6 118 0 128 2 148 4 157 2 158 3 159 4 162 2 164 5 172 3 213 3 224 4 
19 0.4519261830635893 -0.08341782596814397 1.0146470867053283 0 0 0 0.19 21 19 38 4 44 5 50 5 60 6 92 2 110 4 111 1 113 7 118 1 146 6 148 5 157 3 159 5 164 6 213 4 224 5 
20 0.4433084076859495 -0.08319187428818904 1.0269870548514877 0 0 0 0.16 21 20 52 3 172 4 
21 0.44828264602305257 -0.08233105990047557 1.020876923409409 0 0 0 0.29 21 21 32 5 61 1 127 2 146 7 158 4 164 7 224 6 
22 0.4381834648321124 -0.08188089381529286 1.0341702560939037 0 0 0 0.13 21 22 110 5 113 8 
23 0.4449868021796113 -0.08085472394913155 1.0244757140286849 0 0 0 0.22 21 23 27 5 32 6 33 6 44 6 50 6 60 7 77 6 110 6 113 9 118 2 127 3 146 8 148 6 157 4 159 6 164 8 176 3 220 0 224 7 
24 0.4420995153786165 -0.07997625175459405 1.028909019966312 0 0 0 0.2 21 24 27 6 32 7 33 7 36 2 44 7 50 7 60 8 61 2 92 3 110 7 113 10 118 3 128 3 146 9 157 5 158 5 176 4 213 5 224 8 
25 0.43840452530061 -0.07848601878416393 1.0337045746242812 0 0 0 0.2 21 25 77 7 85 4 110 8 113 11 118 4 128 4 146 10 148 7 157 6 172 5 176 5 179 1 213 6 232 1 
26 0.43838141488604665 -0.0784866418489377 1.0337692688682127 0 0 0 0.23 21 26 52 4 53 0 77 8 85 5 110 9 113 12 118 5 128 5 146 11 148 8 157 7 158 6 164 9 172 6 176 6 213 7 232 2 
27 0.3578803937497494 -0.08315559605924729 1.1640447520726536 0 0 0 0.23 21 27 32 8 44 8 77 9 113 13 
28 0.43014724831591544 -0.07585626308604036 1.047772727327422 0 0 0 0.3 21 28 33 8 44 9 50 8 52 5 53 1 92 4 96 1 110 10 118 6 146 12 148 9 157 8 159 7 162 3 164 10 172 7 176 7 196 1 213 8 224 9 
29 0.3294579090516673 -0.0830840519320177 1.1982184706688 0 0 0 0.29 21 29 148 10 164 11 
30 0.41537648398475013 -0.07411239930441421 1.067032862186533 0 0 0 0.26 21 30 60 9 179 2 
31 0.42160100602363043 -0.07325128721390238 1.052387982716502 0 0 0 0.29 21 31 172 8 196 2 
32 0.41901855498131946 -0.07236798442289476 1.0596080786964042 0 0 0 0.15 21 32 52 6 158 7 
33 0.4115280323885022 -0.07242212415407677 1.0711554425775218 0 0 0 0.16 21 33 33 9 61 3 148 11 157 9 162 4 164 12 172 9 
34 0.40934575256212424 -0.07176998768518465 1.077233089028636 0 0 0 0.42 21 34 60 10 92 5 110 11 148 12 
35 0.4171536707127424 -0.07140262164856262 1.0640395712996678 0 0 0 0.19 21 35 27 7 32 9 33 10 44 10 50 9 60 11 77 10 110 12 113 14 128 6 148 13 157 10 162 5 164 13 213 9 224 10 
36 0.41708771283454943 -0.0714205136065418 1.064091411919857 0 0 0 0.23 21 36 27 8 32 10 33 11 44 11 50 10 60 12 77 11 110 13 113 15 128 7 146 13 148 14 157 11 158 8 162 6 164 14 179 3 196 3 224 11 
37 0.4134188418991522 -0.07048012852891597 1.0679858972548324 0 0 0 0.24 21 37 27 9 32 11 33 12 36 3 44 12 50 11 60 13 77 12 85 6 92 6 110 14 113 16 118 7 127 4 128 8 146 14 148 15 157 12 162 7 164 15 176 8 196 4 213 10 224 12 
38 0.1797985186825633 -0.06355172230651304 0.9962181452066036 0 0 0 0.42 21 38 224 13 229 0 
39 0.40894935083405426 -0.06867299041208877 1.0764544037687247 0 0 0 0.41 21 39 32 12 44 13 92 7 118 8 179 4 224 14 
40 0.15109224609962874 -0.06019708567630597 0.966644916254171 0 0 0 0.13 21 40 148 16 229 1 
41 0.3946298802419954 -0.0667231840621039 1.0943696597127663 0 0 0 0.17 21 41 44 14 113 17 164 16 172 10 
42 0.39220246045742274 -0.0661989764841709 1.0995095044780432 0 0 0 0.12 21 42 44 15 172 11 
43 0.39220246045742274 -0.0661989764841709 1.0995095044780432 0 0 0 0.12 21 43 44 16 172 12 
44 0.3972067512327332 -0.0645185287396698 1.0942559787389115 0 0 0 0.27 21 44 32 13 44 17 77 13 113 18 146 15 164 17 176 9 224 15 
45 0.3859072682484047 -0.06387516014246329 1.1056416189890848 0 0 0 0.36 21 45 52 7 92 8 103 2 110 15 127 5 172 13 224 16 
46 0.32664629523650773 -0.06733013870706467 1.1976382493057751 0 0 0 0.41 21 46 77 14 110 16 148 17 164 18 196 5 224 17 
47 0.3216167712424442 -0.06765905129430987 1.213661899496944 0 0 0 0.36 21 47 44 18 60 14 92 9 148 18 164 19 196 6 224 18 
48 0.4356029679650318 -0.058031747922701306 1.0420249534999273 0 0 0 0.15 21 48 52 8 148 19 
49 0.3800729451441506 -0.06166680310704208 1.1133884179229268 0 0 0 0.13 21 49 33 13 50 12 61 4 92 10 110 17 113 19 146 16 157 13 213 11 
50 0.3800540061138384 -0.061663526162607125 1.1134865473901183 0 0 0 0.17 21 50 36 4 50 13 52 9 61 5 92 11 110 18 113 20 146 17 157 14 176 10 
51 0.4506134567094569 -0.055500141134819624 1.0092290862610513 0 0 0 0.25 21 51 27 10 148 20 
52 0.3699487702532551 -0.05803622688415578 1.1272020536422431 0 0 0 0.22 21 52 32 14 113 21 
53 0.3339576656426884 -0.058737717765703384 1.1784649049145248 0 0 0 0.24 21 53 27 11 44 19 77 15 148 21 159 8 164 20 196 7 224 19 
54 0.43592764313887283 -0.05212003390890034 1.041594471378557 0 0 0 0.18 21 54 148 22 196 8 224 20 
55 0.37159130239849114 -0.05544442071279447 1.125987940456154 0 0 0 0.23 21 55 50 14 77 16 113 22 118 9 128 9 158 9 162 8 164 21 213 12 219 2 
56 0.3300394384344712 -0.0569577921360032 1.1831278177667197 0 0 0 0.26 21 56 44 20 148 23 164 22 224 21 
57 0.330683839818238 -0.05702552442289446 1.1843373341497019 0 0 0 0.15 21 57 44 21 60 15 
58 0.3496230545621167 -0.048835652257770354 1.1600501419219917 0 0 0 0.25 21 58 44 22 50 15 60 16 77 17 92 12 113 23 157 15 176 11 179 5 
59 0.4354554356746316 -0.04449337818348431 1.0379995911500086 0 0 0 0.26 21 59 44 23 146 18 148 24 
60 0.3460331046163221 -0.04762073605081314 1.1662381012594976 0 0 0 0.35 21 60 44 24 52 10 60 17 77 18 85 7 103 3 148 25 164 23 196 9 224 22 
61 0.3529708404570533 -0.04716798720314573 1.1612237202859212 0 0 0 0.26 21 61 32 15 77 19 110 19 
62 0.3532628998704679 -0.04710031448291671 1.1625618572019634 0 0 0 0.12 21 62 77 20 148 26 
63 0.4376883867453579 -0.04239391084022581 1.0357913012029576 0 0 0 0.08 21 63 44 25 148 27 
64 0.34027002868931583 -0.04301333723736919 1.1707787435342272 0 0 0 0.22 21 64 27 12 44 26 60 18 71 0 77 21 110 20 111 2 113 24 148 28 162 9 164 24 196 10 221 2 224 23 
65 0.43467465702943714 -0.03927905291877986 1.0350690323726275 0 0 0 0.17 21 65 44 27 148 29 
66 0.3191603094564235 -0.0423873685408936 1.2062307007005597 0 0 0 0.15 21 66 60 19 148 30 159 9 
67 0.3610506789655471 -0.040930686251555784 1.1445216706543766 0 0 0 0.19 21 67 44 28 60 20 110 21 146 19 157 16 176 12 213 13 224 24 
68 0.325544824109141 -0.040309336973818 1.1950002083095308 0 0 0 0.11 21 68 60 21 148 31 
69 0.32871013190896714 -0.038837450952732853 1.1855640632575304 0 0 0 0.19 21 69 44 29 110 22 148 32 164 25 
70 0.30869022376596855 -0.03799972188270903 1.2197560891697754 0 0 0 0.17 21 70 77 22 164 26 
71 0.3259475761805011 -0.03735321650154817 1.1897438799687972 0 0 0 0.2 21 71 44 30 60 22 148 33 
72 0.33298351714906005 -0.03717774974828982 1.1878264074833067 0 0 0 0.23 21 72 44 31 60 23 148 34 164 27 
73 0.3133412804318198 -0.03667073232855939 1.2117979794623477 0 0 0 0.2 21 73 77 23 148 35 
74 0.4620336418138058 -0.030428417924958484 0.9932898295569063 0 0 0 0.13 21 74 33 14 164 28 224 25 
75 0.22009185405609866 -0.02835305839448445 1.0207769708656282 0 0 0 0.28 21 75 77 24 148 36 164 29 
76 0.428228221714622 -0.029754875015985477 1.0403868315559253 0 0 0 0.41 21 76 44 32 146 20 157 17 
77 0.38081351023741045 -0.029301272781439094 1.1143984588772613 0 0 0 0.24 21 77 52 11 164 30 229 2 
78 0.22304946295091313 -0.02535626436616681 1.0257931533074358 0 0 0 0.2 21 78 164 31 229 3 
79 0.461452290192726 -0.024937725981452195 0.9919267756906804 0 0 0 0.19 21 79 33 15 77 25 164 32 
80 0.42907606066307413 -0.02536990769951495 1.0411358926353556 0 0 0 0.22 21 80 33 16 44 33 
81 0.3208099360161694 -0.02738080917298741 1.1942585485706645 0 0 0 0.26 21 81 60 24 148 37 
82 0.32851057080303514 -0.025144827066324014 1.1832759301429392 0 0 0 0.33 21 82 60 25 164 33 
83 0.38002650433761986 -0.024448380818083287 1.1111046002962897 0 0 0 0.08 21 83 146 21 164 34 196 11 
84 0.3454087476353608 -0.023815706986471303 1.1601380860315043 0 0 0 0.36 21 84 44 34 50 16 52 12 127 6 128 10 148 38 162 10 
85 0.3433410107515343 -0.02413186574143092 1.152943517337459 0 0 0 0.31 21 85 127 7 148 39 
86 0.32273848924858095 -0.023250110359964053 1.1997075279751397 0 0 0 0.17 21 86 60 26 164 35 
87 0.3121981238163284 -0.01710995942032917 1.2149701296549134 0 0 0 0.41 21 87 44 35 77 26 148 40 164 36 
88 0.4749767542637667 -0.012885857381611309 0.9736182460298687 0 0 0 1.6 21 88 148 41 
89 0.484704351966866 -0.014007717335700798 0.9550565585696725 0 0 0 0.21 21 89 33 17 38 5 44 36 50 17 60 27 77 27 146 22 157 18 164 37 176 13 179 6 213 14 
90 0.4850367609079955 -0.014030324797598411 0.9555999322633774 0 0 0 0.18 21 90 33 18 38 6 50 18 60 28 
91 0.45574558015454664 -0.011922024876378293 0.9963828072468898 0 0 0 0.32 21 91 33 19 44 37 50 19 157 19 213 15 
92 0.4745228139004764 -0.00986127041181948 0.9736954192231233 0 0 0 0.18 21 92 32 16 44 38 50 20 61 6 113 25 148 42 157 20 164 38 172 14 176 14 213 16 
93 0.42096291148870113 -0.0077276013099140915 1.0508411893416179 0 0 0 0.17 21 93 33 20 60 29 
94 0.4112670112389245 -0.006924006476375681 1.0678348578804742 0 0 0 0.33 21 94 33 21 61 7 146 23 148 43 157 21 213 17 
95 0.3811929710134826 -0.00600150862572892 1.1086147231790748 0 0 0 0.18 21 95 33 22 44 39 50 21 60 30 
96 0.4136997810531268 -0.005153298159437891 1.0624386237770398 0 0 0 0.17 21 96 33 23 110 23 113 26 158 10 
97 0.3535764680184205 -0.0019251733168584937 1.1500741601296272 0 0 0 0.38 21 97 44 40 77 28 164 39 
98 0.35948732133891254 -0.0008909437264205218 1.1447681902688096 0 0 0 0.15 21 98 44 41 148 44 164 40 224 26 
99 0.3651860914551164 0.001911731325321066 1.1252657196889932 0 0 0 0.2 21 99 32 17 36 5 85 8 110 24 111 3 113 27 127 8 148 45 164 41 172 15 224 27 
100 0.36514711612755296 0.0019506194780841868 1.1250750915044672 0 0 0 0.22 21 100 32 18 44 42 77 29 110 25 111 4 127 9 148 46 164 42 224 28 
101 0.32775269260678785 0.0023781490986288147 1.1801784493130516 0 0 0 0.13 21 101 60 31 148 47 159 10 224 29 
102 0.44162036778781927 0.0015815153757640546 1.0203734906464688 0 0 0 0.22 21 102 61 8 110 26 128 11 148 48 164 43 179 7 224 30 
103 0.31725963912747207 0.007371175724865833 1.1798543374078496 0 0 0 0.13 21 103 77 30 148 49 224 31 
104 0.21868437240944863 0.008506814892170422 1.0077392308427882 0 0 0 0.28 21 104 110 27 164 44 
105 0.40845432298533274 0.009661939890567255 1.0653157673060847 0 0 0 0.35 21 105 33 24 44 43 50 22 60 32 77 31 118 10 148 50 162 11 164 45 196 12 213 18 224 32 
106 0.4358416176038998 0.01392389620168926 1.0233311079673626 0 0 0 0.19 21 106 33 25 146 24 
107 0.2332189003111811 0.016227716625067563 1.0262827557278085 0 0 0 0.5 21 107 27 13 50 23 164 46 
108 0.3700311351193511 0.018288185940031836 1.109771942199251 0 0 0 0.31 21 108 44 44 60 33 77 32 148 51 164 47 
109 0.19765941678549245 0.0274306068234914 0.9860999291596261 0 0 0 0.12 21 109 148 52 159 11 
110 0.3712405457075923 0.03487392147359028 1.1085417207855242 0 0 0 0.27 21 110 33 26 44 45 52 13 77 33 146 25 162 12 164 48 
111 0.3092172717409404 0.04093725518858475 1.1989076966223415 0 0 0 0.27 21 111 44 46 77 34 85 9 148 53 164 49 196 13 
112 0.3811127719470178 0.040165356977706526 1.0948465876819933 0 0 0 0.33 21 112 33 27 146 26 164 50 
113 0.37319327909216066 0.04264069718215032 1.112149706951063 0 0 0 0.14 21 113 32 19 44 47 
114 0.3615648533282389 0.04476348155707242 1.1147828088249907 0 0 0 0.31 21 114 32 20 36 6 44 48 92 13 113 28 146 27 164 51 
115 0.36168753096279593 0.0449643497585386 1.1151614739866424 0 0 0 0.25 21 115 32 21 44 49 92 14 110 28 113 29 
116 0.36968203031774155 0.046158066413413086 1.1076140026040393 0 0 0 0.3 21 116 33 28 60 34 146 28 
117 0.36322423924699276 0.046801414883205876 1.1109166769464214 0 0 0 0.31 21 117 60 35 127 10 
118 0.23739021262185492 0.051221261524051306 1.0275526510672341 0 0 0 0.51 21 118 77 35 164 52 
119 0.3828877670390075 0.06037043605263224 1.0933907327595243 0 0 0 0.09 21 119 33 29 44 50 148 54 
120 0.2336829976246585 0.05896561740728383 1.0136130937518764 0 0 0 0.12 21 120 159 12 164 53 
121 0.3657309767836044 0.0695487715734712 1.1086429038425074 0 0 0 0.3 21 121 60 36 61 9 92 15 111 5 113 30 146 29 148 55 164 54 172 16 176 15 196 14 
122 0.426888038725878 0.07661422664450719 1.008708753343846 0 0 0 0.19 21 122 33 30 44 51 52 14 148 56 224 33 
123 0.47861121372568577 0.07072936269870563 0.9402014126437094 0 0 0 0.2 21 123 44 52 113 31 
124 0.4505085277413175 0.07915532057509321 0.9858649769853808 0 0 0 0.14 21 124 32 22 44 53 60 37 110 29 
125 0.4190989849158257 0.08551988746544885 1.0283558427446793 0 0 0 0.3 21 125 50 24 61 10 110 30 
126 0.4168987982652118 0.08665050907092535 1.030647733187938 0 0 0 0.33 21 126 146 30 172 17 
127 0.41683394023078896 0.09026075855150129 1.0329380481299775 0 0 0 0.31 21 127 50 25 61 11 110 31 148 57 157 22 164 55 176 16 213 19 219 3 
128 0.4174699479535117 0.09039730956823268 1.0347728162447476 0 0 0 0.3 21 128 148 58 164 56 219 4 
129 0.4441967895816618 0.0920912138443625 0.9884528433975718 0 0 0 0.21 21 129 110 32 146 31 164 57 213 20 
130 0.4405751136902811 0.09352897997108099 0.9969169679418675 0 0 0 0.17 21 130 33 31 157 23 164 58 
131 0.36751597456066376 0.10630414159485503 1.0953107735185261 0 0 0 0.33 21 131 27 14 118 11 146 32 
132 0.4447695685465232 0.09607973887510989 0.9940198330268131 0 0 0 0.16 21 132 110 33 113 32 
133 0.37547099276998325 0.11433754440067231 1.0765233028998973 0 0 0 0.27 21 133 52 15 60 38 172 18 213 21 224 34 
134 0.388632651520749 0.11481946089299026 1.068033301781723 0 0 0 0.22 21 134 60 39 176 17 
135 0.36541780350520914 0.11952541587598058 1.096850322542697 0 0 0 0.24 21 135 77 36 172 19 
136 0.37821077086420124 0.1169668509053196 1.0746561201246028 0 0 0 0.15 21 136 77 37 213 22 
137 0.4562566266728852 0.10495413918201313 0.9643907182991606 0 0 0 0.33 21 137 44 54 50 26 61 12 
138 0.36836597739666893 0.11958063969095338 1.0854939038546272 0 0 0 0.41 21 138 32 23 53 2 60 40 113 33 
139 0.4575397782879871 0.10701609783718391 0.9623250680143837 0 0 0 0.21 21 139 33 32 50 27 
140 0.4008865344628721 0.11748993595378798 1.0409641166451207 0 0 0 0.38 21 140 33 33 44 55 60 41 77 38 85 10 92 16 110 34 128 12 146 33 157 24 162 13 164 59 172 20 176 18 213 23 224 35 
141 0.45602769399268817 0.10868297509700288 0.9640514127668222 0 0 0 0.16 21 141 33 34 44 56 50 28 157 25 
142 0.45616480838414064 0.10858393021756588 0.9642707430860602 0 0 0 0.2 21 142 33 35 44 57 50 29 146 34 157 26 164 60 213 24 
143 0.4540205965137156 0.10953600529583575 0.9657697170377576 0 0 0 0.4 21 143 50 30 92 17 157 27 
144 0.15794706791150528 0.10941133306950197 0.9320635647384724 0 0 0 0.5 21 144 148 59 159 13 
145 0.4261535421191001 0.1176075853631031 1.0061044662560932 0 0 0 0.4 21 145 44 58 50 31 77 39 148 60 157 28 
146 0.42864698789472655 0.120145413171251 1.003066824121918 0 0 0 0.18 21 146 33 36 50 32 157 29 
147 0.4544304357546674 0.11719474178836535 0.9642600361637785 0 0 0 0.18 21 147 33 37 44 59 50 33 60 42 146 35 157 30 158 11 164 61 176 19 213 25 
148 0.4565539382102548 0.11820335840035597 0.9616380710477666 0 0 0 0.23 21 148 33 38 44 60 50 34 60 43 61 13 157 31 158 12 224 36 
149 0.4563837627108022 0.11824231994295972 0.9614491566275915 0 0 0 0.2 21 149 33 39 44 61 50 35 60 44 61 14 77 40 146 36 157 32 158 13 164 62 213 26 
150 0.3464947607288201 0.14185516027881936 1.1139578976015025 0 0 0 0.3 21 150 44 62 50 36 
151 0.4564678533409463 0.12391527424550476 0.9623813633244247 0 0 0 0.29 21 151 33 40 92 18 
152 0.3423841458667403 0.14662848486922778 1.1157208892154251 0 0 0 0.15 21 152 50 37 148 61 
153 0.4542135219442286 0.126011050584719 0.96217776628152 0 0 0 0.15 21 153 33 41 44 63 50 38 92 19 
154 0.4515959850413403 0.1304390470146981 0.9672154254809148 0 0 0 0.22 21 154 33 42 44 64 164 63 224 37 
155 0.359592836373693 0.1553879989132519 1.0941979254436214 0 0 0 0.15 21 155 44 65 110 35 232 3 
156 0.4556568370238868 0.13609702777011662 0.9612219438484413 0 0 0 0.26 21 156 33 43 44 66 60 45 164 64 220 1 224 38 
157 0.42647843795331003 0.1434083235776016 0.9910968233435995 0 0 0 0.18 21 157 44 67 148 62 164 65 
158 0.422812034442184 0.1479572812799688 0.9996772442073018 0 0 0 0.36 21 158 27 15 44 68 77 41 146 37 164 66 
159 0.42818766903521993 0.14980810247994164 0.9948745679518503 0 0 0 0.21 21 159 33 44 77 42 148 63 
160 0.431703703625617 0.14962764250057875 0.984559706724565 0 0 0 0.11 21 160 33 45 50 39 157 33 
161 0.3963240597090565 0.16373480683127595 1.0361742176843889 0 0 0 0.22 21 161 33 46 44 69 50 40 164 67 224 39 
162 0.3832231857674357 0.17235029631047 1.0623465482527774 0 0 0 0.19 21 162 33 47 77 43 164 68 224 40 
163 0.34256528160180194 0.18532284548550973 1.1211363751865393 0 0 0 0.14 21 163 71 1 148 64 
164 0.3522785899179619 0.19146411524193094 1.1050512971136868 0 0 0 0.25 21 164 44 70 50 41 60 46 77 44 224 41 
165 0.3668617347865599 0.19672266982184464 1.0951449092114185 0 0 0 0.18 21 165 44 71 164 69 
166 -0.19690107462979728 -0.15170755026393343 0.6588870798666209 0 0 0 0.49 21 166 224 42 229 4 
167 -0.1983014566574707 -0.148527967800606 0.6569016128927331 0 0 0 0.2 21 167 224 43 229 5 
168 0.05192720828953058 -0.1748957583200827 0.9058174020840666 0 0 0 0.09 21 168 63 0 126 0 
169 0.4951232811762291 -0.1823849358790696 0.9760509791683121 0 0 0 0.35 21 169 52 16 172 21 
170 0.40766171675381757 -0.16979487258859172 1.0908451933819796 0 0 0 0.19 21 170 162 14 164 70 
171 0.4023798375935311 -0.15852883758610564 1.1014232765562295 0 0 0 0.13 21 171 32 24 36 7 92 20 
172 0.4073561253296363 -0.13754546234233722 1.09282333708455 0 0 0 0.27 21 172 44 72 77 45 164 71 
173 0.41062675056181036 -0.13088377997381379 1.0899070353524307 0 0 0 0.38 21 173 96 2 148 65 196 15 224 44 
174 0.421143822025678 -0.1215581449242423 1.0712567329497662 0 0 0 0.26 21 174 77 46 85 11 103 4 159 14 164 72 172 22 
175 0.4887121022757992 -0.09617496684303692 0.9658413981807557 0 0 0 0.1 21 175 38 7 85 12 157 34 213 27 
176 0.4888710587910565 -0.09627014700174055 0.9660822557327458 0 0 0 0.27 21 176 44 73 85 13 92 21 111 6 126 1 146 38 162 15 179 8 
177 0.4136990134408777 -0.10672909332502636 1.0904444757200424 0 0 0 0.26 21 177 118 12 162 16 
178 0.47572307853621504 -0.09441476019540336 0.9832960522424313 0 0 0 0.2 21 178 52 17 60 47 110 36 113 34 162 17 172 23 179 9 
179 0.09690981340156272 -0.08549186254094689 0.9197095850075921 0 0 0 0.43 21 179 142 0 229 6 
180 0.4785110096634253 -0.0924645250807283 0.9809507223222194 0 0 0 0.27 21 180 32 25 33 48 36 8 38 8 60 48 61 15 77 47 92 22 96 3 110 37 113 35 128 13 148 66 158 14 159 15 176 20 220 2 224 45 232 4 
181 0.4632575112171736 -0.09438083726376202 1.0037294949108553 0 0 0 0.31 21 181 52 18 111 7 162 18 172 24 
182 0.4741588442309307 -0.09114612328561304 0.986951043969153 0 0 0 0.29 21 182 32 26 36 9 38 9 44 74 50 42 60 49 77 48 110 38 111 8 113 36 128 14 146 39 157 35 158 15 162 19 172 25 232 5 
183 0.4654698315004029 -0.0882969114546859 0.9976225131605136 0 0 0 0.28 21 183 27 16 32 27 33 49 53 3 60 50 77 49 85 14 92 23 110 39 113 37 127 11 128 15 146 40 148 67 157 36 158 16 159 16 162 20 172 26 176 21 
184 0.4508609397550533 -0.08644599542378806 1.0174190256399858 0 0 0 0.45 21 184 52 19 179 10 
185 -0.1347297462155595 -0.05648985356206001 0.6868490607669886 0 0 0 0.13 21 185 224 46 229 7 
186 0.3284931338466878 -0.09603398188298673 1.201857529104643 0 0 0 0.36 21 186 27 17 43 0 44 75 71 2 77 50 92 24 127 12 148 68 162 21 164 73 221 3 
187 0.3258086620661314 -0.09308387100779528 1.2047942243423582 0 0 0 0.26 21 187 27 18 77 51 127 13 164 74 224 47 
188 0.4226257917773965 -0.08042302314193588 1.0574632037444325 0 0 0 0.19 21 188 52 20 71 3 85 15 113 38 162 22 
189 0.43142225660991235 -0.07959340273058228 1.046831001773843 0 0 0 0.34 21 189 77 52 85 16 96 4 111 9 148 69 158 17 159 17 164 75 196 16 
190 0.43099151334288255 -0.07954248364002775 1.045226074710298 0 0 0 0.29 21 190 77 53 85 17 96 5 111 10 148 70 159 18 164 76 172 27 196 17 224 48 
191 0.33280209451639553 -0.08848197151244887 1.1889881511445053 0 0 0 0.15 21 191 52 21 85 18 103 5 196 18 224 49 
192 0.3329758147681125 -0.08851195345690129 1.1893353578110017 0 0 0 0.17 21 192 43 1 96 6 103 6 111 11 113 39 148 71 164 77 
193 0.3666194448395283 -0.08486569095862805 1.141772635246778 0 0 0 0.2 21 193 110 40 162 23 164 78 
194 0.43434224434601365 -0.07736518872452162 1.0393376928016154 0 0 0 0.36 21 194 33 50 44 76 52 22 53 4 60 51 77 54 85 19 92 25 113 40 127 14 128 16 146 41 148 72 157 37 162 24 164 79 179 11 213 28 224 50 229 8 
195 0.43405010330527555 -0.07739973665077542 1.038542469983815 0 0 0 0.35 21 195 33 51 44 77 53 5 85 20 113 41 127 15 148 73 164 80 196 19 220 3 224 51 229 9 
196 0.44420647290492277 -0.0756448327905303 1.0247959941834937 0 0 0 0.33 21 196 44 78 60 52 110 41 113 42 118 13 146 42 213 29 
197 0.36237865481618975 -0.08250215734700123 1.143579171449545 0 0 0 0.37 21 197 27 19 32 28 36 10 77 55 92 26 
198 0.3245988065336888 -0.08443533218747856 1.2061309486996852 0 0 0 0.24 21 198 44 79 159 19 162 25 224 52 
199 0.3244221791673023 -0.0842977537513844 1.2044953676502332 0 0 0 0.26 21 199 71 4 92 27 110 42 127 16 148 74 159 20 164 81 224 53 
200 0.40400866681428566 -0.07402999886786889 1.083339309887625 0 0 0 0.18 21 200 85 21 111 12 113 43 148 75 
201 0.4859901632627189 -0.06597435109759618 0.9676314602072024 0 0 0 0.15 21 201 50 43 179 12 213 30 
202 0.4843787152545523 -0.06549552534929896 0.970541713354505 0 0 0 0.17 21 202 179 13 224 54 
203 0.3247504546853854 -0.07886160064822895 1.2048815225170855 0 0 0 0.32 21 203 27 20 44 80 52 23 77 56 110 43 111 13 127 17 148 76 164 82 
204 0.3957279214601259 -0.07118725172635289 1.0965816293315718 0 0 0 0.25 21 204 52 24 53 6 60 53 85 22 113 44 146 43 172 28 179 14 
205 0.39093318508677805 -0.06956083110315418 1.1024296569644203 0 0 0 0.32 21 205 60 54 85 23 111 14 113 45 114 0 126 2 142 1 148 77 157 38 172 29 
206 0.41765127866840907 -0.06584377916692165 1.061861329980507 0 0 0 0.28 21 206 27 21 36 11 50 44 60 55 92 28 113 46 146 44 158 18 176 22 219 5 224 55 232 6 
207 0.38275972052380725 -0.06665465438506346 1.1149587642173688 0 0 0 0.36 21 207 25 0 52 25 85 24 103 7 113 47 179 15 
208 0.4843386636407331 -0.056383897343739 0.9665078025626803 0 0 0 0.24 21 208 38 10 44 81 77 57 127 18 148 78 
209 0.17934044848647118 -0.05523807543815849 0.9912040526950491 0 0 0 0.39 21 209 110 44 164 83 196 20 229 10 
210 0.17898788144159505 -0.05536205108236484 0.9906432044069023 0 0 0 0.24 21 210 110 45 159 21 229 11 
211 0.38617113895442046 -0.060588114603277045 1.1056489292871117 0 0 0 0.3 21 211 32 29 50 45 110 46 111 15 113 48 146 45 158 19 176 23 213 31 
212 0.3861711389544183 -0.06058811460327665 1.1056489292871075 0 0 0 0.3 21 212 32 30 50 46 110 47 111 16 113 49 146 46 158 20 176 24 213 32 
213 0.18597138998562568 -0.05396955048521873 0.9973912987796003 0 0 0 0.28 21 213 159 22 164 84 229 12 
214 0.403108664076243 -0.057728054160876105 1.078655427861191 0 0 0 0.26 21 214 44 82 77 58 148 79 164 85 
215 0.19481765607783091 -0.05226901378877832 1.0074577335101633 0 0 0 0.32 21 215 77 59 142 2 164 86 229 13 
216 0.19415826736295302 -0.05214460269304568 1.0053283842621767 0 0 0 0.21 21 216 77 60 196 21 
217 0.37769269527900456 -0.05809815043739318 1.1151510241709022 0 0 0 0.37 21 217 27 22 33 52 52 26 53 7 77 61 96 7 103 8 111 17 113 50 118 14 126 3 127 19 157 39 158 21 159 23 164 87 179 16 213 33 
218 0.37774776544020716 -0.05820780544934081 1.115099971454236 0 0 0 0.4 21 218 27 23 32 31 33 53 36 12 44 83 50 47 52 27 77 62 85 25 92 29 103 9 110 48 111 18 113 51 118 15 146 47 148 80 157 40 158 22 159 24 164 88 179 17 213 34 219 6 229 14 
219 0.32711850975157897 -0.058589686192276974 1.1897485263981116 0 0 0 0.33 21 219 44 84 92 30 111 19 148 81 159 25 
220 0.371732242978406 -0.05109730936174328 1.1218942791787514 0 0 0 0.32 21 220 44 85 60 56 126 4 162 26 164 89 176 25 224 56 
221 0.3752498370503155 -0.04886346291216663 1.116147293152305 0 0 0 0.29 21 221 44 86 52 28 60 57 77 63 85 26 103 10 111 20 126 5 159 26 162 27 176 26 219 7 
222 0.33288031411127383 -0.04977210371682509 1.1864567371810835 0 0 0 0.23 21 222 27 24 44 87 60 58 77 64 110 49 113 52 164 90 
223 0.3665280049018412 -0.04577518337033147 1.1281450489237852 0 0 0 0.2 21 223 32 32 44 88 60 59 67 0 77 65 113 53 146 48 164 91 221 4 
224 0.35043592630780734 -0.04452526443751993 1.1591997061208288 0 0 0 0.26 21 224 27 25 43 2 60 60 61 16 92 31 113 54 118 16 157 41 159 27 164 92 176 27 179 18 
225 0.3504567628955222 -0.04447238707673549 1.1593035920976338 0 0 0 0.28 21 225 27 26 32 33 44 89 50 48 53 8 60 61 92 32 96 8 103 11 110 50 111 21 113 55 118 17 127 20 148 82 157 42 159 28 162 28 164 93 176 28 179 19 232 7 
226 0.34629116312611985 -0.04400578298483157 1.164223031302848 0 0 0 0.31 21 226 50 49 53 9 60 62 96 9 111 22 128 17 157 43 159 29 162 29 172 30 176 29 179 20 219 8 224 57 
227 0.34683458511546994 -0.04399590373715776 1.1648596304558643 0 0 0 0.2 21 227 96 10 111 23 162 30 179 21 219 9 224 58 
228 0.34461308051056555 -0.04374033388412218 1.1681686234051423 0 0 0 0.22 21 228 60 63 71 5 85 27 126 6 196 22 219 10 
229 0.34353452611434476 -0.0437375642033439 1.165094652940326 0 0 0 0.1 21 229 126 7 127 21 
230 -0.0398149372860103 -0.027541181419331894 0.7706538398899896 0 0 0 0.34 21 230 63 1 229 15 
231 0.3561404488897651 -0.04066225300281471 1.1528768282806963 0 0 0 0.28 21 231 26 0 32 34 44 90 52 29 60 64 92 33 164 94 176 30 224 59 
232 0.35610384652736043 -0.04090332920155495 1.1526131694309343 0 0 0 0.25 21 232 60 65 164 95 176 31 
233 0.31125733956017715 -0.039996445122780236 1.2117836995563134 0 0 0 0.23 21 233 77 66 92 34 164 96 
234 0.31127709323670993 -0.03996471302410213 1.2120874420639194 0 0 0 0.23 21 234 77 67 92 35 
235 0.04653360025143822 -0.025741902184298747 0.8581080945021101 0 0 0 0.17 21 235 63 2 142 3 
236 0.4052780691284037 -0.03467783730020262 1.081212130989564 0 0 0 0.15 21 236 127 22 162 31 
237 0.3969651282000366 -0.0340840710425844 1.0938199251538703 0 0 0 0.25 21 237 71 6 92 36 103 12 
238 0.21124962180084095 -0.02999035740982501 1.0155045420538749 0 0 0 0.25 21 238 110 51 142 4 148 83 164 97 
239 0.35339293733862503 -0.03385544957014966 1.158176914338269 0 0 0 0.23 21 239 50 50 60 66 103 13 111 24 127 23 157 44 232 8 
240 0.33258037575369287 -0.031032642442311274 1.183220223932929 0 0 0 0.23 21 240 25 1 26 1 44 91 60 67 71 7 164 98 
241 0.3836176283275917 -0.030052803591559585 1.1126904781644744 0 0 0 0.17 21 241 77 68 111 25 146 49 148 84 224 60 
242 -0.03792958183653804 -0.018087134806497485 0.7709388422063279 0 0 0 0.21 21 242 63 3 221 5 229 16 
243 0.45594992808681273 -0.02487223078806232 0.9950369246160526 0 0 0 0.23 21 243 33 54 118 18 148 85 
244 0.3436005538793657 -0.019426020765807576 1.1579958584773986 0 0 0 0.18 21 244 52 30 77 69 85 28 
245 0.32584857651478427 -0.01802530147655517 1.1801389549810082 0 0 0 0.26 21 245 27 27 44 92 60 68 148 86 164 99 196 23 
246 0.3842109940610953 -0.012952002925028109 1.1085357095334707 0 0 0 0.2 21 246 60 69 111 26 146 50 148 87 157 45 
247 0.38039383408226746 -0.011698247144668794 1.108437847137801 0 0 0 0.21 21 247 27 28 33 55 60 70 146 51 148 88 224 61 
248 0.4429223470130475 -0.00833839779274191 1.015056726735208 0 0 0 0.14 21 248 103 14 111 27 
249 0.20846729901583336 -0.006359478139545345 1.006716578478411 0 0 0 0.33 21 249 164 100 224 62 229 17 
250 0.11323295188225581 -0.0046627051041138075 0.9174099103369409 0 0 0 0.14 21 250 142 5 224 63 
251 0.4851794472195994 -0.0060912629563006524 0.9529613295748123 0 0 0 0.33 21 251 157 46 164 101 176 32 
252 0.3619872539831719 -0.002717490010182607 1.135709373349481 0 0 0 0.22 21 252 148 89 164 102 224 64 
253 0.35391837371379753 0.0019354268482065936 1.1526293764910962 0 0 0 0.31 21 253 44 93 77 70 126 8 127 24 148 90 164 103 224 65 
254 0.33253100722241147 0.0034292186022129535 1.1729692093822828 0 0 0 0.09 21 254 148 91 224 66 
255 -0.03413692917395146 0.0038400421534417785 0.7650786076567466 0 0 0 0.37 21 255 221 6 229 18 
256 0.32177851623135867 0.00409732676491024 1.1884639409165196 0 0 0 0.17 21 256 27 29 60 71 148 92 164 104 224 67 
257 0.344095696661164 0.0038899486078861323 1.1605876155406656 0 0 0 0.31 21 257 164 105 224 68 
258 0.23628098561791888 0.005990927028084009 1.0264073958248703 0 0 0 0.47 21 258 77 71 85 29 148 93 164 106 196 24 
259 0.36514950832419557 0.008960002775556274 1.1230262634438348 0 0 0 0.21 21 259 44 94 85 30 110 52 148 94 164 107 
260 0.3648392357481702 0.00892875312756214 1.1219981755531183 0 0 0 0.22 21 260 44 95 77 72 110 53 148 95 164 108 
261 0.42399995440250954 0.010296526046531937 1.0407086729051018 0 0 0 0.23 21 261 44 96 103 15 111 28 113 56 162 32 
262 0.1938108535132204 0.011329433796534337 0.9881081094529225 0 0 0 0.14 21 262 148 96 164 109 
263 0.3250579969075813 0.015404547442890203 1.1760286377400102 0 0 0 0.12 21 263 77 73 224 69 
264 0.3781196881351979 0.014136372346363196 1.10347866729873 0 0 0 0.34 21 264 114 1 159 30 
265 0.2058936904417396 0.01633326796432751 0.9976505540569933 0 0 0 0.31 21 265 77 74 110 54 142 6 148 97 159 31 196 25 224 70 
266 0.2058157670945637 0.016405733224250672 0.9977628109126484 0 0 0 0.21 21 266 77 75 110 55 142 7 148 98 159 32 196 26 229 19 
267 0.15947773719496672 0.01712528940201814 0.955020608021533 0 0 0 0.21 21 267 126 9 159 33 196 27 224 71 
268 0.3811821366276403 0.01983022941674702 1.1004120905451358 0 0 0 0.26 21 268 33 56 50 51 52 31 60 72 77 76 111 29 118 19 127 25 128 18 146 52 148 99 162 33 164 110 196 28 213 35 224 72 
269 0.39678098570783854 0.03530798619371613 1.0730760527119858 0 0 0 0.2 21 269 60 73 162 34 
270 0.30723119601758814 0.05494509047335119 1.1861321749141882 0 0 0 0.09 21 270 44 97 126 10 148 100 
271 0.33611276871555756 0.06991253798692779 1.145247367781345 0 0 0 0.59 21 271 44 98 52 32 71 8 85 31 
272 0.38197089456225447 0.06684511886203574 1.0897447720388889 0 0 0 0.31 21 272 60 74 85 32 162 35 164 111 
273 0.38613767960656514 0.06754259665839646 1.0908216075049606 0 0 0 0.3 21 273 27 30 77 77 221 7 
274 0.3434973291384762 0.07547731310094694 1.1342568610947013 0 0 0 0.16 21 274 50 52 52 33 118 20 232 9 
275 0.3660893884197451 0.07582842693841713 1.107815626311502 0 0 0 0.32 21 275 32 35 43 3 52 34 53 10 60 75 61 17 71 9 73 0 77 78 85 33 96 11 110 56 111 30 113 57 114 2 127 26 146 53 148 101 162 36 172 31 196 29 213 36 224 73 229 20 
276 0.32424846676336405 0.07949983245773205 1.1597126440727932 0 0 0 0.29 21 276 26 2 44 99 73 1 148 102 164 112 196 30 224 74 
277 0.41349938008231457 0.08069612974136209 1.04170078711977 0 0 0 0.13 21 277 128 19 172 32 232 10 
278 0.42888351728583757 0.07862656782785021 1.0064045611927033 0 0 0 0.17 21 278 27 31 52 35 162 37 164 113 196 31 224 75 
279 0.428918238215742 0.07869451846698838 1.0065470239605445 0 0 0 0.24 21 279 27 32 52 36 111 31 164 114 
280 0.4099134820375657 0.08417092983547138 1.0420811163096289 0 0 0 0.2 21 280 50 53 118 21 146 54 172 33 176 33 213 37 
281 0.4023111877955732 0.0883036029038964 1.045324080457557 0 0 0 0.09 21 281 44 100 224 76 
282 0.45392400905780733 0.08764313355996205 0.9674040545352992 0 0 0 0.27 21 282 52 37 164 115 172 34 
283 0.39117423319886563 0.10466505551079584 1.0674807557074206 0 0 0 0.29 21 283 44 101 113 58 114 3 162 38 
284 0.3869157401742212 0.10542859939943834 1.067869610740856 0 0 0 0.43 21 284 33 57 162 39 
285 0.3863160321894726 0.10640986212988723 1.0748175322983577 0 0 0 0.2 21 285 33 58 44 102 50 54 77 79 164 116 172 35 213 38 
286 0.3837715531477343 0.10792568497067878 1.081936152398699 0 0 0 0.51 21 286 77 80 162 40 164 117 224 77 
287 0.3915785352895859 0.10427286930642318 1.0441088216351022 0 0 0 0.15 21 287 60 76 92 37 
288 0.39004689954699623 0.10768959883457106 1.0607556773537166 0 0 0 0.14 21 288 60 77 110 57 113 59 
289 0.38330653221636146 0.11015964567612395 1.071999933858711 0 0 0 0.19 21 289 44 103 52 38 61 18 77 81 148 103 162 41 164 118 213 39 
290 0.058259284668452635 0.08876102914620722 0.8352558214678849 0 0 0 0.42 21 290 126 11 229 21 
291 0.38138871448363065 0.11458690391519362 1.0749688005840607 0 0 0 0.37 21 291 27 33 96 12 
292 -0.008230820689587217 0.0825277116510633 0.7556473903600989 0 0 0 0.2 21 292 224 78 229 22 
293 -0.005025299219300073 0.08467813577245974 0.7557218355236356 0 0 0 0.11 21 293 224 79 229 23 
294 0.3784889306697568 0.12309045466071712 1.0730963681936372 0 0 0 0.3 21 294 27 34 44 104 50 55 53 11 61 19 71 10 77 82 96 13 103 16 111 32 118 22 128 20 146 55 148 104 159 34 162 42 164 119 196 32 213 40 221 8 224 80 
295 -0.06419961906109048 0.08473349009958642 0.7101165886045696 0 0 0 0.23 21 295 224 81 229 24 
296 0.45616916944394525 0.11372355947372893 0.9626695070100667 0 0 0 0.1 21 296 33 59 44 105 50 56 61 20 157 47 
297 0.4562394150749047 0.11383956976878236 0.9627177034039037 0 0 0 0.18 21 297 33 60 44 106 50 57 60 78 61 21 77 83 118 23 146 56 148 105 157 48 162 43 164 120 176 34 213 41 
298 0.34287290417537347 0.13713359411196735 1.1171979298574646 0 0 0 0.43 21 298 27 35 50 58 77 84 111 33 118 24 164 121 221 9 224 82 232 11 
299 0.3672802582644041 0.13680802364881153 1.085985679756043 0 0 0 0.46 21 299 27 36 50 59 71 11 77 85 111 34 118 25 146 57 148 106 224 83 
300 0.39244696225728964 0.14006155380652074 1.0543859278754393 0 0 0 0.4 21 300 32 36 33 61 50 60 60 79 61 22 113 60 157 49 162 44 
301 0.4668405437128962 0.1272276624120698 0.954082335781067 0 0 0 0.22 21 301 52 39 77 86 224 84 
302 0.3430812809077822 0.14995880046416826 1.1129491429871001 0 0 0 0.57 21 302 27 37 44 107 77 87 148 107 196 33 
303 0.39420651580361565 0.14090223934918417 1.0465389858370548 0 0 0 0.24 21 303 25 2 26 3 44 108 60 80 71 12 73 2 92 38 110 58 111 35 113 61 148 108 159 35 162 45 164 122 221 10 224 85 
304 0.4217031089170307 0.13717493927563726 1.0168856534447823 0 0 0 0.38 21 304 32 37 33 62 44 109 92 39 111 36 220 4 224 86 
305 0.38587689003359776 0.14355848595064255 1.0652730295408477 0 0 0 0.45 21 305 25 3 50 61 52 40 111 37 146 58 148 109 157 50 162 46 172 36 
306 0.4598074654831421 0.12925410966983997 0.9551991931176443 0 0 0 0.27 21 306 52 41 162 47 224 87 
307 0.3670067288083445 0.14866859036723584 1.082657190470574 0 0 0 0.12 21 307 43 4 232 12 
308 0.3722472149867848 0.15125791904073665 1.0775422518294906 0 0 0 0.58 21 308 33 63 61 23 77 88 92 40 148 110 164 123 196 34 213 42 
309 0.3652263663478796 0.15520038154494786 1.0862663629231053 0 0 0 0.19 21 309 114 4 162 48 224 88 
310 0.39606766950502653 0.14910347341538444 1.0394664794544022 0 0 0 0.37 21 310 33 64 50 62 73 3 85 34 113 62 162 49 164 124 224 89 
311 0.37418828814347765 0.15810393178523063 1.0726981719061452 0 0 0 0.22 21 311 44 110 196 35 224 90 
312 0.43675478851237487 0.14714585579258654 0.9621218760743976 0 0 0 0.29 21 312 44 111 77 89 162 50 
313 0.4289106608952886 0.1563008474373101 0.9946538335973738 0 0 0 0.64 21 313 33 65 44 112 111 38 164 125 
314 0.45105039231588046 0.15045561648111017 0.9614465997563001 0 0 0 0.39 21 314 44 113 52 42 110 59 148 111 164 126 
315 0.42538347290217343 0.15775322055291605 0.9957210770326463 0 0 0 0.4 21 315 44 114 50 63 61 24 77 90 110 60 111 39 146 59 164 127 176 35 
316 0.41641569194745487 0.14746949239082668 0.9261118822315874 0 0 0 0.3 21 316 33 66 44 115 162 51 
317 0.36518301626422056 0.17597197379664448 1.0836471494398432 0 0 0 0.17 21 317 44 116 60 81 73 4 111 40 164 128 
318 0.34860151027242775 0.19183687311851916 1.1119446091431213 0 0 0 0.33 21 318 148 112 164 129 
319 0.3529093689406434 0.19685803616068193 1.1043363855556485 0 0 0 0.34 21 319 44 117 50 64 60 82 164 130 196 36 
320 0.3688801063077406 0.19689775097668868 1.0711748482434624 0 0 0 0.21 21 320 44 118 162 52 164 131 
321 0.37465874873517285 0.20529597901019542 1.0669162960036613 0 0 0 0.27 21 321 44 119 92 41 196 37 
322 -0.015038601703069168 -0.1795116006445687 0.8333574546838061 0 0 0 0.25 21 322 73 5 142 8 229 25 
323 -0.02236081754557408 -0.17470725653596336 0.8265984340720283 0 0 0 0.3 21 323 63 4 142 9 
324 0.13780798248588128 -0.15083784105672535 0.9753349114200722 0 0 0 0.52 21 324 26 4 96 14 148 113 159 36 221 11 
325 0.48258541367878793 -0.15438414898575506 0.992068321454281 0 0 0 0.24 21 325 67 1 126 12 
326 0.4100750850864704 -0.16650762914931175 1.0893681410277516 0 0 0 0.25 21 326 146 60 148 114 164 132 
327 0.05720740340536447 -0.12855516390702376 0.896218515236621 0 0 0 0.08 21 327 63 5 142 10 
328 0.4955682587675795 -0.12864574242157573 0.9792402272832894 0 0 0 0.29 21 328 77 91 103 17 
329 0.4163074250775806 -0.12756755186858498 1.0801706107659788 0 0 0 0.28 21 329 25 4 33 67 44 120 50 65 77 92 126 13 128 21 146 61 148 115 162 53 176 36 224 91 
330 0.4116071579764673 -0.1270442385562848 1.082798192584537 0 0 0 0.25 21 330 27 38 33 68 44 121 50 66 77 93 111 41 113 63 146 62 148 116 162 54 164 133 196 38 221 12 224 92 
331 0.4795795614608513 -0.11187610061289895 0.9746111276003357 0 0 0 0.34 21 331 52 43 111 42 179 22 
332 0.3966081001772051 -0.10730221359839887 1.10723409100522 0 0 0 0.3 21 332 43 5 60 83 113 64 
333 0.3662599036216889 -0.10143133986921614 1.139339036475398 0 0 0 0.43 21 333 113 65 162 55 164 134 
334 0.44975252293144735 -0.07366534416211355 1.0182173761167317 0 0 0 0.22 21 334 44 122 162 56 
335 0.1037220956152024 -0.059531283163132026 0.9197093873189334 0 0 0 0.23 21 335 126 14 142 11 
336 0.42577293611434364 -0.07007316466307596 1.0513423578771315 0 0 0 0.32 21 336 52 44 77 94 85 35 92 42 96 15 110 61 113 66 126 15 146 63 148 117 159 37 164 135 172 37 176 37 
337 0.16143783676416487 -0.06369611864538209 0.9810003184425176 0 0 0 0.48 21 337 25 5 73 6 126 16 142 12 159 38 
338 0.3772873589460673 -0.0701046337372739 1.118568013955539 0 0 0 0.18 21 338 113 67 148 118 172 38 
339 0.10435320069266506 -0.0516607999919249 0.9188610264766551 0 0 0 0.23 21 339 126 17 229 26 
340 0.3516291355054181 -0.06494096054871393 1.1669920985326718 0 0 0 0.38 21 340 43 6 50 67 53 12 96 16 111 43 164 136 176 38 219 11 
341 0.43822187443109395 -0.04864471803845626 1.0376390658256034 0 0 0 0.19 21 341 44 123 77 95 111 44 148 119 
342 0.34347287898147366 -0.0536781841988693 1.1699502009624276 0 0 0 0.29 21 342 25 6 26 5 27 39 44 124 60 84 67 2 71 13 73 7 77 96 85 36 92 43 96 17 103 18 110 62 111 45 118 26 126 18 127 27 148 120 159 39 162 57 164 137 176 39 181 0 196 39 219 12 221 13 224 93 232 13 
343 0.32389150929632565 -0.05213096853731879 1.1970790893827816 0 0 0 0.31 21 343 26 6 60 85 73 8 77 97 148 121 164 138 224 94 
344 0.31560673541700746 -0.04460811286264432 1.2139222095598683 0 0 0 0.26 21 344 77 98 148 122 164 139 
345 0.3323727945575925 -0.043057193141557794 1.1857916753391253 0 0 0 0.15 21 345 25 7 44 125 60 86 77 99 148 123 
346 0.1982052573515062 -0.031512731134147966 1.006209118588361 0 0 0 0.15 21 346 142 13 148 124 
347 0.43561128694465867 -0.03283222377993607 1.0373078259638648 0 0 0 0.19 21 347 26 7 33 69 146 64 148 125 158 23 162 58 164 140 224 95 
348 0.3181546869289874 -0.036583347940862494 1.2016498648716951 0 0 0 0.59 21 348 26 8 44 126 52 45 60 87 77 100 148 126 159 40 181 1 224 96 
349 0.3287588569480501 -0.03442366039895787 1.1878031364451351 0 0 0 0.24 21 349 25 8 26 9 27 40 44 127 60 88 71 14 73 9 77 101 85 37 111 46 142 14 148 127 196 40 224 97 
350 0.05201681162554802 -0.018648022035939227 0.8640779026542728 0 0 0 0.26 21 350 126 19 142 15 
351 0.4762221371652511 -0.022198981975227256 0.9737858077625108 0 0 0 0.31 21 351 27 41 38 11 53 13 61 25 85 38 111 47 113 68 148 128 159 41 164 141 176 40 232 14 
352 0.4688075873185062 -0.020117990651093372 0.9853086002279063 0 0 0 0.36 21 352 61 26 110 63 128 22 
353 -0.009526024401964093 -0.013975457361456943 0.7826199644791534 0 0 0 0.07 21 353 142 16 224 98 
354 0.36722557512948545 -0.02016908192258582 1.1234230458225307 0 0 0 0.09 21 354 52 46 113 69 
355 0.4750986291003106 -0.018035957180152492 0.9753062072086942 0 0 0 0.35 21 355 25 9 27 42 44 128 50 68 52 47 53 14 61 27 63 6 67 3 71 15 77 102 85 39 92 44 103 19 110 64 111 48 113 70 146 65 148 129 158 24 162 59 172 39 176 41 224 99 232 15 
356 0.18875887391773602 -0.016454534919745918 0.992984243359855 0 0 0 0.23 21 356 148 130 159 42 
357 0.19852938978187354 -0.01482366025334098 1.0018562305859886 0 0 0 0.2 21 357 142 17 148 131 224 100 
358 0.32714242536058813 -0.012818157867690782 1.1831969263049593 0 0 0 0.36 21 358 44 129 60 89 73 10 126 20 164 142 
359 0.39025332070713376 -0.010632962369535637 1.105335713279945 0 0 0 0.22 21 359 111 49 157 51 
360 0.48155726505315244 -0.009961465226652207 0.9576406954208765 0 0 0 0.2 21 360 38 12 103 20 110 65 172 40 220 5 
361 0.22547022169144534 0.0010257447246920651 1.0204691618908948 0 0 0 0.47 21 361 77 103 159 43 196 41 
362 0.3646120018305048 0.005352068685553533 1.137980095686754 0 0 0 0.66 21 362 92 45 127 28 148 132 164 143 
363 0.1988834456766333 0.008652805159199863 0.9942765776031881 0 0 0 0.4 21 363 142 18 148 133 164 144 
364 0.33252746904176045 0.008851471215820955 1.1783930837115892 0 0 0 0.2 21 364 77 104 148 134 164 145 224 101 
365 0.36363913532996395 0.012292257727380042 1.1331081086328945 0 0 0 0.49 21 365 92 46 111 50 164 146 
366 0.20439857644976667 0.011391841065063428 0.9988018443650318 0 0 0 0.38 21 366 110 66 148 135 164 147 
367 0.4109226511376685 0.015579036424756235 1.060066091544787 0 0 0 0.16 21 367 33 70 103 21 111 51 
368 0.21655376292996428 0.016790478577303366 1.0080813717373949 0 0 0 0.24 21 368 77 105 142 19 159 44 164 148 196 42 
369 0.3632958867775446 0.019925107868638863 1.1278464329334346 0 0 0 0.35 21 369 44 130 157 52 
370 0.39670677380755276 0.01951752741431139 1.07905710667683 0 0 0 0.15 21 370 44 131 71 16 113 71 148 136 
371 0.2382739385095323 0.020712131028033893 1.0271323262192058 0 0 0 0.11 21 371 142 20 196 43 
372 0.21689840883299635 0.027952208269672967 1.007603563123283 0 0 0 0.3 21 372 27 43 77 106 126 21 142 21 148 137 164 149 196 44 224 102 
373 0.36643928166894885 0.035190263343108624 1.1234880961973928 0 0 0 0.33 21 373 77 107 126 22 148 138 162 60 164 150 
374 0.19940937959598906 0.033674805151847946 0.9896263848540422 0 0 0 0.2 21 374 126 23 142 22 148 139 159 45 
375 0.36863043045964106 0.03943408888372026 1.1104185174624905 0 0 0 0.44 21 375 26 10 43 7 44 132 60 90 71 17 73 11 77 108 114 5 148 140 164 151 172 41 224 103 
376 0.36463983745560163 0.043034044954924446 1.1148629511555943 0 0 0 0.42 21 376 26 11 27 44 32 38 52 48 60 91 73 12 77 109 85 40 88 0 113 72 114 6 126 24 127 29 146 66 148 141 159 46 162 61 
377 0.37229702845172413 0.053623612490444214 1.1035728696285676 0 0 0 0.33 21 377 73 13 114 7 126 25 148 142 221 14 
378 0.3246422412592982 0.05726078860908887 1.1683728236541282 0 0 0 0.34 21 378 60 92 73 14 77 110 126 26 164 152 
379 0.3253843479486935 0.05718344410172808 1.1704273279608484 0 0 0 0.28 21 379 60 93 73 15 77 111 
380 0.3646490230504058 0.056843809752798416 1.110747521593191 0 0 0 0.17 21 380 114 8 172 42 
381 -0.03130153464137628 0.04591979799149539 0.7539651268547659 0 0 0 0.27 21 381 142 23 229 27 
382 0.36971833646995284 0.07692051143073102 1.1035571334711656 0 0 0 0.29 21 382 25 10 44 133 52 49 77 112 111 52 114 9 146 67 148 143 164 153 172 43 176 42 224 104 229 28 
383 0.3248528875664043 0.08577325142695251 1.158632825862947 0 0 0 0.61 21 383 44 134 52 50 60 94 164 154 
384 0.45706160395344253 0.0705183958518632 0.9719535705496486 0 0 0 0.22 21 384 52 51 127 30 
385 0.4170690495164029 0.079203487306869 1.0326575841221701 0 0 0 0.2 21 385 111 53 172 44 
386 0.39472776413302435 0.08424038401195384 1.0548914348076657 0 0 0 0.14 21 386 50 69 114 10 
387 0.08668347039900248 0.07293919545338978 0.8641531124947656 0 0 0 0.53 21 387 142 24 224 105 
388 0.4329511547432549 0.08602425598866215 1.0043546553417384 0 0 0 0.08 21 388 162 62 172 45 
389 0.42914383201689227 0.08895943491441212 1.0044565855663046 0 0 0 0.28 21 389 52 52 111 54 114 11 
390 0.4626264298683143 0.08686285554160973 0.9626779280601058 0 0 0 0.08 21 390 111 55 162 63 
391 -0.06418598101645417 0.07006060982904391 0.7147367574935115 0 0 0 0.12 21 391 142 25 229 29 
392 0.20219698978534434 0.10178076072055128 0.9792359802003681 0 0 0 0.2 21 392 164 155 224 106 
393 0.21818354088718392 0.10840083669595772 0.9867667890866193 0 0 0 0.41 21 393 77 113 110 67 142 26 159 47 196 45 
394 0.2046927589319257 0.11081894920802508 0.9872624348572367 0 0 0 0.2 21 394 148 144 164 156 
395 -0.06684291905387539 0.08227373136147685 0.7103312686350466 0 0 0 0.21 21 395 142 27 224 107 229 30 
396 0.3965491200455748 0.11893729653095905 1.0466092637667574 0 0 0 0.3 21 396 26 12 44 135 50 70 60 95 61 28 77 114 85 41 110 68 111 56 157 53 164 157 176 43 224 108 
397 0.42902110646415414 0.11631686118364641 0.9999629753305518 0 0 0 0.24 21 397 25 11 33 71 50 71 61 29 77 115 111 57 146 68 148 145 157 54 158 25 164 158 172 46 176 44 196 46 213 43 229 31 
398 -0.0667280378982841 0.08738948225345598 0.7098414808094917 0 0 0 0.18 21 398 73 16 229 32 
399 -0.0667280378982841 0.08738948225345598 0.7098414808094917 0 0 0 0.18 21 399 73 17 229 33 
400 0.35087587929893604 0.13659067922242552 1.114234665059211 0 0 0 0.28 21 400 43 8 60 96 
401 -0.06650081522491304 0.09427770760642766 0.7076273158463591 0 0 0 0.18 21 401 73 18 224 109 229 34 
402 -0.0664565379413365 0.09426280983786511 0.7074221038524835 0 0 0 0.19 21 402 224 110 229 35 
403 0.41578458876469965 0.1328571998141387 1.0222147217352646 0 0 0 0.19 21 403 96 18 162 64 164 159 176 45 224 111 
404 0.41144545056095566 0.1349101734634124 1.0282629737936937 0 0 0 0.4 21 404 52 53 111 58 162 65 196 47 224 112 
405 0.39655890777151453 0.14075212184850264 1.040736987796317 0 0 0 0.37 21 405 44 136 50 72 148 146 164 160 
406 0.4388165567865134 0.13561695228303877 0.9933067940259477 0 0 0 0.49 21 406 27 45 162 66 172 47 232 16 
407 0.42127982470313374 0.1395647169593391 1.006975097414934 0 0 0 0.28 21 407 25 12 26 13 33 72 44 137 60 97 71 18 92 47 113 73 146 69 148 147 162 67 164 161 220 6 224 113 
408 0.3866725809231406 0.15156056585560282 1.065511070416467 0 0 0 0.29 21 408 44 138 52 54 71 19 77 116 118 27 146 70 148 148 162 68 172 48 232 17 
409 0.453583762568605 0.13978385243621885 0.9584109787314828 0 0 0 0.22 21 409 33 73 44 139 52 55 60 98 77 117 92 48 103 22 111 59 148 149 158 26 162 69 164 162 172 49 196 48 220 7 224 114 
410 0.391954261572315 0.15523733331307332 1.0503493969816335 0 0 0 0.46 21 410 33 74 50 73 60 99 73 19 77 118 81 0 111 60 148 150 162 70 164 163 176 46 224 115 
411 -0.01046018087614616 0.11339409475130734 0.739014604498532 0 0 0 0.31 21 411 63 7 142 28 224 116 
412 0.44774478048212196 0.14576080052083112 0.9666460504209825 0 0 0 0.25 21 412 44 140 172 50 220 8 224 117 
413 0.14556469143450054 0.14405231847908098 0.9065837062558003 0 0 0 0.27 21 413 142 29 229 36 
414 0.21852664699176075 0.15860057780365477 0.9732658754612618 0 0 0 0.35 21 414 142 30 148 151 164 164 
415 0.4024065080523689 0.16696495762424504 1.0287918219848047 0 0 0 0.14 21 415 33 75 44 141 77 119 111 61 148 152 164 165 196 49 224 118 
416 0.20861948482905687 0.16175219917135028 0.968651732718678 0 0 0 0.27 21 416 148 153 196 50 
417 0.36708716777615163 0.17931349559325582 1.078855916697552 0 0 0 0.29 21 417 60 100 73 20 111 62 164 166 224 119 
418 0.35385455198640553 0.18490344472103104 1.1019517812199418 0 0 0 0.13 21 418 60 101 164 167 
419 0.3443690572799355 0.18821954798668733 1.1137552802184114 0 0 0 0.26 21 419 111 63 148 154 164 168 196 51 224 120 
420 0.43302376775360124 0.1872941493099823 0.988342984269004 0 0 0 0.29 21 420 44 142 77 120 92 49 
421 -0.2188706146519667 -0.1933610510311058 0.6508774558169741 0 0 0 0.54 21 421 224 121 229 37 
422 -0.21863439600195986 -0.19326157018156026 0.6503247761700511 0 0 0 0.47 21 422 73 21 224 122 229 38 
423 -0.14714617953405124 -0.17946807422764777 0.7116737293735729 0 0 0 0.27 21 423 63 8 73 22 96 19 229 39 
424 -0.11119236061801042 -0.18699126654880047 0.7446126503712691 0 0 0 0.21 21 424 63 9 73 23 
425 -0.13677218819671128 -0.17717586285504158 0.7185385033627336 0 0 0 0.51 21 425 25 13 26 14 71 20 73 24 88 1 229 40 
426 -0.13466219681872635 -0.16662757013439453 0.7178142109671862 0 0 0 0.33 21 426 73 25 96 20 
427 0.1515242263512705 -0.1902751465292909 1.0032256234787156 0 0 0 0.29 21 427 26 15 71 21 81 1 221 15 232 18 
428 0.15065722267482756 -0.1540096296865204 0.9896942813952556 0 0 0 0.4 21 428 26 16 71 22 73 26 142 31 148 155 221 16 224 123 
429 0.491373406297578 -0.1499600219072802 0.9795618047839941 0 0 0 0.29 21 429 71 23 103 23 
430 0.413088274283285 -0.1330115386938608 1.0812380511655073 0 0 0 0.23 21 430 44 143 127 31 
431 0.04383457416832977 -0.07077874005108915 0.8680601695382805 0 0 0 0.17 21 431 63 10 142 32 
432 0.06491045316225753 -0.052616922395198946 0.8819374956652031 0 0 0 0.22 21 432 73 27 142 33 221 17 
433 0.4206129763866526 -0.06158057438282248 1.0627140442668188 0 0 0 0.23 21 433 60 102 146 71 
434 0.1161624423210913 -0.046741138742992495 0.9301066908052226 0 0 0 0.23 21 434 142 34 196 52 
435 0.31979628393057674 -0.06167819791601256 1.2135185862981148 0 0 0 0.3 21 435 92 50 148 156 159 48 164 169 
436 0.3505687027358853 -0.03886546433332898 1.1599617873280674 0 0 0 0.34 21 436 25 14 26 17 27 46 32 39 43 9 44 144 50 74 53 15 60 103 67 4 71 24 73 28 77 121 81 2 88 2 92 51 103 24 111 64 118 28 128 23 148 157 157 55 164 170 176 47 181 2 221 18 224 124 232 19 
437 -0.028654145556654496 -0.023465117274203237 0.7762375785683081 0 0 0 0.38 21 437 63 11 142 35 
438 0.20401088027003605 -0.030729293407559494 1.008455912307165 0 0 0 0.42 21 438 26 18 110 69 164 171 
439 0.366742570534837 -0.03384289680187616 1.129827125278944 0 0 0 0.29 21 439 50 75 60 104 67 5 81 3 111 65 113 74 118 29 127 32 146 72 157 56 162 71 164 172 172 51 176 48 179 23 181 3 213 44 221 19 232 20 
440 0.36675125684722004 -0.03320694381696943 1.129067189602953 0 0 0 0.43 21 440 52 56 92 52 111 66 
441 0.3637474084291921 -0.029277163091313684 1.1365950872125352 0 0 0 0.26 21 441 43 10 50 76 52 57 60 105 67 6 71 25 81 4 88 3 92 53 96 21 110 70 111 67 118 30 127 33 128 24 157 57 199 0 221 20 224 125 232 21 
442 -0.010607976766610096 -0.018085423741414038 0.7829220224279261 0 0 0 0.12 21 442 63 12 142 36 
443 0.34927951120056205 -0.024219214771282402 1.1590335887996344 0 0 0 0.21 21 443 43 11 81 5 88 4 92 54 96 22 103 25 113 75 
444 0.4837146477791851 -0.01772751265497448 0.9590297482008282 0 0 0 0.46 21 444 52 58 63 13 126 27 159 49 162 72 
445 0.4837125875956675 -0.017591130136557113 0.959183676224854 0 0 0 0.45 21 445 38 13 61 30 63 14 126 28 146 73 157 58 158 27 172 52 221 21 232 22 
446 0.03802155027364908 -0.012290524030173723 0.8462069366700262 0 0 0 0.15 21 446 63 15 142 37 
447 0.11725604947545773 -0.007893277006852755 0.9195855089377317 0 0 0 0.53 21 447 142 38 196 53 224 126 
448 0.22397487126208246 -0.00946985595784078 1.023528664137357 0 0 0 0.28 21 448 77 122 142 39 159 50 196 54 229 41 
449 0.39519341091128907 -0.003389907483720834 1.0830486893533688 0 0 0 0.43 21 449 26 19 27 47 33 76 50 77 60 106 61 31 111 68 113 76 114 12 157 59 162 73 164 173 172 53 
450 0.38032519299145795 -0.0002600137184449991 1.1096886257245968 0 0 0 0.21 21 450 142 40 164 174 
451 0.43910482047379734 0.005829748946230962 1.024638003717154 0 0 0 0.2 21 451 52 59 71 26 77 123 103 26 111 69 146 74 148 158 162 74 
452 0.42636889127352184 0.009071949185780895 1.0351658152217467 0 0 0 0.22 21 452 26 20 33 77 71 27 77 124 85 42 111 70 162 75 
453 0.3902840656613073 0.021793924413283233 1.0904890992123577 0 0 0 0.18 21 453 71 28 110 71 221 22 
454 0.3842857439895445 0.024427244332710804 1.0978195200930712 0 0 0 0.2 21 454 25 15 26 21 27 48 33 78 50 78 73 29 77 125 96 23 128 25 146 75 148 159 158 28 159 51 162 76 164 175 179 24 196 55 213 45 221 23 224 127 
455 -0.13260393538416082 0.025912791960772712 0.6663171862376153 0 0 0 0.32 21 455 73 30 229 42 
456 0.23022185284683577 0.05087387955863975 1.0125289119639855 0 0 0 0.47 21 456 26 22 27 49 73 31 77 126 142 41 148 160 159 52 164 176 
457 0.23032893813773545 0.050720048922926066 1.0123913451947333 0 0 0 0.38 21 457 73 32 77 127 148 161 159 53 164 177 
458 0.3689151763866877 0.06065543909181589 1.107666628064535 0 0 0 0.39 21 458 26 23 27 50 43 12 44 145 50 79 67 7 73 33 77 128 92 55 96 24 111 71 113 77 126 29 142 42 146 76 148 162 159 54 162 77 172 54 213 46 
459 0.33424512000543494 0.06525432622180591 1.1475425942188726 0 0 0 0.17 21 459 52 60 60 107 224 128 
460 0.37214176535129645 0.07174032306539233 1.0964969705627083 0 0 0 0.27 21 460 44 146 73 34 96 25 162 78 164 178 176 49 
461 0.45423564364759517 0.06341402598880957 0.9741614537365937 0 0 0 0.14 21 461 114 13 162 79 
462 0.37994991811769835 0.1029071503203209 1.0816905587650074 0 0 0 0.48 21 462 27 51 33 79 73 35 96 26 114 14 146 77 162 80 
463 0.11900961634725674 0.10156574987294538 0.8929646571011487 0 0 0 0.24 21 463 142 43 224 129 
464 0.14422471665194114 0.10728466255971955 0.9231512079506039 0 0 0 0.33 21 464 159 55 224 130 
465 0.1428629328073059 0.10575161690506542 0.9131799924743828 0 0 0 0.31 21 465 73 36 224 131 
466 0.19167247844575244 0.11598621520118745 0.9602096626817921 0 0 0 0.21 21 466 142 44 159 56 196 56 
467 0.362724835301435 0.1316784728414238 1.093302589884465 0 0 0 0.24 21 467 60 108 110 72 172 55 
468 0.3278471414611709 0.14164171631648867 1.1515429298989979 0 0 0 0.24 21 468 27 52 148 163 164 179 224 132 
469 0.3508445190153444 0.13731268077145706 1.115402982532332 0 0 0 0.5 21 469 36 13 159 57 176 50 
470 -0.06309210625126326 0.09033265610453241 0.7090791652001862 0 0 0 0.06 21 470 73 37 142 45 229 43 
471 0.4484163637372506 0.12211315534611766 0.9799841866953547 0 0 0 0.32 21 471 33 80 71 29 111 72 
472 0.419812191594956 0.1455917327808501 1.0144230699914096 0 0 0 0.19 21 472 25 16 26 24 33 81 44 147 60 109 71 30 77 129 111 73 113 78 126 30 148 164 162 81 164 180 213 47 224 133 
473 0.4205728025930726 0.14879415288196993 1.0041253760534976 0 0 0 0.13 21 473 126 31 224 134 
474 0.4628670728707753 0.13908859635917165 0.9452884344173391 0 0 0 0.19 21 474 111 74 162 82 
475 0.10744841213112338 0.1332239583009263 0.8729390240685168 0 0 0 0.33 21 475 142 46 224 135 
476 0.39329281601592175 0.1585257491492406 1.0408851738169493 0 0 0 0.19 21 476 111 75 162 83 
477 0.048111664048195515 0.12637363954824662 0.8144339053692808 0 0 0 0.29 21 477 142 47 229 44 
478 0.4477869755390286 0.15026972641104736 0.9636217311111153 0 0 0 0.4 21 478 33 82 44 148 
479 0.3976114187903087 0.17245017827612405 1.0334566973628767 0 0 0 0.12 21 479 50 80 111 76 162 84 
480 0.4062076374390136 0.1966441503349781 1.0092598849588938 0 0 0 0.25 21 480 77 130 162 85 
481 -0.21292625426714742 -0.1692797088372663 0.6475605928696879 0 0 0 0.24 21 481 199 1 224 136 
482 0.4024737384224601 -0.15665354768566433 1.1055106295400363 0 0 0 0.36 21 482 27 53 77 131 142 48 164 181 224 137 
483 -0.05295488430741271 -0.08181048109851427 0.771446511629284 0 0 0 0.09 21 483 142 49 229 45 
484 -0.10947659128437166 -0.07529402424777741 0.7151227355914175 0 0 0 0.5 21 484 63 16 224 138 229 46 
485 -0.07159132124661108 -0.07533395848884893 0.7520581585333702 0 0 0 0.42 21 485 26 25 73 38 199 2 229 47 
486 0.409614746729247 -0.10983685130674073 1.0920247784885369 0 0 0 0.49 21 486 44 149 73 39 96 27 103 27 114 15 127 34 148 165 162 86 164 182 196 57 
487 0.473618826010237 -0.08098000485892465 0.9815137954088545 0 0 0 0.56 21 487 44 150 176 51 232 23 
488 -0.13772798241693324 -0.0514120861234269 0.6840808157092543 0 0 0 0.18 21 488 73 40 199 3 
489 -0.11233313809479957 -0.05323750193069055 0.707570145835071 0 0 0 0.42 21 489 26 26 73 41 224 139 229 48 
490 0.3468043455557885 -0.08927558878985359 1.1795094011699985 0 0 0 0.27 21 490 27 54 43 13 71 31 88 5 113 79 
491 0.4420304294756674 -0.07822177185901849 1.0237113847022712 0 0 0 0.39 21 491 71 32 103 28 111 77 114 16 146 78 159 58 164 183 
492 0.3529797870102434 -0.08271852704634494 1.171937562599465 0 0 0 0.34 21 492 27 55 36 14 113 80 114 17 221 24 232 24 
493 0.33474979988959097 -0.07502122125733014 1.188096711253805 0 0 0 0.26 21 493 27 56 43 14 44 151 67 8 71 33 73 42 77 132 81 6 88 6 92 56 110 73 199 4 
494 0.33435309995080487 -0.07483820516031486 1.1871897214790816 0 0 0 0.27 21 494 25 17 26 27 27 57 43 15 44 152 52 61 60 110 67 9 71 34 73 43 77 133 81 7 85 43 88 7 92 57 110 74 111 78 114 18 148 166 164 184 181 4 196 58 199 5 224 140 
495 -0.11166919210794965 -0.041890270264081014 0.7044781307332204 0 0 0 0.29 21 495 26 28 73 44 224 141 
496 0.41049350058183975 -0.06581235278307872 1.0686956254654694 0 0 0 0.38 21 496 52 62 81 8 96 28 113 81 148 167 162 87 219 13 
497 -0.10381769198559741 -0.040853288912974906 0.7115960013309577 0 0 0 0.31 21 497 26 29 73 45 199 6 
498 0.03757615146466102 -0.049106192012111374 0.85465173540392 0 0 0 0.32 21 498 63 17 142 50 229 49 
499 0.38491225083161645 -0.05864102859342032 1.1072221870071188 0 0 0 0.23 21 499 26 30 27 58 60 111 71 35 88 8 96 29 103 29 110 75 111 79 113 82 114 19 118 31 126 32 146 79 162 88 164 185 172 56 221 25 
500 0.3509691422925649 -0.05720164796027658 1.1612457338430708 0 0 0 0.3 21 500 52 63 88 9 96 30 164 186 
501 0.3153991002497487 -0.05419061451224186 1.220666129012855 0 0 0 0.17 21 501 44 153 77 134 92 58 
502 0.354656970854142 -0.050572836310695965 1.1561976395682965 0 0 0 0.35 21 502 52 64 53 16 71 36 81 9 96 31 111 80 113 83 118 32 146 80 164 187 221 26 232 25 
503 -0.04892056970148626 -0.027496929742241008 0.7617727988676699 0 0 0 0.24 21 503 142 51 229 50 
504 0.021355817277139474 -0.0181416775092828 0.8302945224456557 0 0 0 0.25 21 504 63 18 229 51 
505 0.36608593495624586 -0.021836876076989704 1.12598887081852 0 0 0 0.3 21 505 25 18 26 31 27 59 43 16 44 154 53 17 60 112 61 32 67 10 71 37 77 135 81 10 88 10 96 32 103 30 111 81 113 84 118 33 126 33 128 26 142 52 146 81 148 168 162 89 164 188 172 57 176 52 196 59 213 48 219 14 221 27 224 142 232 26 
506 0.34783331809800333 -0.015243972959267897 1.1530792294665062 0 0 0 0.36 21 506 25 19 26 32 44 155 50 81 60 113 71 38 73 46 77 136 96 33 113 85 118 34 164 189 196 60 221 28 224 143 
507 0.42296004056288145 -0.015657100307917962 1.048529069495676 0 0 0 0.45 21 507 26 33 50 82 81 11 88 11 114 20 118 35 126 34 164 190 172 58 224 144 232 27 
508 0.42670630348828903 -0.00038847647871184546 1.0359831956616032 0 0 0 0.31 21 508 26 34 44 156 53 18 60 114 61 33 71 39 81 12 88 12 96 34 111 82 118 36 146 82 157 60 158 29 159 59 172 59 176 53 179 25 219 15 221 29 232 28 
509 0.3477775710554202 0.011237067331240247 1.150071954809157 0 0 0 0.15 21 509 26 35 71 40 148 169 
510 0.03793168787828072 0.012118225862100852 0.8389653804859176 0 0 0 0.45 21 510 26 36 229 52 
511 0.3793686753477978 0.028975910020015174 1.099980295165116 0 0 0 0.29 21 511 33 83 38 14 50 83 60 115 71 41 73 47 77 137 114 21 126 35 142 53 146 83 148 170 159 60 162 90 164 191 199 7 
512 0.39768260816829265 0.02965847372487879 1.0809324312006094 0 0 0 0.06 21 512 44 157 164 192 199 8 
513 0.3963052368538251 0.04195348181219036 1.0734932553832912 0 0 0 0.22 21 513 219 16 224 145 
514 0.22208608381520367 0.049919808459376595 1.0095247019799356 0 0 0 0.44 21 514 26 37 27 60 148 171 164 193 
515 0.22140001071391677 0.04933964164751456 1.0064086189493522 0 0 0 0.46 21 515 26 38 142 54 159 61 
516 -0.1746570116750971 0.034051339028553736 0.6234384038135761 0 0 0 0.06 21 516 73 48 199 9 
517 0.053917020871263335 0.05371062041094382 0.8441650183574224 0 0 0 0.18 21 517 63 19 142 55 
518 0.33116800203735225 0.08932304797462705 1.1527803786202298 0 0 0 0.37 21 518 26 39 73 49 88 13 199 10 
519 0.40461727873972747 0.08112678828638066 1.0449966753194226 0 0 0 0.43 21 519 27 61 33 84 50 84 73 50 77 138 111 83 118 37 127 35 
520 -0.04643317578408988 0.061950006296193856 0.7355753105729894 0 0 0 0.18 21 520 142 56 229 53 
521 0.3789992486445571 0.09030731622107945 1.0840283370206452 0 0 0 0.34 21 521 73 51 172 60 232 29 
522 -0.07673221659435235 0.060608330471238724 0.7091984481464245 0 0 0 0.19 21 522 73 52 224 146 229 54 
523 0.04079226437333014 0.07111150789563397 0.8231106901711889 0 0 0 0.4 21 523 142 57 229 55 
524 0.46000127775766375 0.09424197245049927 0.9639539563426015 0 0 0 0.39 21 524 60 116 114 22 172 61 
525 0.414010445159725 0.10321378857963351 1.032545825835873 0 0 0 0.38 21 525 111 84 162 91 172 62 
526 0.06416221551947648 0.0887242470870106 0.8414355094142453 0 0 0 0.1 21 526 26 40 71 42 
527 0.45977697344033697 0.10352654606095095 0.9602688767872739 0 0 0 0.41 21 527 61 34 67 11 71 43 77 139 85 44 92 59 96 35 118 38 126 36 146 84 148 172 158 30 219 17 229 56 
528 0.054230901132317606 0.09457671096143819 0.8330616117913645 0 0 0 0.42 21 528 26 41 63 20 126 37 142 58 
529 0.06113914688804857 0.10117164793051084 0.8365154793181593 0 0 0 0.16 21 529 26 42 63 21 142 59 
530 0.4522352180211698 0.11637669606617868 0.9674040019426121 0 0 0 0.3 21 530 25 20 26 43 44 158 52 65 60 117 67 12 71 44 77 140 81 13 85 45 88 14 96 36 111 85 113 86 128 27 158 31 162 92 164 194 172 63 176 54 181 5 199 11 213 49 219 18 224 147 
531 0.18423432213715368 0.11717253864393795 0.9543316708400961 0 0 0 0.19 21 531 142 60 199 12 
532 0.18423432213715368 0.11717253864393795 0.9543316708400961 0 0 0 0.19 21 532 142 61 199 13 
533 0.4615590105841152 0.1310727914548634 0.9479037715490859 0 0 0 0.43 21 533 25 21 27 62 33 85 44 159 77 141 111 86 128 28 220 9 224 148 
534 0.357725921998731 0.1774939192702328 1.0993865264291856 0 0 0 0.23 21 534 44 160 50 85 60 118 88 15 92 60 118 39 142 62 164 195 224 149 
535 -0.14138472402012178 -0.18151970025345052 0.7147637498371282 0 0 0 0.17 21 535 73 53 96 37 199 14 
536 -0.1336617373924261 -0.09412124487574862 0.6959692372076558 0 0 0 0.17 21 536 26 44 199 15 229 57 
537 -0.10433340220168356 -0.09725531135489487 0.7206181696027968 0 0 0 0.37 21 537 26 45 229 58 
538 -0.11491195744931872 -0.09276789530345328 0.7162882662072874 0 0 0 0.43 21 538 26 46 63 22 73 54 199 16 224 150 
539 -0.09910028001133017 -0.0890444112772374 0.7287269853957695 0 0 0 0.34 21 539 63 23 73 55 
540 0.3787692858474263 -0.11304161614459363 1.1319605725953394 0 0 0 0.35 21 540 36 15 92 61 126 38 
541 0.3371324182268449 -0.11244447907018709 1.198095737803282 0 0 0 0.37 21 541 26 47 71 45 77 142 85 46 92 62 114 23 159 62 181 6 
542 0.33670135683571445 -0.11202994782147659 1.1957319945332032 0 0 0 0.5 21 542 26 48 71 46 77 143 85 47 92 63 159 63 164 196 176 55 181 7 199 17 
543 0.4653070303570332 -0.08595427465477203 0.9964355780394271 0 0 0 0.12 21 543 44 161 53 19 77 144 96 38 111 87 162 93 
544 0.1436504125505681 -0.0716123631052492 0.9597771266555611 0 0 0 0.74 21 544 126 39 148 173 196 61 224 151 
545 0.46224415596486995 -0.07613689803355773 0.99861912048307 0 0 0 0.32 21 545 53 20 111 88 162 94 164 197 219 19 
546 0.16878789205007202 -0.06679640434387286 0.98638807541129 0 0 0 0.31 21 546 26 49 126 40 142 63 199 18 
547 0.11546411327798807 -0.059256371292039894 0.9282594285812106 0 0 0 0.49 21 547 73 56 126 41 142 64 181 8 229 59 
548 0.11482092181886652 -0.05924016051586177 0.9254312717960465 0 0 0 0.21 21 548 26 50 126 42 
549 0.43606706560096165 -0.06674053992553536 1.037987793141897 0 0 0 0.36 21 549 27 63 88 16 114 24 126 43 162 95 
550 0.3234201342184197 -0.07495952144421857 1.21003177907353 0 0 0 0.2 21 550 26 51 44 162 88 17 110 76 164 198 199 19 
551 0.32370684061883515 -0.07532837663915505 1.2106435152695667 0 0 0 0.22 21 551 26 52 44 163 85 48 88 18 148 174 164 199 196 62 224 152 
552 0.41765929494981996 -0.060585978097772795 1.06292223645909 0 0 0 0.29 21 552 26 53 52 66 148 175 164 200 
553 0.34086922981732354 -0.06506083461737784 1.1793944487198906 0 0 0 0.37 21 553 43 17 44 164 
554 0.4095125887656712 -0.05755717396870603 1.0764243932772 0 0 0 0.19 21 554 60 119 81 14 88 19 114 25 148 176 
555 0.3910896954177097 -0.051368915286615295 1.10271623682029 0 0 0 0.17 21 555 88 20 111 89 164 201 
556 0.3809017592047967 -0.048278382340348446 1.1114926324911234 0 0 0 0.22 21 556 88 21 114 26 
557 0.33377600046114436 -0.047016395800619296 1.1784428044962343 0 0 0 0.53 21 557 25 22 26 54 44 165 60 120 73 57 77 145 88 22 92 64 111 90 148 177 164 202 
558 0.33360088521730974 -0.04706843491902028 1.177765421638644 0 0 0 0.52 21 558 25 23 26 55 44 166 60 121 73 58 77 146 88 23 92 65 148 178 164 203 
559 0.363242056614564 -0.04049065235255672 1.1396277137111888 0 0 0 0.39 21 559 27 64 32 40 43 18 44 167 52 67 53 21 67 13 71 47 73 59 77 147 81 15 88 24 92 66 96 39 111 91 113 87 118 40 146 85 164 204 221 30 232 30 
560 0.020048113561213502 -0.02583401943089061 0.835041056486883 0 0 0 0.31 21 560 142 65 224 153 
561 -0.026346688652548765 -0.018067306575136884 0.7730693361143279 0 0 0 0.31 21 561 142 66 229 60 
562 0.35335008844542215 -0.00824965098989605 1.1444888230736165 0 0 0 0.3 21 562 26 56 43 19 60 122 71 48 96 40 111 92 148 179 221 31 224 154 
563 0.3533251710687188 -0.008439881598440783 1.144609987593253 0 0 0 0.45 21 563 77 148 126 44 148 180 224 155 
564 -0.04273743136589691 0.01213645277349195 0.7596706520855183 0 0 0 0.31 21 564 63 24 142 67 199 20 
565 0.16737824523241687 0.016128115197288153 0.9626595957694797 0 0 0 0.52 21 565 27 65 73 60 196 63 
566 0.34800227662417 0.0239517039685233 1.1461720786346759 0 0 0 0.2 21 566 26 57 81 16 88 25 110 77 113 88 148 181 
567 0.34804841041043977 0.02399193837691615 1.1464113652226116 0 0 0 0.19 21 567 26 58 60 123 81 17 88 26 110 78 113 89 148 182 
568 0.2075619272189651 0.023900785138464508 1.0010757610616696 0 0 0 0.77 21 568 159 64 196 64 224 156 
569 0.20722638518774844 0.0371924227756041 0.9957441638641487 0 0 0 0.42 21 569 26 59 27 66 73 61 88 27 126 45 142 68 148 183 159 65 164 205 181 9 196 65 199 21 224 157 229 61 
570 0.20744110049576894 0.03688828106759506 0.9956690150130622 0 0 0 0.32 21 570 26 60 71 49 73 62 88 28 110 79 126 46 148 184 159 66 164 206 181 10 
571 0.34859902030057255 0.04682596401167391 1.1407703291309732 0 0 0 0.72 21 571 36 16 103 31 126 47 148 185 
572 0.34880188364404985 0.04711242608988518 1.1418461406350688 0 0 0 0.29 21 572 88 29 103 32 113 90 126 48 159 67 199 22 
573 -0.1517631646019717 0.03832766906590713 0.6436211046750359 0 0 0 0.06 21 573 199 23 229 62 
574 0.08456812060510689 0.06616333235140881 0.8671398472743841 0 0 0 0.26 21 574 142 69 229 63 
575 -0.01293692425896476 0.06101795012537293 0.7406215423268672 0 0 0 0.23 21 575 142 70 224 158 
576 0.20819924283060712 0.08031116715750773 0.9840980162389806 0 0 0 0.49 21 576 88 30 110 80 148 186 224 159 
577 0.2083287173543904 0.08056216611911261 0.9844302186806372 0 0 0 0.4 21 577 88 31 110 81 148 187 
578 0.23315718907906227 0.09921997778744875 1.0006052498595073 0 0 0 0.15 21 578 26 61 71 50 73 63 181 11 
579 0.3867086940366404 0.11100548638102774 1.0673940400251791 0 0 0 0.33 21 579 33 86 50 86 73 64 111 93 157 61 
580 0.3529931470711495 0.1429980581960546 1.1143870117155017 0 0 0 0.61 21 580 25 24 26 62 60 124 148 188 164 207 196 66 
581 0.365968156033873 0.14732052827698874 1.085939146969184 0 0 0 0.22 21 581 60 125 96 41 
582 0.3520714951157905 0.15443827881865396 1.1186173576175666 0 0 0 0.72 21 582 27 67 77 149 148 189 224 160 
583 -0.07117604310025606 0.10142569213177233 0.703656220448542 0 0 0 0.33 21 583 26 63 73 65 
584 0.41239417991730304 0.15475366846935318 1.021849716848895 0 0 0 0.4 21 584 44 168 103 33 111 94 
585 0.3687533662186735 0.1931928633417466 1.0846470505632677 0 0 0 0.28 21 585 44 169 164 208 
586 0.4059834313564827 -0.12045962756476106 1.1028696824489301 0 0 0 0.32 21 586 32 41 92 67 
587 -0.04356496425565093 -0.07180353046091437 0.7798204944241225 0 0 0 0.34 21 587 199 24 221 32 229 64 
588 0.1559361315000343 -0.08842628588390665 0.9771117244056837 0 0 0 0.81 21 588 142 71 148 190 224 161 
589 0.1562823089710386 -0.08902525879758534 0.979895027187051 0 0 0 0.55 21 589 142 72 224 162 
590 0.05389982366449346 -0.07600801576942526 0.8765293938445499 0 0 0 0.27 21 590 142 73 229 65 
591 0.32611443350868224 -0.1046397391838764 1.2068949037289043 0 0 0 0.76 21 591 26 64 77 150 85 49 88 32 92 68 127 36 148 191 164 209 199 25 224 163 
592 -0.14392068212383874 -0.04819499492689898 0.6787382329347019 0 0 0 0.68 21 592 73 66 199 26 221 33 229 66 
593 0.15714362316286765 -0.06941087155431712 0.9770707254568104 0 0 0 0.53 21 593 73 67 126 49 142 74 148 192 159 68 199 27 
594 -0.07466855708802068 -0.03835603669477728 0.7418044810562403 0 0 0 0.41 21 594 73 68 88 33 199 28 
595 0.09455904615583442 -0.04494722057070662 0.9101371223312779 0 0 0 0.6 21 595 26 65 73 69 142 75 199 29 
596 0.14417513102746402 -0.040381211344304745 0.955224710687291 0 0 0 0.29 21 596 126 50 196 67 224 164 
597 0.14455654342950225 -0.040238884574306855 0.9565827237992236 0 0 0 0.1 21 597 142 76 199 30 
598 0.10559747702527414 -0.03330615762244168 0.9161614638584497 0 0 0 0.37 21 598 26 66 73 70 126 51 142 77 199 31 
599 0.10559747702527414 -0.03330615762244168 0.9161614638584497 0 0 0 0.37 21 599 26 67 73 71 126 52 142 78 199 32 
600 0.16941254965306637 -0.03610225989550863 0.9803911580904853 0 0 0 0.34 21 600 181 12 199 33 
601 0.1929137571761288 -0.030464283631049388 1.0003222722774268 0 0 0 0.12 21 601 26 68 181 13 
602 0.19290153875927166 -0.03066394295603438 1.0001912363149477 0 0 0 0.24 21 602 26 69 73 72 181 14 199 34 
603 0.35607584831603406 -0.034633093933407494 1.150684581518212 0 0 0 0.33 21 603 43 20 52 68 67 14 71 51 81 18 88 34 92 69 111 95 118 41 164 210 221 34 232 31 
604 0.356064599399043 -0.03476050869170033 1.150781014646352 0 0 0 0.36 21 604 25 25 43 21 50 87 52 69 60 126 71 52 73 73 81 19 88 35 111 96 118 42 164 211 221 35 232 32 
605 -0.06399063870433008 -0.019522490319484297 0.743427821381693 0 0 0 0.25 21 605 199 35 229 67 
606 0.32621467777336804 -0.028288332127907264 1.1907478868983852 0 0 0 0.31 21 606 52 70 148 193 
607 0.194095334027252 -0.012245085043348073 0.9993316885744697 0 0 0 0.53 21 607 126 53 148 194 224 165 
608 0.192961699083811 0.0019892815995407095 0.9904190273992 0 0 0 0.4 21 608 142 79 224 166 
609 0.22249806405480824 0.005196096399792026 1.0222119393592588 0 0 0 0.3 21 609 26 70 164 212 181 15 
610 0.09458342703656358 0.00975436951217786 0.8979919782024585 0 0 0 0.21 21 610 126 54 199 36 
611 0.10587804862554 0.018496977940409207 0.9024246127800628 0 0 0 0.26 21 611 26 71 126 55 142 80 181 16 
612 0.17116403520577236 0.027560387516431722 0.9649781761719974 0 0 0 0.36 21 612 73 74 181 17 199 37 
613 0.19439581463058672 0.03349414319003453 0.9841287106794738 0 0 0 0.46 21 613 126 56 142 81 196 68 224 167 
614 0.19390272478845968 0.033605749952816066 0.9820363806760776 0 0 0 0.29 21 614 142 82 148 195 199 38 224 168 
615 0.21791337200181357 0.03289268289599923 0.9944687209866888 0 0 0 0.6 21 615 148 196 224 169 
616 0.10760801807586201 0.05284185325535342 0.8964948845678082 0 0 0 0.25 21 616 26 72 73 75 142 83 181 18 199 39 
617 0.10804511850506068 0.0526698216382327 0.8985982898315221 0 0 0 0.22 21 617 26 73 73 76 126 57 199 40 
618 0.19556316872660412 0.06082488308939205 0.9796942863220949 0 0 0 0.41 21 618 26 74 148 197 181 19 199 41 
619 0.1949760007775826 0.060737017596850365 0.9768887577287227 0 0 0 0.42 21 619 26 75 148 198 
620 0.20830875771301488 0.0660337574213826 0.9863228289856039 0 0 0 0.17 21 620 159 69 224 170 
621 0.20830875771301488 0.0660337574213826 0.9863228289856039 0 0 0 0.17 21 621 159 70 224 171 
622 0.22359254970971448 0.07611787731154154 1.0079868265138263 0 0 0 0.26 21 622 148 199 164 213 
623 0.17113639442744355 0.08400760243657904 0.9441720576572907 0 0 0 0.47 21 623 142 84 159 71 196 69 
624 -0.07248734930973921 0.07520292539436617 0.7093777534969118 0 0 0 0.17 21 624 73 77 199 42 
625 -0.0727179862366263 0.08812659112498278 0.7059255193061496 0 0 0 0.42 21 625 26 76 73 78 224 172 
626 0.19595309229157493 0.1191102805880837 0.9612605953284281 0 0 0 0.32 21 626 142 85 148 200 
627 0.4381517060603845 0.13053361913749947 0.9920551223426011 0 0 0 0.62 21 627 60 127 77 151 88 36 111 97 146 86 158 32 162 96 172 64 232 33 
628 0.43938635684030003 0.13066401004117567 0.9935577599513232 0 0 0 0.52 21 628 77 152 81 20 96 42 111 98 157 62 162 97 172 65 232 34 
629 0.19662007188222974 0.13761587332512046 0.9576591441598983 0 0 0 0.35 21 629 142 86 148 201 
630 -0.03534947444408515 -0.12071876486518628 0.7917735395465654 0 0 0 0.69 21 630 224 173 229 68 
631 -0.1837988545404275 -0.09816760462448508 0.6574841983192939 0 0 0 0.3 21 631 73 79 199 43 
632 0.024585874844910875 -0.10305055484463324 0.8439098588267491 0 0 0 0.37 21 632 63 25 142 87 
633 0.42678063472065114 -0.11519595062012171 1.065983465967391 0 0 0 0.73 21 633 60 128 103 34 172 66 
634 0.40733321374514997 -0.10945907982973349 1.1104362858409664 0 0 0 1.37 21 634 44 170 60 129 
635 0.040087750473266896 -0.08096464378829052 0.8592162040785413 0 0 0 0.62 21 635 26 77 63 26 73 80 199 44 
636 0.07948176396775043 -0.07139416481647588 0.8988913524852632 0 0 0 0.12 21 636 26 78 142 88 
637 0.0794817639677528 -0.07139416481647008 0.8988913524852802 0 0 0 0.12 21 637 26 79 142 89 
638 0.04670549994226817 -0.06639034453936118 0.8682439677550817 0 0 0 0.17 21 638 142 90 229 69 
639 0.1033490191658671 -0.06715052961580864 0.9202497552574876 0 0 0 0.4 21 639 26 80 126 58 142 91 
640 0.06735442704570443 -0.06269032115404576 0.8897040571923055 0 0 0 0.35 21 640 26 81 142 92 199 45 229 70 
641 0.09165813695122567 -0.057970886402007385 0.9127741824785436 0 0 0 0.33 21 641 26 82 73 81 199 46 229 71 
642 0.12006733018627198 -0.04462537624380736 0.934273449337424 0 0 0 0.48 21 642 26 83 126 59 142 93 229 72 
643 0.04683835461619665 -0.0369749335102197 0.8619048884988822 0 0 0 0.25 21 643 142 94 229 73 
644 0.3457395483516017 -0.033757405365662616 1.1670625076759247 0 0 0 1.27 21 644 52 71 77 153 92 70 224 174 
645 0.34559344543425635 -0.03424940231406981 1.1663125758302262 0 0 0 0.95 21 645 52 72 92 71 224 175 
646 0.04705941183168924 -0.012476007384877223 0.8547886605001433 0 0 0 0.33 21 646 26 84 73 82 199 47 229 74 
647 0.10505863600461664 -0.014669313806289774 0.9127186488425704 0 0 0 0.47 21 647 26 85 73 83 142 95 199 48 
648 0.07069212721598149 -0.008940763345034465 0.8761145755441024 0 0 0 0.17 21 648 26 86 73 84 142 96 199 49 
649 0.12090463214699368 0.020085522156067532 0.9153424295341522 0 0 0 0.7 21 649 26 87 71 53 73 85 126 60 224 176 
650 0.12057178007764635 0.020086083498145692 0.9131754725572819 0 0 0 0.62 21 650 26 88 73 86 126 61 199 50 224 177 
651 0.08641102358303751 0.036523024452256615 0.877780946248697 0 0 0 0.5 21 651 26 89 71 54 73 87 126 62 142 97 224 178 
652 0.12219547615222297 0.046915223904915544 0.9135348154139035 0 0 0 0.25 21 652 26 90 73 88 181 20 199 51 
653 0.09655830888510605 0.06436355755422653 0.8804981275135262 0 0 0 0.46 21 653 26 91 142 98 
654 0.3367075209553244 0.08872348991270794 1.1462258273663954 0 0 0 0.47 21 654 26 92 44 171 92 72 164 214 199 52 
655 0.18322481009001484 0.1056343931358523 0.9797725467911824 0 0 0 2.11 21 655 142 99 199 53 
656 0.40270256061549486 0.12131836197773051 1.0399304890273466 0 0 0 0.2 21 656 128 29 148 202 
657 0.036135514078523764 0.10033509501919848 0.8078979988301775 0 0 0 0.29 21 657 63 27 142 100 
658 0.3866581836371229 0.14958284744349606 1.059297176850587 0 0 0 0.66 21 658 27 68 33 87 50 88 77 154 81 21 96 43 111 99 118 43 128 30 146 87 172 67 221 36 
659 0.38691271065826044 0.1494825586935704 1.0600689038873268 0 0 0 0.41 21 659 33 88 81 22 96 44 111 100 221 37 
660 -0.03425109387116786 -0.09620258815189599 0.7856724732984481 0 0 0 0.32 21 660 142 101 199 54 229 75 
661 0.4140148481087615 -0.11261968985502425 1.0823029965158584 0 0 0 0.32 21 661 103 35 111 101 164 215 172 68 
662 0.43042984095346726 -0.035925940150640136 1.043178004795153 0 0 0 0.36 21 662 25 26 43 22 53 22 60 130 67 15 81 23 88 37 96 45 111 102 114 27 118 44 127 37 128 31 146 88 157 63 164 216 181 21 213 50 219 20 220 10 224 179 232 35 
663 0.4305365029276625 -0.03591381811915214 1.043385574389768 0 0 0 0.41 21 663 25 27 26 93 43 23 50 89 60 131 81 24 88 38 111 103 114 28 118 45 127 38 128 32 146 89 157 64 164 217 213 51 219 21 220 11 224 180 
664 0.21145030505046988 -0.01636739194137663 1.0114774629125758 0 0 0 0.36 21 664 71 55 164 218 181 22 
665 0.37619007671380295 -0.01640377793266589 1.116837825247776 0 0 0 0.51 21 665 32 42 44 172 77 155 146 90 148 203 158 33 
666 0.37605219043828253 -0.016536825422107902 1.1163835310433103 0 0 0 0.36 21 666 25 28 26 94 27 69 32 43 43 24 44 173 50 90 53 23 60 132 61 35 67 16 71 56 73 89 77 156 81 25 88 39 92 73 96 46 111 104 113 91 118 46 127 39 146 91 148 204 157 65 158 34 164 219 172 69 179 26 181 23 199 55 213 52 219 22 232 36 
667 -0.009028221421889034 0.020625822640055955 0.7707962682491343 0 0 0 0.32 21 667 142 102 224 181 
668 0.38949302257007257 0.02593716128981518 1.0848469580501268 0 0 0 0.43 21 668 26 95 44 174 50 91 67 17 73 90 77 157 88 40 92 74 110 82 114 29 146 92 148 205 164 220 199 56 219 23 
669 0.38954620766459996 0.025877953026398115 1.08485472402248 0 0 0 0.5 21 669 36 17 50 92 53 24 67 18 73 91 77 158 88 41 92 75 103 36 110 83 146 93 148 206 164 221 199 57 219 24 
670 0.3597431928206726 0.03331165041250624 1.1332592613439068 0 0 0 0.46 21 670 26 96 71 57 113 92 148 207 199 58 
671 0.10447160078902373 0.038230803269973516 0.8986510386335227 0 0 0 0.71 21 671 73 92 126 63 142 103 199 59 224 182 
672 0.1417683144080155 0.09642935540620819 0.9291899547048137 0 0 0 0.73 21 672 199 60 224 183 
673 0.4293427369545743 0.1145706430677621 1.0045509791985179 0 0 0 0.34 21 673 26 97 60 133 67 19 81 26 103 37 111 105 158 35 162 98 172 70 232 37 
674 0.4290067276973339 0.11414993285175255 1.0034681048929344 0 0 0 0.26 26 98 60 134 71 58 126 64 162 99 
675 0.37547527202909137 0.13277293857114 1.0793603215021406 0 0 0 0.46 21 674 43 25 53 25 60 135 67 20 162 100 196 70 
676 0.3757839828858955 0.13278146376230357 1.0793347468154757 0 0 0 0.48 21 675 43 26 44 175 53 26 60 136 81 27 88 42 96 47 103 38 111 106 162 101 224 184 
677 0.4168714000044119 0.15829086298932693 1.0138989315667908 0 0 0 0.57 21 676 25 29 26 99 32 44 36 18 44 176 52 73 53 27 81 28 88 43 110 84 126 65 142 104 148 208 164 222 181 24 199 61 
678 -0.019451921314340734 -0.11178875127302283 0.8087553395824597 0 0 0 0.42 21 677 142 105 199 62 221 38 
679 0.3374145080615097 -0.0932928232529177 1.1941658258599077 0 0 0 0.79 21 678 26 100 36 19 60 137 148 209 181 25 224 185 
680 0.3380482098046744 -0.09414199801779963 1.1961537719113264 0 0 0 0.76 21 679 26 101 199 63 224 186 
681 0.35548568274838416 -0.09271475393998913 1.1510298307024134 0 0 0 0.27 21 680 60 138 73 93 77 159 92 76 
682 0.3549720890946803 -0.09229080311328974 1.1497043318440374 0 0 0 0.12 21 681 73 94 77 160 
683 0.4440519635149421 -0.03133970931634739 1.0210773708206196 0 0 0 1.0 21 682 110 85 114 30 164 223 219 25 
684 0.4440825936445586 -0.03127340724506584 1.0211306399935853 0 0 0 0.89 21 683 110 86 114 31 164 224 219 26 232 38 
685 0.4177486225150804 -0.021751504478453924 1.0598773295409125 0 0 0 0.34 21 684 43 27 67 21 88 44 146 94 164 225 181 26 213 53 220 12 224 187 
686 0.41772648959098396 -0.021712385193596057 1.0599006763915262 0 0 0 0.36 21 685 43 28 67 22 71 59 88 45 146 95 164 226 181 27 213 54 220 13 224 188 
687 0.3903300059174655 -0.01185846204047189 1.095705698977299 0 0 0 0.65 21 686 26 102 32 45 43 29 71 60 73 95 81 29 88 46 110 87 111 107 113 93 114 32 118 47 127 40 146 96 164 227 199 64 224 189 
688 0.38971462594905204 -0.01177275556525799 1.0941714010673884 0 0 0 0.6 21 687 26 103 32 46 43 30 71 61 81 30 88 47 110 88 111 108 113 94 127 41 146 97 164 228 199 65 224 190 
689 0.43100097842593915 -0.007886763614418821 1.0348942564892876 0 0 0 0.36 21 688 26 104 43 31 53 28 61 36 67 23 81 31 88 48 96 48 111 109 113 95 114 33 128 33 146 98 172 71 232 39 
690 0.40364091867075763 0.00481399394903382 1.0730770438722872 0 0 0 0.39 21 689 50 93 67 24 81 32 118 48 146 99 213 55 
691 0.37524260310621793 0.01398494049735718 1.1090157684822988 0 0 0 0.53 21 690 26 105 27 70 44 177 52 74 71 62 73 96 77 161 114 34 118 49 127 42 128 34 142 106 213 56 224 191 232 40 
692 0.038260063514044054 0.027199794787919212 0.831560902602837 0 0 0 0.49 21 691 26 106 142 107 
693 0.44529539154582637 0.03566133894806871 1.0040942344516772 0 0 0 0.26 21 692 88 49 92 77 
694 0.4419354611155572 0.10887166856983882 0.9843215756335499 0 0 0 0.48 21 693 60 139 111 110 162 102 172 72 
695 0.4421914907028195 0.10873252181458459 0.9845726373890198 0 0 0 0.56 21 694 60 140 92 78 111 111 172 73 
696 0.41611354101529235 0.11782671463852645 1.0231800405284495 0 0 0 0.39 21 695 26 107 33 89 60 141 67 25 77 162 81 33 92 79 96 49 111 112 126 66 148 210 162 103 181 28 220 14 
697 0.4159057562166355 0.11736692105209873 1.022635614753894 0 0 0 0.42 21 696 26 108 43 32 67 26 92 80 96 50 148 211 181 29 219 27 220 15 
698 0.4299950293786811 0.12624291315051298 0.9998683545380779 0 0 0 0.61 21 697 26 109 32 47 36 20 44 178 53 29 60 142 81 34 85 50 88 50 111 113 113 96 118 50 128 35 158 36 162 104 164 229 181 30 
699 0.43000889852191204 0.1262833421261097 0.9998328397399411 0 0 0 0.58 21 698 26 110 32 48 36 21 44 179 50 94 53 30 60 143 81 35 85 51 88 51 113 97 118 51 128 36 158 37 162 105 164 230 181 31 213 57 
700 0.37778532577199464 0.1504817562967422 1.0704157580762086 0 0 0 0.58 21 699 25 30 26 111 27 71 36 22 43 33 44 180 50 95 60 144 81 36 88 52 92 81 103 39 111 114 118 52 148 212 164 231 181 32 196 71 199 66 221 39 232 41 
701 0.3594576361253431 0.15637414870965913 1.0907156857372844 0 0 0 0.38 21 700 44 181 142 108 164 232 221 40 224 192 
702 0.3890619928766959 0.16951736530354397 1.0475696398074663 0 0 0 0.38 21 701 26 112 43 34 44 182 88 53 162 106 164 233 221 41 
703 0.42025400166001253 -0.07801561896579473 1.0449525895575114 0 0 0 1.66 21 702 52 75 60 145 67 27 88 54 172 74 
704 0.4416213480721549 -0.055726276675815895 1.0259116930958638 0 0 0 0.54 21 703 81 37 181 33 
705 0.4445939638422752 -0.056881947139013844 1.0322489391615977 0 0 0 0.96 21 704 81 38 127 43 181 34 199 67 
706 -0.08309992114317588 -0.022704306577406616 0.7337072997854799 0 0 0 0.38 21 705 73 97 199 68 
707 0.40394590854994383 0.1404084563627263 1.0322282118245591 0 0 0 0.47 21 706 26 113 43 35 71 63 92 82 96 51 157 66 164 234 199 69 
708 0.4033944410118385 0.14059273329195834 1.0315818474140355 0 0 0 0.3 21 707 96 52 164 235 
