# 3D point list with one line of data per point:
#   POINT3D_ID, X, Y, Z, R, G, B, ERROR, TRACK[] as (IMAGE_ID, POINT2D_IDX)
# Number of points: 633, mean track length: 6.73
0 -0.11640803268549327 -0.15786629304600547 0.6698125554338772 0 0 0 0.11 21 0 221 0 232 0 
1 0.4656816264917597 -0.18159545376811007 0.8965643073360382 0 0 0 0.25 21 1 77 0 85 0 159 0 
2 0.4599226558106323 -0.14969948740137745 0.896148649679827 0 0 0 0.36 21 2 32 0 36 0 77 1 164 0 196 0 
3 0.12931171203292938 -0.14462392219848544 0.8966963149789802 0 0 0 0.18 21 3 148 0 221 1 
4 0.45545555391485043 -0.13555036380586807 0.8959778013504965 0 0 0 0.12 21 4 33 0 146 0 
5 0.463683943225927 -0.12104206685282275 0.8928739474484121 0 0 0 0.45 21 5 159 1 162 0 
6 0.3751598302638011 -0.12224572640153669 1.0586277999859577 0 0 0 0.17 21 6 32 1 36 1 44 0 77 2 92 0 164 1 224 0 
7 0.39421232673928186 -0.10115847445363745 0.9768193183620469 0 0 0 0.52 21 7 33 1 44 1 85 1 146 1 224 1 
8 0.38731889996791363 -0.1008493141601085 0.9968002104638468 0 0 0 0.34 21 8 27 0 33 2 50 0 60 0 146 2 164 2 213 0 
9 0.38730026308385973 -0.10087033704224324 0.9966379519214376 0 0 0 0.34 21 9 27 1 33 3 44 2 50 1 60 1 146 3 
10 0.4528736521307194 -0.08360116190881182 0.8843646409071116 0 0 0 0.17 21 10 50 2 148 1 158 0 176 0 213 1 219 0 
11 0.44919946845997144 -0.08250918059381891 0.8879637952215047 0 0 0 0.19 21 11 60 2 77 3 103 0 110 0 146 4 157 0 158 1 172 0 176 1 
12 0.4568631233846659 -0.07712643529123171 0.8811679414423578 0 0 0 0.13 21 12 60 3 159 2 
13 0.31588595423498605 -0.096563812092182 1.0948119248416681 0 0 0 0.23 21 13 27 2 50 3 52 0 77 4 85 2 128 0 148 2 164 3 224 2 
14 0.43795061498724275 -0.07891240009693226 0.9040930728279309 0 0 0 0.28 21 14 27 3 32 2 33 4 44 3 52 1 60 4 85 3 92 1 110 1 127 0 128 1 146 5 148 3 157 1 158 2 159 3 164 4 176 2 213 2 219 1 224 3 
15 0.4274724154485669 -0.07805550444503118 0.9199016126711905 0 0 0 0.16 21 15 52 2 172 1 
16 0.42822071473216566 -0.0752807465961376 0.9189915833806267 0 0 0 0.27 21 16 27 4 32 3 33 5 44 4 50 4 60 5 61 0 77 5 96 0 103 1 110 2 111 0 118 0 128 2 148 4 157 2 158 3 159 4 162 1 164 5 172 2 213 3 223 0 224 4 227 0 
17 0.4221019879316675 -0.07347868776406982 0.9252946027801959 0 0 0 0.16 21 17 44 5 50 5 60 6 92 2 110 3 111 1 118 1 146 6 148 5 157 3 159 5 164 6 213 4 224 5 
18 0.4144704675397609 -0.07340553439522265 0.9366019954945664 0 0 0 0.16 21 18 52 3 172 3 
19 0.4188457019101087 -0.07256916327668707 0.9309669620064601 0 0 0 0.28 21 19 32 4 61 1 127 1 146 7 158 4 164 7 224 6 
20 0.41592806233360086 -0.07126442708475714 0.9342889278534234 0 0 0 0.23 21 20 27 5 32 5 33 6 44 6 50 6 60 7 77 6 110 4 118 2 127 2 146 8 148 6 157 4 159 6 164 8 176 3 220 0 224 7 
21 0.4134057550574864 -0.07051631828215982 0.9384428727453763 0 0 0 0.21 21 21 27 6 32 6 33 7 36 2 44 7 50 7 60 8 61 2 92 3 110 5 118 3 128 3 146 9 157 5 158 5 176 4 213 5 224 8 
22 0.4101798271469346 -0.0692163322279522 0.9429700549869587 0 0 0 0.22 21 22 77 7 85 4 110 6 118 4 128 4 146 10 148 7 157 6 172 4 176 5 213 6 227 1 232 1 
23 0.41012859498915494 -0.06920816898736677 0.9429863351801243 0 0 0 0.24 21 23 52 4 53 0 77 8 85 5 110 7 118 5 128 5 146 11 148 8 157 7 158 6 164 9 172 5 176 6 213 7 232 2 
24 0.33813464500161977 -0.07433900240823144 1.0599830728701518 0 0 0 0.22 21 24 32 7 36 3 44 8 77 9 
25 0.40278043355460597 -0.06693228460013097 0.9557577855007788 0 0 0 0.3 21 25 33 8 44 9 50 8 52 5 53 1 92 4 96 1 110 8 118 6 146 12 148 9 157 8 159 7 164 10 172 6 176 7 196 1 213 8 224 9 
26 0.3136641811684996 -0.07484117156915085 1.0939409341474884 0 0 0 0.29 21 26 148 10 164 11 
27 0.39509482737135926 -0.06462995058560994 0.9600705975485158 0 0 0 0.27 21 27 172 7 196 2 
28 0.3928608609065796 -0.06385912019482887 0.9667351061201417 0 0 0 0.12 21 28 52 6 158 7 
29 0.38631576523315037 -0.06404831806136715 0.9773836870712093 0 0 0 0.12 21 29 33 9 61 3 148 11 157 9 164 12 172 8 
30 0.3843442775552669 -0.06352584116166266 0.9828459730621808 0 0 0 0.38 21 30 60 9 92 5 110 9 148 12 
31 0.3912047987341706 -0.06304768845102242 0.9707369896939407 0 0 0 0.22 21 31 27 7 32 8 33 10 44 10 50 9 60 10 77 10 110 10 128 6 148 13 157 10 164 13 213 9 224 10 
32 0.39109019421308155 -0.06306322049847869 0.9706526109802008 0 0 0 0.24 21 32 27 8 32 9 33 11 44 11 50 10 60 11 77 11 110 11 128 7 146 13 148 14 157 11 158 8 164 14 196 3 224 11 
33 0.3879214586035827 -0.06225486837977011 0.9744794461944212 0 0 0 0.25 21 33 27 9 32 10 33 12 36 4 44 12 50 11 60 12 77 12 85 6 92 6 110 12 118 7 127 3 128 8 146 14 148 15 157 12 164 15 176 8 196 4 213 10 223 1 224 12 
34 0.38418782578533855 -0.0607423330290935 0.982892227036337 0 0 0 0.45 21 34 32 11 44 13 92 7 118 8 224 13 
35 0.3709574566062886 -0.05903398078104843 0.9980928103822521 0 0 0 0.19 21 35 44 14 164 16 172 9 227 2 
36 0.36897960895068604 -0.058611948625746306 1.0031990155820645 0 0 0 0.11 21 36 44 15 172 10 
37 0.36897960895068604 -0.058611948625746306 1.0031990155820645 0 0 0 0.11 21 37 44 16 172 11 
38 0.37349797622644015 -0.05710114053708325 0.9984539987697837 0 0 0 0.23 21 38 32 12 44 17 77 13 146 15 164 17 176 9 224 14 
39 0.3634135835504641 -0.05658739825541714 1.0088731603614105 0 0 0 0.39 21 39 52 7 92 8 103 2 110 13 127 4 172 12 224 15 
40 0.31089588186318445 -0.06041723700759982 1.0931265053666424 0 0 0 0.38 21 40 77 14 148 16 164 18 196 5 224 16 
41 0.3066620386601724 -0.06095634459623637 1.1080125710333057 0 0 0 0.37 21 41 44 18 60 13 92 9 148 17 164 19 196 6 224 17 
42 0.4075858030447173 -0.05068221634847534 0.9505988508276738 0 0 0 0.15 21 42 52 8 148 18 
43 0.3582150204609662 -0.05464617272069381 1.0161505181562112 0 0 0 0.11 21 43 33 13 50 12 61 4 92 10 157 13 213 11 
44 0.3581681237309281 -0.05463709554435531 1.01622972924399 0 0 0 0.17 21 44 36 5 50 13 52 9 61 5 92 11 157 14 176 10 
45 0.4204751276636138 -0.04814074068213171 0.9200173547251151 0 0 0 0.27 21 45 27 10 148 19 
46 0.3173201277786821 -0.05259688355019133 1.076076062299887 0 0 0 0.24 21 46 27 11 44 19 77 15 148 20 159 8 164 20 196 7 224 18 
47 0.40784294299673 -0.04530262604301196 0.9502924898204694 0 0 0 0.2 21 47 148 21 196 8 224 19 
48 0.35054416478508016 -0.049098974678093384 1.02756980737057 0 0 0 0.23 21 48 50 14 77 16 118 9 128 9 164 21 213 12 219 2 
49 0.3138629508317965 -0.05103919361521341 1.0804930362188852 0 0 0 0.25 21 49 44 20 148 22 164 22 224 20 
50 0.33106404410495066 -0.04339873415700683 1.0589120170447046 0 0 0 0.29 21 50 44 21 77 17 92 12 157 15 176 11 
51 0.4073415156639107 -0.038368328941758574 0.947097085496779 0 0 0 0.26 21 51 44 22 146 16 148 23 
52 0.3280114755960365 -0.042368700493142286 1.0647520541352256 0 0 0 0.35 21 52 44 23 52 10 60 14 77 18 85 7 103 3 148 24 164 23 196 9 224 21 
53 0.33342166194924205 -0.04163035838968566 1.0580716423443943 0 0 0 0.12 21 53 32 13 77 19 
54 0.3345600970452092 -0.04183849247941483 1.0614481826828948 0 0 0 0.13 21 54 77 20 148 25 
55 0.40934269487188135 -0.03643249969102709 0.9451093230495948 0 0 0 0.08 21 55 44 24 148 26 
56 0.32303316497366186 -0.03827259898075094 1.0696875219560698 0 0 0 0.22 21 56 27 12 44 25 60 15 71 0 77 21 111 2 148 27 164 24 196 10 220 1 221 2 224 22 
57 0.40659167176614697 -0.033617004154645365 0.9445530891771 0 0 0 0.17 21 57 44 26 148 28 
58 0.3041512380136921 -0.03797862206207678 1.1014031211896471 0 0 0 0.15 21 58 60 16 148 29 159 9 
59 0.34135978816382767 -0.03606929139916179 1.0448889822770635 0 0 0 0.19 21 59 44 27 60 17 157 16 176 12 213 13 224 23 
60 0.30976015304082716 -0.03600051613067813 1.091102981335584 0 0 0 0.1 21 60 60 18 148 30 
61 0.31238249458164835 -0.03453100172678554 1.0821737218628669 0 0 0 0.2 21 61 44 28 148 31 164 25 
62 0.29474254152243196 -0.03410628290528917 1.113628713429393 0 0 0 0.19 21 62 77 22 164 26 
63 0.3103245412563756 -0.0332171548091139 1.0876044815393628 0 0 0 0.17 21 63 44 29 148 32 
64 0.3164167034094972 -0.03307404080104944 1.084570907347525 0 0 0 0.24 21 64 44 30 60 19 148 33 164 27 
65 0.29895386627993226 -0.03284303664689731 1.1067640694685315 0 0 0 0.2 21 65 77 23 148 34 
66 0.43038483932679283 -0.02521472473624696 0.9054601362494843 0 0 0 0.15 21 66 33 14 164 28 224 24 
67 0.21136529833413611 -0.024851259569600083 0.9351329813998357 0 0 0 0.28 21 67 77 24 148 35 164 29 
68 0.4007040666493311 -0.025030812916746543 0.9494025742144464 0 0 0 0.41 21 68 44 31 146 17 157 17 
69 0.35855684570590535 -0.025251836523853637 1.0167932718462955 0 0 0 0.27 21 69 52 11 164 30 
70 0.4301121792003112 -0.020209132459591064 0.9048475666598275 0 0 0 0.2 21 70 33 15 77 25 164 31 
71 0.40145031772996537 -0.021034586962255155 0.9500615640262651 0 0 0 0.21 21 71 33 16 44 32 
72 0.30538112518245103 -0.024284499055843768 1.090591659703622 0 0 0 0.25 21 72 60 20 148 36 
73 0.31220197331120647 -0.022148891653950495 1.0805328606788642 0 0 0 0.32 21 73 60 21 164 32 
74 0.35784290839461846 -0.02086301640145695 1.0139452147533505 0 0 0 0.09 21 74 146 18 164 33 196 11 
75 0.3271298036461365 -0.02071403155220847 1.0594204716616822 0 0 0 0.31 21 75 44 33 50 15 52 12 128 10 148 37 
76 0.3242468474904175 -0.021000331706125645 1.0494373113638127 0 0 0 0.28 21 76 127 5 148 38 
77 0.30721293505008146 -0.02054333787855601 1.095594496059501 0 0 0 0.16 21 77 60 22 164 34 
78 0.29781807729923065 -0.015101242464048422 1.1095953667714544 0 0 0 0.41 21 78 44 34 77 26 148 39 164 35 
79 0.4506849669279751 -0.009959704397500335 0.8712102386218684 0 0 0 0.21 21 79 33 17 44 35 50 16 60 23 77 27 146 19 157 18 164 36 176 13 213 14 
80 0.45094323576950957 -0.009982936247777118 0.871629526264572 0 0 0 0.18 21 80 33 18 50 17 60 24 
81 0.42496503493155674 -0.008448583880653435 0.9091514675870446 0 0 0 0.3 21 81 33 19 44 36 50 18 157 19 213 15 
82 0.4416842128810601 -0.006362271051063867 0.8882837731430245 0 0 0 0.17 21 82 32 14 44 37 50 19 61 6 148 40 157 20 164 37 172 13 176 14 213 16 
83 0.3941636400731751 -0.0050982653806622815 0.9591816669301836 0 0 0 0.17 21 83 33 20 60 25 
84 0.38558119480188585 -0.004524925521230204 0.9747018369951711 0 0 0 0.35 21 84 33 21 61 7 146 20 148 41 157 21 213 17 
85 0.35889357803083544 -0.0040610050801098575 1.0123035135466139 0 0 0 0.17 21 85 33 22 44 38 50 20 60 26 
86 0.3877433312604081 -0.002897595096213692 0.9698053807975568 0 0 0 0.16 21 86 33 23 110 14 158 9 
87 0.33430047309236943 -0.0007329452124653664 1.050029648248147 0 0 0 0.38 21 87 44 39 77 28 164 38 
88 0.3396972636901533 0.00026266575281690124 1.0454526544383316 0 0 0 0.15 21 88 44 40 148 42 164 39 224 25 
89 0.34458048490262727 0.0028900395535195736 1.027746126604273 0 0 0 0.22 21 89 32 15 36 6 85 8 111 3 148 43 164 40 172 14 224 26 
90 0.34461342643358145 0.0029338696306685647 1.0277144889791658 0 0 0 0.24 21 90 32 16 44 41 77 29 111 4 148 44 164 41 224 27 
91 0.31139677610639105 0.002865240133524885 1.0781236632539868 0 0 0 0.14 21 91 60 27 148 45 159 10 224 28 
92 0.4121504358344529 0.0035940277833855718 0.9306517063299914 0 0 0 0.17 21 92 61 8 110 15 128 11 148 46 164 42 224 29 
93 0.3019960826332103 0.00736637096033635 1.0786468097889057 0 0 0 0.13 21 93 77 30 148 47 224 30 
94 0.38293393701378237 0.010580875026801594 0.9726485513255488 0 0 0 0.32 21 94 33 24 44 42 50 21 60 28 77 31 118 10 148 48 164 43 196 12 213 18 224 31 
95 0.40714206495445154 0.014793359763167225 0.9340719361109816 0 0 0 0.19 21 95 33 25 146 21 
96 0.22256976500314077 0.015690237056653497 0.938076669326542 0 0 0 0.28 21 96 27 13 164 44 
97 0.34864425352159406 0.017929766756926105 1.013642593183083 0 0 0 0.32 21 97 44 43 60 29 77 32 148 49 164 45 
98 0.19026298331876862 0.025939077898855377 0.9049591715891064 0 0 0 0.12 21 98 148 50 159 11 
99 0.3497351688658445 0.03314298297540497 1.0130543032565043 0 0 0 0.22 21 99 33 26 44 44 52 13 77 33 164 46 
100 0.29449426059671807 0.03769180086676931 1.0951879802162898 0 0 0 0.27 21 100 44 45 77 34 85 9 148 51 164 47 196 13 
101 0.360593239002247 0.038508416696662946 1.0054293536734482 0 0 0 0.16 21 101 33 27 164 48 
102 0.351583986993403 0.040067222085097436 1.0164266028148645 0 0 0 0.14 21 102 32 17 44 46 
103 0.3420131401320603 0.04202336128817521 1.0217364963936333 0 0 0 0.3 21 103 32 18 36 7 44 47 92 13 164 49 
104 0.34223889728187956 0.04206404658945405 1.0223937907417828 0 0 0 0.17 21 104 32 19 44 48 92 14 
105 0.34727080796164 0.04298167209464456 1.0101194655004702 0 0 0 0.15 21 105 33 28 60 30 
106 0.34256541002269575 0.04378374441297562 1.0153120032072667 0 0 0 0.2 21 106 60 31 127 6 
107 0.22669080692542012 0.04752725174172607 0.9412299121569733 0 0 0 0.5 21 107 77 35 164 50 
108 0.35988041737526555 0.05634397483287378 0.9989388690241854 0 0 0 0.09 21 108 33 29 44 49 148 52 
109 0.2231953153805442 0.05465141439712249 0.9291530404675385 0 0 0 0.14 21 109 159 12 164 51 
110 0.34462476783512996 0.06452297030204332 1.013391249361315 0 0 0 0.27 21 110 60 32 61 9 92 15 111 5 113 0 148 53 164 52 172 15 176 15 196 14 220 2 223 2 
111 0.39840178182989683 0.07177170450722173 0.9212123667048375 0 0 0 0.19 21 111 33 30 44 50 52 14 148 54 224 32 
112 0.41973962136244597 0.07439839391329268 0.9006285833108191 0 0 0 0.17 21 112 32 20 44 51 60 33 110 16 
113 0.3916441463476533 0.07971803611949992 0.9394625684585709 0 0 0 0.32 21 113 50 22 61 10 110 17 
114 0.3900377290725283 0.0806775590329569 0.9422993467060474 0 0 0 0.34 21 114 50 23 110 18 118 11 146 22 172 16 219 3 
115 0.38963209379031927 0.08400181463816046 0.9436448637376934 0 0 0 0.29 21 115 50 24 61 11 110 19 148 55 157 22 164 53 176 16 213 19 219 4 
116 0.3901466144423488 0.08409233700700176 0.9450290923105193 0 0 0 0.29 21 116 148 56 164 54 219 5 
117 0.4137568359850071 0.08605859785829097 0.9027104637161443 0 0 0 0.21 21 117 110 20 146 23 164 55 213 20 
118 0.41069004110539425 0.08731150931422368 0.9106294710189752 0 0 0 0.17 21 118 33 31 157 23 164 56 
119 0.345413680743889 0.09774651743408565 1.0007429779652657 0 0 0 0.32 21 119 27 14 118 12 
120 0.41367395467597307 0.08966639593504178 0.9063933006725182 0 0 0 0.41 21 120 110 21 113 1 
121 0.3525368330322935 0.1054250031709707 0.9839411544874681 0 0 0 0.31 21 121 52 15 172 17 213 21 224 33 
122 0.36443408782108383 0.10597828315179224 0.9761454226942489 0 0 0 0.24 21 122 60 34 176 17 
123 0.3437717308720851 0.10997659088907451 1.002739394715326 0 0 0 0.25 21 123 77 36 172 18 
124 0.3550420730772466 0.10783604310873182 0.9822770772323476 0 0 0 0.15 21 124 77 37 213 22 
125 0.4243738046193045 0.09793995060228153 0.8808564482905357 0 0 0 0.31 21 125 44 52 50 25 61 12 
126 0.3464010576645767 0.11005102530880004 0.9927604401004914 0 0 0 0.42 21 126 32 21 53 2 113 2 
127 0.4254266633675731 0.09980999997927761 0.8788382423652185 0 0 0 0.21 21 127 33 32 50 26 
128 0.3750307621118711 0.10860095076126418 0.951166218235975 0 0 0 0.38 21 128 33 33 44 53 60 35 77 38 85 10 92 16 110 22 128 12 157 24 164 57 172 19 176 18 213 23 223 3 224 34 
129 0.4241405722082033 0.10133235216821328 0.8805778289309106 0 0 0 0.14 21 129 33 34 44 54 50 27 157 25 
130 0.4242684633944258 0.10124397580126898 0.8807635202982996 0 0 0 0.2 21 130 33 35 44 55 50 28 146 24 157 26 164 58 213 24 
131 0.42233386493144903 0.1020922638658021 0.8821660703304837 0 0 0 0.37 21 131 50 29 92 17 157 27 
132 0.15290287452379128 0.10058048659655586 0.8571614914653604 0 0 0 0.51 21 132 148 57 159 13 
133 0.3976137093831455 0.10906092790683977 0.9193897863353427 0 0 0 0.39 21 133 44 56 50 30 77 39 148 58 157 28 
134 0.39982406284092564 0.1114054448443444 0.9166045742291726 0 0 0 0.19 21 134 33 36 50 31 157 29 
135 0.42266207070340855 0.10906412847763834 0.8808694677528478 0 0 0 0.19 21 135 33 37 44 57 50 32 60 36 146 25 157 30 158 10 164 59 176 19 213 25 
136 0.4245120766719078 0.11003595120784113 0.8784471092829442 0 0 0 0.18 21 136 33 38 44 58 50 33 60 37 61 13 157 31 224 35 
137 0.4243857034047681 0.11004005790398505 0.8782847562791112 0 0 0 0.21 21 137 33 39 44 59 50 34 60 38 61 14 77 40 146 26 157 32 158 11 164 60 213 26 
138 0.32679542944334683 0.13009084636324533 1.0189499538611506 0 0 0 0.3 21 138 44 60 50 35 
139 0.4247072700545123 0.11528224804525712 0.8796718311985944 0 0 0 0.28 21 139 33 40 92 18 
140 0.3230061024592266 0.13438751374497268 1.0205341446739873 0 0 0 0.12 21 140 50 36 148 59 
141 0.4223177965859602 0.11707980363031051 0.8788978831900235 0 0 0 0.16 21 141 33 41 44 61 50 37 92 19 
142 0.4197757945023219 0.12099778987884882 0.8831350407107531 0 0 0 0.21 21 142 33 42 44 62 164 61 224 36 
143 0.37026276196336133 0.13446176640764068 0.9506492751607862 0 0 0 0.24 21 143 60 39 223 4 
144 0.33824415448471334 0.14249608247750942 1.0005145880064077 0 0 0 0.16 21 144 44 63 232 3 
145 0.42330675796306555 0.12622070142700048 0.8776462505414782 0 0 0 0.32 21 145 33 43 44 64 60 40 164 62 220 3 224 37 
146 0.3974240343346176 0.13255196402780936 0.9056335448925708 0 0 0 0.16 21 146 44 65 148 60 164 63 
147 0.3943452118683725 0.13674298397370285 0.9137879656551164 0 0 0 0.36 21 147 27 15 44 66 77 41 164 64 
148 0.3990313339993193 0.1383740277014285 0.9091599297806038 0 0 0 0.19 21 148 33 44 77 42 148 61 
149 0.4021726055782301 0.13831907105301885 0.8999181125150141 0 0 0 0.09 21 149 33 45 50 38 157 33 
150 0.3707232555757216 0.15068003341067795 0.9474916750235661 0 0 0 0.21 21 150 33 46 44 67 50 39 164 65 224 38 
151 0.35922730755947374 0.15832864405437497 0.9716727752519018 0 0 0 0.2 21 151 33 47 77 43 164 66 224 39 
152 0.33543247870845067 0.1654667354605917 1.0089931819317721 0 0 0 0.14 21 152 44 68 50 40 
153 0.32293407141964764 0.16949623818686005 1.0253199854834083 0 0 0 0.15 21 153 71 1 148 62 
154 0.33168620190206677 0.17536382688862942 1.0111111954786598 0 0 0 0.25 21 154 44 69 50 41 77 44 224 40 
155 0.3445801985283778 0.18012557078615904 1.001436415086703 0 0 0 0.18 21 155 44 70 164 67 
156 0.05761684523063951 -0.15847035792440892 0.8331920540912059 0 0 0 0.01 21 156 63 0 126 0 
157 0.46124645797115477 -0.16291153981461412 0.8888778226376595 0 0 0 0.37 21 157 52 16 172 20 
158 0.38246851425319944 -0.15224092176769677 0.9919251229378689 0 0 0 0.1 21 158 162 2 164 68 
159 0.3759622917565389 -0.14106365392762543 0.9974667377034998 0 0 0 0.27 21 159 32 22 36 8 92 20 223 5 
160 0.38309818663238593 -0.12332515931809457 0.9966481086669352 0 0 0 0.27 21 160 44 71 77 45 164 69 
161 0.38600649533267817 -0.11723907160963061 0.9940493067939866 0 0 0 0.39 21 161 96 2 148 63 196 15 224 41 
162 0.1272954774513073 -0.1005437509537677 0.8774179282730799 0 0 0 0.13 21 162 27 16 221 3 
163 0.3951920148018407 -0.10855871380780525 0.9768492753926146 0 0 0 0.26 21 163 77 46 85 11 103 4 159 14 164 70 172 21 223 6 
164 0.45499121594522185 -0.08464482240915445 0.8804916908152408 0 0 0 0.07 21 164 85 12 157 34 213 27 
165 0.45502047243794763 -0.08469029492435981 0.8804932321392703 0 0 0 0.24 21 165 44 72 85 13 92 21 111 6 126 1 146 27 162 3 
166 0.38857351912768684 -0.09511336565015995 0.9942524065609436 0 0 0 0.24 21 166 118 13 162 4 220 4 
167 0.44337287052324936 -0.08317717083293293 0.8964572966120234 0 0 0 0.19 21 167 52 17 60 41 110 23 162 5 172 22 
168 0.4457836717750013 -0.08139172990498542 0.8941416266239192 0 0 0 0.28 21 168 32 23 33 48 36 9 60 42 61 15 77 47 92 22 96 3 110 24 128 13 148 64 158 12 159 15 176 20 220 5 224 42 232 4 
169 0.43229490331040266 -0.08332146208460497 0.9150735375393974 0 0 0 0.3 21 169 52 18 111 7 162 6 172 23 
170 0.44205208391245115 -0.08027729503061436 0.8998504629317777 0 0 0 0.3 21 170 32 24 36 10 44 73 50 42 60 43 77 48 110 25 111 8 128 14 146 28 157 35 158 13 162 7 172 24 232 5 
171 0.4345837906483201 -0.07785990112956771 0.9101286534626392 0 0 0 0.36 21 171 27 17 32 25 33 49 53 3 60 44 77 49 85 14 92 23 110 26 127 7 128 15 146 29 148 65 157 36 158 14 159 16 162 8 172 25 176 21 223 7 227 3 
172 0.3129685845499676 -0.08668454880828114 1.097323725184703 0 0 0 0.38 21 172 27 18 43 0 44 74 71 2 77 50 92 24 148 66 164 71 221 4 
173 0.31048388808711064 -0.08392376785946326 1.0999364117289894 0 0 0 0.3 21 173 27 19 77 51 164 72 224 43 
174 0.3961436037976641 -0.07110468000825801 0.9645270289272624 0 0 0 0.18 21 174 52 19 71 3 85 15 162 9 
175 0.40401498824032867 -0.07030578857462765 0.9549577618005142 0 0 0 0.34 21 175 77 52 85 16 96 4 111 9 148 67 158 15 159 17 164 73 196 16 
176 0.4035605474627229 -0.0702545096996428 0.953438248635188 0 0 0 0.28 21 176 77 53 85 17 96 5 111 10 148 68 159 18 164 74 172 26 196 17 224 44 
177 0.3165471804714127 -0.07968758214547637 1.085454617231142 0 0 0 0.15 21 177 52 20 85 18 103 5 196 18 220 6 224 45 
178 0.3166904537554757 -0.07975082169685001 1.0857152376318477 0 0 0 0.17 21 178 43 1 96 6 103 6 111 11 148 69 164 75 220 7 
179 0.4069338200997683 -0.0682504291436462 0.9488758748965721 0 0 0 0.27 21 179 33 50 44 75 52 21 53 4 60 45 77 54 85 19 92 25 127 8 128 16 146 30 148 70 157 37 164 76 213 28 223 8 224 46 
180 0.4067292979700702 -0.06821966293421218 0.9483024887319175 0 0 0 0.29 21 180 33 51 44 76 53 5 85 20 127 9 148 71 164 77 196 19 220 8 223 9 224 47 
181 0.41529633860005444 -0.0665518834667452 0.9347561486267614 0 0 0 0.36 21 181 44 77 60 46 110 27 118 14 146 31 213 29 
182 0.34249103197744907 -0.07377959304501414 1.0431301622993034 0 0 0 0.37 21 182 27 20 32 26 36 11 77 55 92 26 
183 0.1355955265349376 -0.059089191164252874 0.8767488026475422 0 0 0 0.48 21 183 27 21 148 72 
184 0.30974794860113736 -0.07633026326194542 1.1028310767229312 0 0 0 0.18 21 184 44 78 159 19 224 48 
185 0.308605110112035 -0.07581994376334165 1.0978501676181136 0 0 0 0.44 21 185 71 4 92 27 148 73 159 20 164 78 220 9 223 10 224 49 
186 0.3795366200436558 -0.06564315288930174 0.9881522797386142 0 0 0 0.15 21 186 85 21 111 12 148 74 
187 0.45245381041867816 -0.057233973420187885 0.8825061400443396 0 0 0 0.11 21 187 50 43 213 30 
188 0.30950518699394053 -0.07115995092353722 1.100212703694621 0 0 0 0.32 21 188 27 22 44 79 52 22 77 56 111 13 148 75 164 79 220 10 
189 0.3721886305000375 -0.0631770584712506 1.0003388127325459 0 0 0 0.23 21 189 52 23 53 6 60 47 85 22 146 32 172 27 
190 0.3678630170810065 -0.061701605600538494 1.0057309074198673 0 0 0 0.27 21 190 60 48 85 23 111 14 126 2 148 76 157 38 172 28 
191 0.39153275118256187 -0.05794683377910964 0.9686983733872576 0 0 0 0.3 21 191 27 23 36 12 50 44 60 49 92 28 146 33 158 16 176 22 219 6 224 50 232 6 
192 0.360670274106558 -0.05923525327354415 1.0169324671400541 0 0 0 0.26 21 192 25 0 52 24 85 24 103 7 227 4 
193 0.45151939576520334 -0.04864289340689413 0.8830115635593683 0 0 0 0.28 21 193 44 80 77 57 127 10 148 77 
194 0.17430065998885572 -0.04924019648301376 0.9101598128594878 0 0 0 0.35 21 194 164 80 196 20 
195 0.3638026240580086 -0.05359445931836272 1.0092597455675045 0 0 0 0.34 21 195 32 27 50 45 111 15 158 17 176 23 213 31 
196 0.3638026240580077 -0.05359445931836239 1.0092597455675019 0 0 0 0.34 21 196 32 28 50 46 111 16 158 18 176 24 213 32 
197 0.18034776679127293 -0.04814707375455469 0.9151543749876742 0 0 0 0.29 21 197 159 21 164 81 
198 0.378632956380218 -0.050779477093155556 0.9844134869971258 0 0 0 0.26 21 198 44 81 77 58 148 78 164 82 
199 0.18649706085816684 -0.04630979632867823 0.9153515128442026 0 0 0 0.32 21 199 77 59 164 83 
200 0.18757655139318874 -0.046512834441203604 0.9208841430563658 0 0 0 0.21 21 200 77 60 196 21 
201 0.35598563685641527 -0.05141847376279806 1.0179225264944811 0 0 0 0.28 21 201 27 24 33 52 52 25 53 7 77 61 96 7 103 8 111 17 118 15 126 3 157 39 159 22 164 84 213 33 223 11 227 5 
202 0.35600162448645356 -0.05147718939420784 1.017701107459045 0 0 0 0.36 21 202 27 25 32 29 33 53 36 13 44 82 50 47 52 26 77 62 85 25 92 29 103 9 111 18 118 16 148 79 157 40 159 23 164 85 213 34 219 7 223 12 
203 0.31125011021478083 -0.05256937540171221 1.0863477858322912 0 0 0 0.33 21 203 44 83 92 30 111 19 148 80 159 24 
204 0.3507811417974182 -0.04519976221648029 1.0241777490620194 0 0 0 0.29 21 204 44 84 60 50 126 4 164 86 176 25 224 51 
205 0.35382738442159534 -0.043093613648668455 1.0188578768141423 0 0 0 0.29 21 205 44 85 52 27 60 51 77 63 85 26 103 10 111 20 126 5 159 25 176 26 219 8 
206 0.3162516171201409 -0.0445106414280354 1.0828209397402495 0 0 0 0.26 21 206 27 26 44 86 60 52 77 64 164 87 
207 0.3461223380667336 -0.0403664001580831 1.0300754717031835 0 0 0 0.22 21 207 32 30 44 87 60 53 67 0 77 65 164 88 221 5 
208 0.33185549860902963 -0.03947014855255514 1.058251263505862 0 0 0 0.28 21 208 27 27 43 2 60 54 61 16 92 31 118 17 157 41 159 26 164 89 176 27 227 6 
209 0.33190900876746243 -0.039452033050015045 1.0584095295195752 0 0 0 0.29 21 209 27 28 32 31 44 88 50 48 53 8 60 55 92 32 96 8 103 11 111 21 118 18 148 81 157 42 159 27 164 90 176 28 227 7 232 7 
210 0.3281057302080082 -0.03907597923154777 1.0627365035325547 0 0 0 0.3 21 210 50 49 53 9 60 56 96 9 111 22 128 17 157 43 159 28 172 29 176 29 219 9 224 52 227 8 
211 0.3285516064636827 -0.03912158784796603 1.0630602433843614 0 0 0 0.14 21 211 96 10 111 23 219 10 224 53 227 9 
212 0.3267011343139097 -0.03885842021558197 1.0664483816009402 0 0 0 0.21 21 212 60 57 71 5 85 27 126 6 196 22 219 11 
213 0.3369530548996338 -0.035930370343895214 1.0525324901085347 0 0 0 0.27 21 213 26 0 32 32 44 89 52 28 60 58 92 33 164 91 176 30 220 11 224 54 
214 0.33679109398247575 -0.03612279406174047 1.0520399142192625 0 0 0 0.22 21 214 60 59 164 92 176 31 220 12 
215 0.2970222379527741 -0.035869981956515466 1.1065240272017327 0 0 0 0.24 21 215 77 66 92 34 164 93 
216 0.29706752750434673 -0.03584641134915517 1.1068948997631014 0 0 0 0.23 21 216 77 67 92 35 
217 0.3799946666029678 -0.029820174406812713 0.9853176012625956 0 0 0 0.12 21 217 127 11 162 10 
218 0.3731168332736539 -0.029409906563920406 0.998361949480217 0 0 0 0.26 21 218 71 6 92 36 103 12 
219 0.20299307514857493 -0.026326451737642628 0.9292979027105756 0 0 0 0.2 21 219 148 82 164 94 
220 0.334853119463925 -0.02980460047209567 1.0579163417048827 0 0 0 0.22 21 220 50 50 60 60 103 13 111 24 157 44 232 8 
221 0.3159338861790508 -0.027455617948569065 1.080345893172933 0 0 0 0.22 21 221 25 1 26 1 44 90 60 61 71 7 164 95 220 13 
222 0.3611332803185727 -0.025939974716188426 1.015313278915099 0 0 0 0.16 21 222 77 68 111 25 146 34 148 83 224 55 
223 -0.027099294952658358 -0.015573131685256418 0.7133362115562472 0 0 0 0.25 21 223 63 1 221 6 
224 0.4252068855072411 -0.020197811921840756 0.907848255440972 0 0 0 0.23 21 224 33 54 118 19 148 84 
225 0.3255049274566303 -0.016715957481586795 1.0574553810442875 0 0 0 0.17 21 225 52 29 77 69 85 28 
226 0.3097730115077618 -0.01567316877496335 1.0779827658395629 0 0 0 0.26 21 226 27 29 44 91 60 62 148 85 164 96 196 23 220 14 
227 0.36173348616530177 -0.010301192590287165 1.012235226525389 0 0 0 0.21 21 227 60 63 111 26 148 86 157 45 
228 0.3580131302372098 -0.009270739231157447 1.0115990451659178 0 0 0 0.24 21 228 27 30 33 55 60 64 146 35 148 87 224 56 
229 0.4135219013028384 -0.005352887368930344 0.9261987042348347 0 0 0 0.14 21 229 103 14 111 27 
230 0.19930045588868017 -0.004930742539135904 0.9177431858185627 0 0 0 0.35 21 230 164 97 224 57 
231 0.4510239345022704 -0.002753161871721262 0.8693111059794479 0 0 0 0.32 21 231 157 46 164 98 176 32 
232 0.34188518945106766 -0.0013283641593495098 1.0373045792655866 0 0 0 0.21 21 232 148 88 164 99 224 58 
233 0.33462879984717836 0.002656171579788066 1.052105879102653 0 0 0 0.26 21 233 44 92 77 70 126 7 148 89 164 100 224 59 
234 0.3157910272139221 0.00391180692361309 1.0721133108927394 0 0 0 0.08 21 234 148 90 224 60 
235 0.30644872030948417 0.004403073307876684 1.0870468849683925 0 0 0 0.19 21 235 27 31 148 91 164 101 224 61 
236 0.32607236359377706 0.004448940327596551 1.060510557322339 0 0 0 0.32 21 236 164 102 224 62 
237 0.2258184000776119 0.0063637808639499015 0.9396631558167806 0 0 0 0.45 21 237 36 14 77 71 85 29 148 92 164 103 196 24 
238 0.3444624269848816 0.009302490782499893 1.0255905515607153 0 0 0 0.27 21 238 44 93 85 30 148 93 164 104 223 13 
239 0.3432595714248665 0.009301306530354946 1.0219467488630136 0 0 0 0.26 21 239 44 94 77 72 148 94 164 105 
240 0.308271025211561 0.010859762867545317 1.0889436270207102 0 0 0 0.5 21 240 223 14 224 63 
241 0.3966902758589652 0.011342015159650791 0.9500429290926116 0 0 0 0.26 21 241 44 95 103 15 111 28 162 11 
242 0.18678935644713152 0.01123874211391706 0.9062393904818394 0 0 0 0.11 21 242 148 95 164 106 
243 0.309096238957517 0.01472826583897038 1.075485629360765 0 0 0 0.12 21 243 77 73 224 64 
244 0.197670722722424 0.015742442510873023 0.9131972035412828 0 0 0 0.34 21 244 77 74 148 96 159 29 196 25 224 65 
245 0.19752874600283027 0.015775513730414206 0.9131281546818838 0 0 0 0.2 21 245 77 75 148 97 159 30 196 26 
246 0.154994713245414 0.016483618468314715 0.8766514029177351 0 0 0 0.18 21 246 126 8 159 31 196 27 224 66 
247 0.3586063250193988 0.01950082424334931 1.005002110287779 0 0 0 0.25 21 247 33 56 50 51 52 30 60 65 77 76 111 29 118 20 128 18 148 98 164 107 196 28 213 35 224 67 
248 0.37247285331343166 0.033764711780968765 0.980314987707012 0 0 0 0.25 21 248 60 66 162 12 
249 0.29244485601323733 0.05046033783278563 1.083746298107763 0 0 0 0.09 21 249 44 96 126 9 148 99 
250 0.31801488062410177 0.06446504222878584 1.0464741176575778 0 0 0 0.59 21 250 44 97 52 31 71 8 85 31 
251 0.35894078245470334 0.062226825480778784 0.9955300765112198 0 0 0 0.31 21 251 60 67 85 32 162 13 164 108 
252 0.3627921291904208 0.06290539304034162 0.9966778871736819 0 0 0 0.29 21 252 27 32 77 77 221 7 
253 0.324559002817692 0.06961046637147704 1.0366143581245792 0 0 0 0.18 21 253 50 52 52 32 118 21 232 9 
254 0.3444954513043051 0.07012601611350172 1.0118963574743816 0 0 0 0.27 21 254 32 33 43 3 52 33 53 10 60 68 61 17 71 9 73 0 77 78 85 33 96 11 110 28 111 30 113 3 148 100 172 30 196 29 213 36 220 15 223 15 224 68 
255 0.30751880635726947 0.07302492593023802 1.060237120413328 0 0 0 0.24 21 255 26 2 44 98 73 1 148 101 164 109 196 30 220 16 224 69 
256 0.38680436690173675 0.07525115939039168 0.9515746252490384 0 0 0 0.12 21 256 128 19 172 31 232 10 
257 0.40018186664733263 0.07361797628150718 0.9191167111796235 0 0 0 0.18 21 257 27 33 52 34 162 14 164 110 196 31 224 70 
258 0.4002209104817035 0.07367825751230594 0.9192505447486162 0 0 0 0.24 21 258 27 34 52 35 111 31 164 111 
259 0.3833654388339401 0.07838056794255009 0.951884602499285 0 0 0 0.18 21 259 50 53 118 22 172 32 176 33 213 37 
260 0.3764896338067906 0.08204437205626922 0.9546974533631982 0 0 0 0.09 21 260 44 99 224 71 
261 0.42230528094788117 0.08215402651503573 0.8833994053868707 0 0 0 0.26 21 261 52 36 164 112 172 33 
262 0.3668654797387923 0.09682652661172074 0.9756317114158116 0 0 0 0.21 21 262 44 100 113 4 162 15 
263 0.3630639978791372 0.09748493327470904 0.9762253529848294 0 0 0 0.39 21 263 33 57 162 16 
264 0.3624854630815088 0.09830173990772174 0.9823238300385848 0 0 0 0.21 21 264 33 58 44 101 50 54 77 79 164 113 172 34 213 38 
265 0.3599066987859736 0.09953396306678648 0.9875848827526549 0 0 0 0.49 21 265 77 80 162 17 164 114 220 17 224 72 
266 0.366943771159936 0.09657104312733746 0.9546152351767682 0 0 0 0.18 21 266 60 69 92 37 
267 0.3659465531538019 0.09957528493786943 0.9701485738128942 0 0 0 0.17 21 267 60 70 110 29 113 5 
268 0.3596564245767549 0.10168535564864749 0.9796995504494815 0 0 0 0.19 21 268 44 102 52 37 61 18 77 81 148 102 164 115 213 39 
269 0.3577150627190119 0.10567052232377402 0.9820669042250928 0 0 0 0.29 21 269 27 35 96 12 227 10 
270 0.3552532673520447 0.11342095527327037 0.9809684773014485 0 0 0 0.3 21 270 27 36 44 103 50 55 53 11 61 19 71 10 77 82 96 13 103 16 111 32 118 23 128 20 148 103 159 32 164 116 196 32 213 40 221 8 224 73 227 11 
271 0.4242392171415408 0.10592818388271232 0.8793831627227513 0 0 0 0.09 21 271 33 59 44 104 50 56 61 20 157 47 
272 0.42428018173133003 0.10602963768386649 0.8794023943736651 0 0 0 0.18 21 272 33 60 44 105 50 57 60 71 61 21 77 83 118 24 146 36 148 104 157 48 162 18 164 117 176 34 213 41 
273 0.3234856343660528 0.12574880182720785 1.0217050704375101 0 0 0 0.45 21 273 27 37 50 58 77 84 111 33 118 25 164 118 221 9 224 74 232 11 
274 0.34518317461633186 0.12561793794112194 0.9929134642055382 0 0 0 0.4 21 274 27 38 50 59 71 11 77 85 111 34 118 26 148 105 220 18 224 75 
275 0.36732121112445737 0.1289912184574985 0.9636231669539319 0 0 0 0.37 21 275 32 34 33 61 50 60 60 72 61 22 113 6 157 49 
276 0.433560515576381 0.11827218920960961 0.8711817946862935 0 0 0 0.23 21 276 52 38 77 86 224 76 
277 0.3236094349895482 0.13749702724156468 1.018087126220172 0 0 0 0.57 21 277 27 39 44 106 77 87 148 106 196 33 220 19 
278 0.3687032640884714 0.12971605307400114 0.956039141929181 0 0 0 0.26 21 278 25 2 26 3 44 107 60 73 71 12 73 2 92 38 110 30 111 35 113 7 148 107 159 33 162 19 164 119 220 20 221 10 223 16 224 77 
279 0.39356485687170045 0.12679406406328236 0.9292559688845943 0 0 0 0.41 21 279 32 35 33 62 44 108 92 39 111 36 220 21 224 78 
280 0.36166885868191595 0.13229342270097377 0.9741204390123227 0 0 0 0.27 21 280 25 3 50 61 52 39 111 37 148 108 157 50 172 35 
281 0.4271893017625196 0.12006910903761878 0.8723791570832699 0 0 0 0.28 21 281 52 40 162 20 224 79 
282 0.3448574724837628 0.13654898797351164 0.9900278849494961 0 0 0 0.14 21 282 43 4 232 12 
283 0.34946914759050846 0.13896210499823816 0.9852113741474694 0 0 0 0.58 21 283 33 63 61 23 77 88 92 40 148 109 164 120 196 34 213 42 
284 0.37060732083797865 0.13736149370963482 0.9504049982723661 0 0 0 0.4 21 284 33 64 50 62 73 3 85 34 113 8 164 121 224 80 
285 0.3510296022725094 0.14523105844008427 0.9804536134767332 0 0 0 0.25 21 285 44 109 196 35 220 22 224 81 
286 0.4074121863414175 0.13650840042981632 0.881491091602209 0 0 0 0.28 21 286 44 110 77 89 162 21 
287 0.33812136005418736 0.1575146677255429 1.0100098487182583 0 0 0 0.28 21 287 32 36 220 23 
288 0.3997367823237846 0.1443119614742658 0.9091595766218072 0 0 0 0.64 21 288 33 65 44 111 111 38 164 122 
289 0.41929982403473315 0.13930483532052365 0.8785590213919825 0 0 0 0.43 21 289 44 112 52 41 110 31 148 110 164 123 
290 0.3965066058664939 0.14563161948702172 0.9102519062676879 0 0 0 0.41 21 290 44 113 50 63 61 24 77 90 110 32 111 39 164 124 176 35 
291 0.38743584339739223 0.13655338053253857 0.8470627394809706 0 0 0 0.26 21 291 33 66 44 114 162 22 
292 0.3430094100733668 0.1613352175328155 0.9910001725190478 0 0 0 0.15 21 292 44 115 73 4 111 40 164 125 220 24 
293 0.18482381827968813 0.14499113868365032 0.8730272141812742 0 0 0 0.18 21 293 196 36 220 25 
294 0.3447057367888996 0.16859962224227643 0.9827959206017817 0 0 0 0.4 21 294 220 26 224 82 
295 0.3280665730051368 0.1753932508575154 1.0163682536259475 0 0 0 0.33 21 295 148 111 164 126 
296 0.33221490669585674 0.18018124714415054 1.010419383465345 0 0 0 0.36 21 296 44 116 50 64 164 127 196 37 220 27 
297 0.3453338114127398 0.17999745416177174 0.9774373339629231 0 0 0 0.21 21 297 44 117 164 128 220 28 
298 0.3509413575699321 0.18789221658912034 0.9744948544614048 0 0 0 0.4 21 298 44 118 92 41 196 38 220 29 
299 -0.1868849964012668 -0.16119098156702125 0.6038845795680772 0 0 0 0.14 21 299 25 4 71 13 
300 0.13659998815553828 -0.13640221661891774 0.894657672876735 0 0 0 0.55 21 300 26 4 96 14 148 112 159 34 221 11 
301 0.4497918551102361 -0.1376495302590168 0.9034762957403352 0 0 0 0.25 21 301 67 1 126 10 
302 0.3855605086221551 -0.14955289164175845 0.9929419416491787 0 0 0 0.23 21 302 146 37 148 113 164 129 
303 0.4612588065938012 -0.11409857230106367 0.8918196726385089 0 0 0 0.31 21 303 77 91 103 17 
304 0.3909532949315139 -0.1141230169762504 0.9849622579381305 0 0 0 0.31 21 304 25 5 33 67 44 119 50 65 77 92 126 11 128 21 146 38 148 114 176 36 224 83 
305 0.38670100564277643 -0.1136698852338717 0.9873798663237587 0 0 0 0.27 21 305 27 40 33 68 44 120 50 66 77 93 111 41 146 39 148 115 164 130 196 39 220 30 221 12 223 17 224 84 
306 0.4463128937776365 -0.09886568005044552 0.8869610309051471 0 0 0 0.21 21 306 52 42 111 42 
307 0.39253141496617133 -0.09841838646027491 0.9925780223752827 0 0 0 0.24 21 307 44 121 220 31 
308 0.37353135102823337 -0.09589763788678837 1.0105401204499924 0 0 0 0.33 21 308 43 5 60 74 
309 0.419974253295521 -0.06462762483091668 0.928226172394271 0 0 0 0.25 21 309 44 122 162 23 
310 0.10415674056102266 -0.053457474956445344 0.8454884683372507 0 0 0 0.02 21 310 27 41 126 12 
311 0.3988747011433849 -0.06171356467089893 0.9591708721458245 0 0 0 0.3 21 311 52 43 77 94 85 35 92 42 96 15 110 33 126 13 146 40 148 116 159 35 164 131 172 36 176 37 227 12 
312 0.1577302290708678 -0.05718873591253424 0.9001773914487814 0 0 0 0.43 21 312 25 6 73 5 126 14 159 36 
313 0.3557534062884399 -0.062392188917293125 1.0205322850426803 0 0 0 0.15 21 313 148 117 172 37 
314 0.10476775290445456 -0.04630169743914897 0.8445167351466861 0 0 0 0.17 21 314 27 42 126 15 
315 0.3332010160951801 -0.058078525536323665 1.0652155349661891 0 0 0 0.36 21 315 43 6 50 67 53 12 96 16 111 43 164 132 176 38 219 12 227 13 
316 0.40982890754981766 -0.04210889087708523 0.9465912770773838 0 0 0 0.2 21 316 44 123 77 95 111 44 148 118 
317 0.3257747191380946 -0.04790581134165169 1.0681921188522259 0 0 0 0.27 21 317 25 7 26 5 27 43 44 124 60 75 67 2 71 14 73 6 77 96 85 36 92 43 96 17 103 18 111 45 118 27 126 16 148 119 159 37 164 133 176 39 181 0 196 40 219 13 220 32 221 13 223 18 224 85 232 13 
318 0.3084659721394552 -0.04679400750154281 1.0932474057944446 0 0 0 0.3 21 318 26 6 60 76 73 7 77 97 148 120 164 134 220 33 224 86 
319 0.3010596258067335 -0.04004936018093619 1.1084874945285283 0 0 0 0.27 21 319 77 98 148 121 164 135 
320 0.3158492238065244 -0.03840799365308369 1.082661123859976 0 0 0 0.15 21 320 25 8 44 125 60 77 77 99 148 122 
321 0.40734763798994694 -0.02775233947920107 0.9464114889193191 0 0 0 0.21 21 321 26 7 33 69 146 41 148 123 158 19 162 24 164 136 224 87 
322 0.30368911959608547 -0.03280510007198312 1.1002995367415116 0 0 0 0.48 21 322 26 8 44 126 52 44 77 100 148 124 159 38 181 1 224 88 
323 0.312693585155771 -0.03050642675172475 1.0849757103380908 0 0 0 0.29 21 323 25 9 26 9 27 44 44 127 60 78 71 15 73 8 77 101 85 37 111 46 148 125 196 41 220 34 223 19 224 89 
324 0.4433539144091116 -0.017577987049227688 0.8884130540649872 0 0 0 0.33 21 324 27 45 53 13 61 25 85 38 111 47 148 126 159 39 164 137 176 40 232 14 
325 0.43669536908227047 -0.015739475285171008 0.8987951905611065 0 0 0 0.37 21 325 61 26 110 34 128 22 
326 0.4425621335733229 -0.013787477213796659 0.8900472777109263 0 0 0 0.4 21 326 25 10 27 46 44 128 50 68 52 45 53 14 61 27 63 2 67 3 71 16 77 102 85 39 92 44 103 19 110 35 111 48 146 42 148 127 158 20 162 25 172 38 176 41 223 20 224 90 232 15 
327 0.18251044489330265 -0.014054947824787074 0.911077138874289 0 0 0 0.22 21 327 148 128 159 40 
328 0.19129271925704894 -0.012610264875481976 0.9180570814961919 0 0 0 0.23 21 328 148 129 224 91 
329 0.3108795670420205 -0.010936043552664233 1.080376627913484 0 0 0 0.36 21 329 44 129 60 79 73 9 126 17 164 138 220 35 
330 0.36630473256537044 -0.008292797045310477 1.0080253109881734 0 0 0 0.4 21 330 111 49 157 51 223 21 
331 0.44742751931746877 -0.006315919997683263 0.8728977577989776 0 0 0 0.19 21 331 103 20 110 36 172 39 220 36 
332 0.21604210456733539 0.0018928908834380744 0.9347231103924694 0 0 0 0.48 21 332 77 103 159 41 196 42 
333 0.34649870415319384 0.006187663979451752 1.0468015954480139 0 0 0 0.59 21 333 92 45 148 130 164 139 
334 0.1903717641010406 0.008652792761398525 0.9069590054752888 0 0 0 0.37 21 334 148 131 164 140 
335 0.31579147361738014 0.008803403378883457 1.0768807301690186 0 0 0 0.19 21 335 77 104 148 132 164 141 224 92 
336 0.3432348192829675 0.012331512413121875 1.03494351655385 0 0 0 0.5 21 336 92 46 111 50 164 142 
337 0.19790079051995446 0.011427212942590022 0.9213582612081473 0 0 0 0.28 21 337 148 133 164 143 
338 0.38544664238487963 0.01601072761931367 0.9684642828721169 0 0 0 0.2 21 338 33 70 103 21 111 51 220 37 
339 0.20775428777453503 0.016174377693718545 0.9242878239429182 0 0 0 0.19 21 339 77 105 159 42 164 144 196 43 
340 0.34278589772173257 0.019289080322462713 1.0301783603455459 0 0 0 0.34 21 340 44 130 157 52 
341 0.372269305954034 0.01939432215034792 0.9849681304206918 0 0 0 0.15 21 341 44 131 71 17 148 134 
342 0.20787057745766127 0.026230970914022232 0.9231031411709736 0 0 0 0.31 21 342 27 47 77 106 126 18 148 135 164 145 196 44 220 38 224 93 
343 0.3456947121149373 0.03324233326212261 1.026880689612761 0 0 0 0.31 21 343 77 107 126 19 148 136 164 146 220 39 
344 0.1921468257127425 0.03164744525438544 0.909646018213601 0 0 0 0.16 21 344 126 20 148 137 159 43 
345 0.34727043927610196 0.037201151334744574 1.0143602762707766 0 0 0 0.39 21 345 26 10 43 7 44 132 60 80 71 18 73 10 77 108 148 138 164 147 172 40 224 94 
346 0.3438179246088335 0.04048259024115543 1.0188756490790085 0 0 0 0.36 21 346 26 11 27 48 32 37 52 46 60 81 73 11 77 109 85 40 88 0 113 9 126 21 127 12 148 139 159 44 162 26 220 40 
347 0.3505304716176461 0.05003579888993797 1.0086269680274187 0 0 0 0.27 21 347 73 12 126 22 148 140 221 14 
348 0.3069800102287513 0.052507237130747064 1.0639583699398916 0 0 0 0.37 21 348 73 13 77 110 126 23 164 148 220 41 
349 0.3088234328827639 0.0526835823901917 1.0697769083927084 0 0 0 0.26 21 349 60 82 73 14 77 111 
350 0.19403470113443635 0.05501277651574161 0.9107073596392482 0 0 0 0.04 21 350 148 141 220 42 
351 0.35045847707067934 0.06711469715847596 1.0038694972175037 0 0 0 0.11 21 351 220 43 223 22 
352 0.3476189036548149 0.07115314096018718 1.0075852569624837 0 0 0 0.23 21 352 25 11 44 133 52 47 77 112 111 52 148 142 164 149 172 41 176 42 220 44 224 95 
353 0.3076225882541168 0.07882049788964186 1.0572907239912748 0 0 0 0.63 21 353 44 134 52 48 164 150 220 45 
354 0.42548541471891316 0.06639427147084989 0.8879390609764742 0 0 0 0.51 21 354 52 49 127 13 
355 0.3899322769886936 0.07394790565677463 0.9433214625239519 0 0 0 0.2 21 355 111 53 172 42 
356 0.40390936409468875 0.0803823012118074 0.9174160430951344 0 0 0 0.09 21 356 162 27 172 43 
357 0.4003845781879878 0.0831494364841911 0.9175429124422846 0 0 0 0.14 21 357 52 50 111 54 227 14 
358 0.43016167727501314 0.08153026525958022 0.8789824395834719 0 0 0 0.09 21 358 111 55 162 28 
359 0.19366693378351066 0.09350084145659644 0.8981068385206585 0 0 0 0.2 21 359 164 151 224 96 
360 0.2083847978020396 0.09984762203385376 0.9052131983821221 0 0 0 0.21 21 360 77 113 159 45 196 45 
361 0.19602051838546677 0.10169055106039795 0.9054760898928894 0 0 0 0.19 21 361 148 143 164 152 
362 0.3710793125227768 0.10982456915845815 0.9562880118524595 0 0 0 0.32 21 362 26 12 44 135 50 69 60 83 61 28 77 114 85 41 110 37 111 56 157 53 164 153 176 43 223 23 224 97 227 15 
363 0.4002360363674882 0.10791914216533594 0.9138768335939291 0 0 0 0.22 21 363 25 12 33 71 50 70 61 29 77 115 111 57 148 144 157 54 164 154 172 44 176 44 196 46 213 43 
364 0.3682474112732597 0.11327604218670605 0.9591943887610558 0 0 0 0.36 21 364 176 45 227 16 
365 -0.054733573560468145 0.08685480292406736 0.6576291895606722 0 0 0 0.17 21 365 73 15 224 98 
366 0.38832036107357465 0.1227792825835711 0.9342065905673305 0 0 0 0.18 21 366 96 18 162 29 164 155 176 46 224 99 
367 0.38436751520221624 0.12455066419999354 0.9395454188795846 0 0 0 0.39 21 367 52 51 111 58 162 30 196 47 224 100 
368 0.3707456562449901 0.12961237865438274 0.9508060173151415 0 0 0 0.41 21 368 44 136 50 71 148 145 164 156 223 24 
369 0.4088487307067426 0.12558190701235328 0.9076763287323982 0 0 0 0.49 21 369 27 49 162 31 172 45 232 16 
370 0.3925402338480216 0.1289515287018781 0.9193679911008908 0 0 0 0.38 21 370 25 13 26 13 33 72 44 137 60 84 71 19 92 47 113 10 148 146 162 32 164 157 220 46 223 25 224 101 
371 0.3623427491600323 0.13936209480433573 0.9738461447549208 0 0 0 0.27 21 371 44 138 52 52 71 20 77 116 118 28 148 147 172 46 220 47 232 17 
372 0.4215789221882705 0.12961368076864235 0.8755790144043719 0 0 0 0.25 21 372 33 73 44 139 52 53 60 85 77 117 92 48 103 22 111 59 148 148 158 21 162 33 164 158 172 47 196 48 220 48 224 102 
373 0.36664201683617215 0.14273745580704694 0.9597422326389807 0 0 0 0.52 21 373 33 74 50 72 60 86 73 16 77 118 81 0 111 60 148 149 164 159 176 47 220 49 223 26 224 103 
374 -0.003510631703459159 0.1039230729081363 0.681995266770371 0 0 0 0.23 21 374 63 3 224 104 
375 0.41628349398782244 0.13500493389680335 0.8830391576641646 0 0 0 0.27 21 375 44 140 172 48 220 50 224 105 
376 0.2097475421469142 0.1462808163025189 0.8987698161844837 0 0 0 0.35 21 376 148 150 164 160 220 51 
377 0.37604386213093666 0.15363377305563133 0.9404997301231784 0 0 0 0.14 21 377 33 75 44 141 77 119 111 61 148 151 164 161 196 49 220 52 224 106 
378 0.31572664080511675 0.16964024067633104 1.0310664223135004 0 0 0 0.3 21 378 71 21 220 53 
379 0.196666702495328 0.1466466576465724 0.879220131653415 0 0 0 0.19 21 379 164 162 220 54 
380 0.19882589510196538 0.1478720329529827 0.8872453279575732 0 0 0 0.35 21 380 148 152 196 50 220 55 
381 0.34454272686168463 0.16422269059059183 0.9863099826537424 0 0 0 0.21 21 381 73 17 111 62 164 163 220 56 224 107 
382 0.3244948481467972 0.17214081930769848 1.0186175451004025 0 0 0 0.24 21 382 111 63 148 153 164 164 196 51 220 57 224 108 
383 0.4030829160775404 0.17250809128022818 0.903240630237973 0 0 0 0.3 21 383 44 142 77 120 92 49 
384 -0.19144952862753747 -0.1742572949361589 0.6008437834536785 0 0 0 0.26 21 384 73 18 224 109 
385 -0.12626570368495404 -0.1621850167460988 0.6574773472452253 0 0 0 0.22 21 385 63 4 73 19 96 19 
386 -0.09305007928202079 -0.1691933526136531 0.6876611515069412 0 0 0 0.16 21 386 63 5 73 20 
387 -0.1170328561898047 -0.1598781481164468 0.6629821523559812 0 0 0 0.3 21 387 25 14 26 14 71 22 73 21 81 1 88 1 181 2 
388 -0.11485084006456714 -0.15064762085108183 0.6635602551437931 0 0 0 0.33 21 388 73 22 96 20 
389 0.14975111007869207 -0.1723299892807984 0.9199050018488967 0 0 0 0.27 21 389 26 15 71 23 81 2 221 15 232 18 
390 0.14819846044552154 -0.13929272277063812 0.9069987180759594 0 0 0 0.4 21 390 26 16 27 50 71 24 73 23 148 154 221 16 224 110 
391 0.4576233829312691 -0.1335200086289143 0.8921730532091106 0 0 0 0.32 21 391 71 25 103 23 
392 0.38728390090403747 -0.11875890126394847 0.9838304801776329 0 0 0 0.27 21 392 44 143 127 14 
393 0.06808509261565593 -0.046988020522567085 0.8119082633989557 0 0 0 0.27 21 393 27 51 73 24 221 17 
394 0.39421070005833886 -0.054090382965803804 0.9694194972926659 0 0 0 0.22 21 394 60 87 146 43 
395 0.304944707911729 -0.055527933946833044 1.1079077522948932 0 0 0 0.3 21 395 92 50 148 155 159 46 164 165 
396 0.21513924311771712 -0.038041170281632904 0.946310375594953 0 0 0 0.13 21 396 26 17 220 58 
397 0.33196310730374 -0.03433742958411088 1.058998229319925 0 0 0 0.34 21 397 25 15 26 18 27 52 32 38 43 8 44 144 50 73 53 15 60 88 67 4 71 26 73 25 77 121 81 3 88 2 92 51 103 24 111 64 118 29 128 23 148 156 157 55 164 166 176 48 181 3 221 18 223 27 224 111 232 19 
398 0.19675822137057955 -0.026804529129831646 0.925591840992919 0 0 0 0.36 21 398 26 19 164 167 220 59 
399 0.34642803039327674 -0.029540341653860706 1.0317839928947792 0 0 0 0.31 21 399 50 74 60 89 67 5 81 4 111 65 118 30 127 15 157 56 164 168 172 49 176 49 181 4 213 44 221 19 232 20 
400 0.34620858638746616 -0.028964687117132914 1.0308573716361507 0 0 0 0.43 21 400 52 54 92 52 111 66 
401 0.34363870159479926 -0.0254562995995308 1.0377868090640696 0 0 0 0.28 21 401 43 9 50 75 52 55 60 90 67 6 71 27 81 5 88 3 92 53 96 21 110 38 111 67 118 31 127 16 128 24 157 57 199 0 221 20 224 112 232 21 
402 0.3305564457355762 -0.021111951610204883 1.0579876638438617 0 0 0 0.2 21 402 43 10 52 56 81 6 88 4 92 54 96 22 103 25 
403 0.4498160706184165 -0.013375251577567436 0.8747419157411245 0 0 0 0.46 21 403 52 57 63 6 126 24 159 47 162 34 
404 0.449821659803166 -0.013233654213468699 0.8748761677894736 0 0 0 0.51 21 404 61 30 63 7 126 25 146 44 157 58 158 22 172 50 221 21 232 22 
405 0.04340221222784855 -0.010174329985131365 0.7826350221485354 0 0 0 0.22 21 405 27 53 63 8 
406 0.11593282053736155 -0.006269931432433143 0.842427461847698 0 0 0 0.52 21 406 196 52 224 113 
407 0.2140296385586998 -0.007130736984079725 0.9340381911758052 0 0 0 0.88 21 407 77 122 159 48 196 53 220 60 223 28 
408 0.23176884198713865 -0.004337634967069204 0.9519143167779275 0 0 0 0.1 21 408 26 20 220 61 
409 0.3711419643959702 -0.0014147579747815031 0.98871466369944 0 0 0 0.46 21 409 26 21 27 54 33 76 50 76 60 91 61 31 111 68 157 59 164 169 172 51 220 62 
410 0.41017823371986906 0.007451530067626533 0.9351770934661459 0 0 0 0.2 21 410 52 58 71 28 77 123 103 26 111 69 146 45 148 157 162 35 
411 0.3987245428120992 0.010246708634902024 0.9448395054318524 0 0 0 0.23 21 411 26 22 33 77 71 29 77 124 85 42 111 70 162 36 227 17 
412 0.3668555578181006 0.02127664781483801 0.9960950058972088 0 0 0 0.17 21 412 71 30 110 39 221 22 
413 0.36130590727974427 0.023623969814032877 1.0024692458837756 0 0 0 0.21 21 413 25 16 26 23 27 55 33 78 50 77 73 26 77 125 96 23 128 25 146 46 148 158 159 49 164 170 196 54 213 45 221 23 223 29 224 114 
414 0.18269473087656452 0.044937759420571544 0.8941220955446397 0 0 0 0.32 21 414 148 159 220 63 
415 0.22042052781645405 0.0472451306747516 0.9293144168425012 0 0 0 0.35 21 415 26 24 27 56 73 27 77 126 148 160 159 50 164 171 
416 0.22025870630167252 0.04716583619823233 0.9284801307103616 0 0 0 0.36 21 416 73 28 77 127 148 161 159 51 164 172 
417 0.3473023503043889 0.05635544168495907 1.0119896423712311 0 0 0 0.37 21 417 26 25 27 57 43 11 44 145 50 78 67 7 73 29 77 128 92 55 96 24 111 71 113 11 126 26 148 162 159 52 172 52 213 46 227 18 
418 0.31642009611174104 0.060127244317345355 1.0486307443381593 0 0 0 0.15 21 418 52 59 224 115 
419 0.3498191292402984 0.06659914033086783 1.0014640849551537 0 0 0 0.23 21 419 44 146 73 30 96 25 164 173 176 50 227 19 
420 0.4249628571353187 0.06069190049486446 0.8937777741477704 0 0 0 0.36 21 420 162 37 227 20 
421 0.35659493782069157 0.09511085028146354 0.9885253758806554 0 0 0 0.37 21 421 27 58 33 79 73 31 96 26 
422 0.14029282777454616 0.09863510052304908 0.84937538484532 0 0 0 0.36 21 422 159 53 224 116 
423 0.13903795626005755 0.09739791264114371 0.8412552637708176 0 0 0 0.31 21 423 73 32 224 117 
424 0.1838307301084144 0.10651474603039454 0.8814765034703982 0 0 0 0.28 21 424 159 54 196 55 
425 0.34119860074224395 0.12094378348936316 0.9996986108736121 0 0 0 0.25 21 425 60 92 110 40 172 53 
426 0.31085417142892235 0.12983914407516028 1.0548994354286274 0 0 0 0.24 21 426 27 59 148 163 164 174 224 118 
427 0.33074637978924 0.12595026883342075 1.019890321557957 0 0 0 0.44 21 427 36 15 159 55 176 51 
428 0.41749628733323246 0.11345735534196036 0.8954596742556323 0 0 0 0.34 21 428 33 80 71 31 111 72 
429 0.391754891439044 0.1344065593422052 0.9270692669536214 0 0 0 0.21 21 429 25 17 26 26 33 81 44 147 60 93 71 32 77 129 111 73 113 12 126 27 148 164 162 38 164 175 213 47 224 119 
430 0.3920254001295478 0.13727560277905024 0.9170972882111703 0 0 0 0.15 21 430 126 28 224 120 
431 0.42981319551638253 0.1290704037824499 0.8634501869398193 0 0 0 0.16 21 431 111 74 162 39 
432 0.36811951267445725 0.14587141502983955 0.9517628470458463 0 0 0 0.2 21 432 111 75 162 40 
433 0.41673276748373705 0.13919486091109204 0.8811819040938558 0 0 0 0.41 21 433 33 82 44 148 
434 0.37190873857781925 0.1585916155133784 0.9451971366154561 0 0 0 0.08 21 434 50 79 111 76 
435 0.3241752932918265 0.18267387984747233 1.0173398930877278 0 0 0 0.42 21 435 111 77 220 64 
436 0.33669847974133316 0.18336769971469194 1.0088767395961593 0 0 0 0.33 21 436 44 149 220 65 
437 0.3790595938539737 0.18073699434709217 0.9228487656209884 0 0 0 0.25 21 437 77 130 162 41 
438 -0.18685012463493722 -0.15306384607912082 0.600635070377274 0 0 0 0.29 21 438 199 1 224 121 
439 0.37853011429732336 -0.14063173459669354 1.0070110410243849 0 0 0 0.41 21 439 27 60 77 131 164 176 224 122 
440 -0.09263931935805991 -0.06775437048654852 0.6632625740375249 0 0 0 0.55 21 440 63 9 224 123 
441 -0.05769195283764874 -0.06802888205091198 0.6964152737129294 0 0 0 0.33 21 441 26 27 73 33 199 2 
442 0.3850043131375582 -0.09799229251506847 0.9959477865974202 0 0 0 0.35 21 442 44 150 73 34 96 27 103 27 127 17 148 165 162 42 164 177 196 56 
443 0.44136045565126203 -0.07100537716639688 0.8949874096390352 0 0 0 0.56 21 443 44 151 176 52 232 23 
444 -0.11900548459666174 -0.04604771196782476 0.6349467177694821 0 0 0 0.18 21 444 73 35 199 3 
445 -0.09549542862423167 -0.047531839303751156 0.6561239814217724 0 0 0 0.33 21 445 26 28 73 36 224 124 
446 0.3290557906476571 -0.08024159317421736 1.0762379365145915 0 0 0 0.31 21 446 27 61 43 12 71 33 88 5 
447 0.41321094692652904 -0.06883724315279365 0.9336815370801342 0 0 0 0.39 21 447 71 34 103 28 111 78 146 47 159 56 164 178 
448 0.33454529365313485 -0.0742453421966214 1.0695467114645238 0 0 0 0.4 21 448 27 62 36 16 221 24 232 24 
449 0.07441932444683032 -0.050511084892344314 0.8197303778918013 0 0 0 0.13 21 449 27 63 73 37 
450 0.31812029340496883 -0.06739078457971724 1.0843628343632008 0 0 0 0.25 21 450 27 64 43 13 44 152 67 8 71 35 73 38 77 132 81 7 88 6 92 56 199 4 220 66 
451 0.31786363300698806 -0.067223141915215 1.083803472465779 0 0 0 0.27 21 451 25 18 26 29 27 65 43 14 44 153 52 60 60 94 67 9 71 36 73 39 77 133 81 8 85 43 88 7 92 57 111 79 148 166 164 179 181 5 196 57 199 5 220 67 223 30 224 125 
452 -0.095046849509781 -0.03732441912278729 0.6535364781032501 0 0 0 0.35 21 452 26 30 73 40 224 126 
453 0.3852849807794583 -0.05798189975700779 0.9754938918178752 0 0 0 0.38 21 453 52 61 81 9 96 28 148 167 162 43 219 14 
454 -0.08784159693120092 -0.036420707189583075 0.6599109198225788 0 0 0 0.31 21 454 26 31 73 41 199 6 
455 0.36265053372284617 -0.05184385399692713 1.0106787838632014 0 0 0 0.27 21 455 26 32 27 66 60 95 71 37 88 8 96 29 103 29 110 41 111 80 118 32 126 29 146 48 164 180 172 54 220 68 221 25 227 21 
456 0.33248780507954867 -0.05101798161683533 1.0601388281304118 0 0 0 0.3 21 456 52 62 88 9 96 30 164 181 
457 0.3010608862919706 -0.04880513095335029 1.1146780280642616 0 0 0 0.18 21 457 44 154 77 134 92 58 
458 0.33583917946354597 -0.044877054365987504 1.0559398752250948 0 0 0 0.4 21 458 52 63 53 16 71 38 81 10 96 31 111 81 118 33 164 182 221 26 227 22 232 25 
459 0.3454084157213936 -0.01863406862006118 1.027954394091775 0 0 0 0.29 21 459 25 19 26 33 27 67 43 15 44 155 53 17 60 96 61 32 67 10 71 39 77 135 81 11 88 10 96 32 103 30 111 82 118 34 126 30 128 26 148 168 164 183 172 55 176 53 196 58 213 48 219 15 220 69 221 27 224 127 227 23 232 26 
460 0.32924368322689784 -0.012882950182184999 1.0527010505634233 0 0 0 0.29 21 460 25 20 26 34 44 156 50 80 60 97 71 40 73 42 77 136 96 33 118 35 164 184 196 59 220 70 221 28 224 128 
461 0.39583739770704757 -0.012255725271795503 0.956841627485981 0 0 0 0.44 21 461 26 35 50 81 81 12 88 11 118 36 126 31 164 185 172 56 220 71 224 129 232 27 
462 0.3990971823968633 0.00167598439181085 0.9456084431535516 0 0 0 0.31 21 462 26 36 44 157 53 18 60 98 61 33 71 41 81 13 88 12 96 34 111 83 118 37 146 49 157 60 158 23 159 57 172 57 176 54 219 16 221 29 227 24 232 28 
463 0.3293198573589376 0.011195660175223861 1.051378877618188 0 0 0 0.15 21 463 26 37 71 42 113 13 148 169 
464 0.35685797542567976 0.027767210153138676 1.0044404705068615 0 0 0 0.31 21 464 33 83 44 158 50 82 60 99 71 43 73 43 77 137 126 32 146 50 148 170 159 58 162 44 164 186 199 7 220 72 
465 0.3733242429687813 0.028576482662200583 0.9872608815252208 0 0 0 0.06 21 465 44 159 164 187 199 8 
466 0.3717471966209609 0.03975802205564037 0.9802032462787896 0 0 0 0.22 21 466 219 17 224 130 
467 0.21219412172573143 0.04614678109390296 0.9239922960805966 0 0 0 0.34 21 467 26 38 27 68 148 171 164 188 220 73 
468 0.21228317280519532 0.04588646750603192 0.9244473290122789 0 0 0 0.47 21 468 26 39 159 59 
469 -0.15404359978615614 0.03175173802989062 0.5809112547486652 0 0 0 0.06 21 469 73 44 199 9 
470 0.3138373395757817 0.08205701284507885 1.054482129508179 0 0 0 0.38 21 470 26 40 73 45 88 13 199 10 
471 0.37871274019634177 0.0756644973933676 0.9546272965422986 0 0 0 0.4 21 471 27 69 33 84 50 83 73 46 77 138 111 84 118 38 
472 0.3560772632706353 0.08359030817491739 0.9907909683480572 0 0 0 0.31 21 472 73 47 172 58 227 25 232 29 
473 -0.06380912049091333 0.05616224289697893 0.659019363227878 0 0 0 0.21 21 473 73 48 224 131 
474 0.4278075876749876 0.08829245993807944 0.8803771452953479 0 0 0 0.4 21 474 60 100 172 59 
475 0.38669246230880544 0.09549332929667428 0.9429764111904853 0 0 0 0.3 21 475 111 85 172 60 227 26 
476 0.06632625817689139 0.08165263410284342 0.7763779725012161 0 0 0 0.13 21 476 26 41 71 44 181 6 
477 0.42824460769289446 0.09684509153692693 0.8780313317566718 0 0 0 0.4 21 477 61 34 67 11 71 45 77 139 85 44 92 59 96 35 118 39 126 33 146 51 148 172 158 24 219 18 223 31 
478 0.057390798108692354 0.08716601699741296 0.7706939060796987 0 0 0 0.53 21 478 26 42 63 10 126 34 
479 0.06366626901229543 0.09320112365614239 0.7734058349933904 0 0 0 0.19 21 479 26 43 63 11 
480 0.42068940665001 0.10831257847776109 0.8836825609945852 0 0 0 0.31 21 480 25 21 26 44 44 160 52 64 60 101 67 12 71 46 77 140 81 14 85 45 88 14 96 36 111 86 113 14 128 27 158 25 162 45 164 189 172 61 176 55 181 7 199 11 213 49 219 19 224 132 
481 0.42857606455070996 0.1217876904078365 0.8655925432367989 0 0 0 0.47 21 481 25 22 27 70 33 85 44 161 77 141 111 87 128 28 220 74 224 133 
482 0.3365590777480218 0.16264849707820522 1.005641747679309 0 0 0 0.24 21 482 44 162 50 84 88 15 92 60 118 40 164 190 220 75 224 134 
483 -0.12090195011798836 -0.1641801644492471 0.6607742044857344 0 0 0 0.19 21 483 73 49 96 37 199 12 
484 -0.11489155451713219 -0.08491369237543388 0.6456082494944775 0 0 0 0.2 21 484 26 45 199 13 
485 -0.0974188521117863 -0.0835590625184561 0.6627906540466365 0 0 0 0.42 21 485 26 46 63 12 73 50 181 8 199 14 224 135 
486 -0.08291224751940403 -0.08028106996953704 0.6742848688530513 0 0 0 0.33 21 486 63 13 73 51 181 9 
487 0.3575366669901316 -0.1014188703550245 1.0326536265892046 0 0 0 0.36 21 487 36 17 92 61 126 35 
488 0.3206791655207974 -0.10140595781353563 1.0932021880155605 0 0 0 0.39 21 488 26 47 71 47 77 142 85 46 92 62 159 60 181 10 
489 0.3202372222762624 -0.10092072823282003 1.0910760732962834 0 0 0 0.6 21 489 26 48 71 48 77 143 85 47 92 63 159 61 164 191 176 56 181 11 199 15 223 32 
490 0.4340669200398588 -0.07563269045564182 0.9086287709890144 0 0 0 0.13 21 490 44 163 53 19 77 144 96 38 111 88 162 46 
491 0.14109741430644399 -0.06428428596110518 0.8803882131990416 0 0 0 0.74 21 491 126 36 148 173 196 60 224 136 
492 0.4312810499677658 -0.06675587617281942 0.9107553362254648 0 0 0 0.32 21 492 53 20 111 89 162 47 164 192 219 20 
493 0.16407619324859896 -0.059837548781676554 0.9034159987662201 0 0 0 0.29 21 493 26 49 126 37 199 16 
494 0.11477689773213712 -0.05286565363781447 0.8525979533641188 0 0 0 0.43 21 494 27 71 73 52 126 38 181 12 196 61 
495 0.11453245846233653 -0.0530659098305701 0.8511274877465627 0 0 0 0.19 21 495 26 50 126 39 
496 0.4072368512179224 -0.05846523367810513 0.9450297995110218 0 0 0 0.34 21 496 27 72 88 16 126 40 162 48 
497 0.30839299571007467 -0.06770095734835527 1.104825079730856 0 0 0 0.11 21 497 26 51 44 164 88 17 110 42 164 193 199 17 
498 0.30839987474798547 -0.06787696765925456 1.1046862464021372 0 0 0 0.23 21 498 26 52 44 165 52 65 85 48 88 18 110 43 148 174 164 194 196 62 224 137 
499 0.3916275192576058 -0.053209234805247564 0.969904186952543 0 0 0 0.28 21 499 26 53 52 66 148 175 164 195 
500 0.3236128686019854 -0.058313904299402176 1.0766820454628327 0 0 0 0.38 21 500 43 16 44 166 
501 0.38441862823524714 -0.05053477787556672 0.9821771167357921 0 0 0 0.22 21 501 60 102 81 15 88 19 148 176 220 76 
502 0.367991315594746 -0.045188701536669144 1.006356236728283 0 0 0 0.17 21 502 88 20 111 90 164 196 
503 0.3170545186474684 -0.04199082362862095 1.0760653617490585 0 0 0 0.5 21 503 25 23 26 54 44 167 60 103 73 53 77 145 88 21 92 64 111 91 148 177 164 197 220 77 
504 0.3168908640116145 -0.042035456452145924 1.0754756970913255 0 0 0 0.49 21 504 25 24 26 55 44 168 60 104 73 54 77 146 88 22 92 65 148 178 164 198 220 78 
505 0.3431534139589197 -0.03566344866981472 1.0402356222161722 0 0 0 0.4 21 505 27 73 32 39 43 17 44 169 52 67 53 21 67 13 71 49 73 55 77 147 81 16 88 23 92 66 96 39 111 92 118 41 164 199 220 79 221 30 227 27 232 30 
506 0.33405473994899343 -0.006421457476179756 1.0450583639523898 0 0 0 0.32 21 506 26 56 43 18 60 105 71 50 96 40 111 93 148 179 220 80 221 31 224 138 
507 0.33377283488614046 -0.006559775207171767 1.0442447531252805 0 0 0 0.45 21 507 77 148 126 41 148 180 220 81 224 139 
508 -0.03162865540657896 0.011835213545507595 0.7052362294654249 0 0 0 0.38 21 508 63 14 181 13 199 18 
509 0.16213550941278113 0.015281125479173307 0.8824154273532117 0 0 0 0.14 21 509 27 74 73 56 196 63 
510 0.3292266273818591 0.02260791985829257 1.047257473818575 0 0 0 0.24 21 510 26 57 81 17 88 24 110 44 148 181 
511 0.3293227252141235 0.022694095031297216 1.0476298842757399 0 0 0 0.24 21 511 26 58 60 106 81 18 88 25 110 45 148 182 
512 0.19934331238197225 0.022680053194254767 0.9175477941428245 0 0 0 0.72 21 512 159 62 196 64 224 140 
513 0.19918389089825686 0.03465394643286385 0.9140512157821196 0 0 0 0.31 21 513 26 59 27 75 73 57 88 26 126 42 148 183 159 63 164 200 181 14 196 65 199 19 220 82 224 141 
514 0.19933551438724195 0.034640983584870534 0.9140470823102055 0 0 0 0.29 21 514 26 60 71 51 73 58 88 27 126 43 148 184 159 64 164 201 181 15 
515 0.3295772053752435 0.04358346293917835 1.0425185122686382 0 0 0 0.74 21 515 36 18 103 31 126 44 148 185 
516 0.3304535772850196 0.04364331713457745 1.0453649484830656 0 0 0 0.4 21 516 88 28 103 32 113 15 126 45 159 65 199 20 223 33 
517 0.20004203634463055 0.07404297513512086 0.9056575145302334 0 0 0 0.35 21 517 88 29 148 186 220 83 224 142 
518 0.19922163385059502 0.07397052847734842 0.9016935347627202 0 0 0 0.49 21 518 88 30 110 46 148 187 220 84 
519 0.22239351696290693 0.09137376026895704 0.9181380353589095 0 0 0 0.13 21 519 26 61 71 52 73 59 181 16 
520 0.3629975309229479 0.10260335671765329 0.9762638458799053 0 0 0 0.39 21 520 33 86 50 85 73 60 111 94 157 61 227 28 
521 0.3319041401024012 0.1309741661408803 1.016149140655526 0 0 0 0.41 21 521 25 25 26 62 148 188 164 202 196 66 220 85 
522 0.33225359344430627 0.14176291193523036 1.0244632714377786 0 0 0 0.69 21 522 27 76 77 149 148 189 224 143 
523 -0.059105369077633585 0.09328652997505874 0.6535648487720584 0 0 0 0.29 21 523 26 63 73 61 
524 0.38516925758454534 0.14266433378452825 0.9341553547511384 0 0 0 0.39 21 524 44 170 103 33 111 95 
525 0.3460594265883369 0.1769892334175827 0.9915519542021095 0 0 0 0.28 21 525 44 171 164 203 220 86 
526 0.3817396412401034 -0.1078039228408849 1.0054862452192281 0 0 0 0.33 21 526 32 40 92 67 
527 -0.03183478381426303 -0.06440676172127736 0.7210139758401203 0 0 0 0.08 21 527 199 21 221 32 
528 0.1506819740856907 -0.07903828670419394 0.8849532481713491 0 0 0 0.28 21 528 148 190 224 144 
529 0.3103752805477385 -0.09428545574693634 1.0997212235687344 0 0 0 0.58 21 529 26 64 77 150 85 49 88 31 92 68 127 18 148 191 164 204 196 67 199 22 224 145 
530 -0.12462362690888844 -0.04345539820195978 0.6330188168929942 0 0 0 0.15 21 530 73 62 199 23 221 33 
531 0.15419016669078822 -0.06243976791139806 0.8990744532744779 0 0 0 0.46 21 531 73 63 126 46 148 192 159 66 181 17 199 24 
532 -0.060858604966323275 -0.03412310351724541 0.6867538890505506 0 0 0 0.38 21 532 73 64 88 32 199 25 
533 0.09692146595683315 -0.04013308492998543 0.8423670476772209 0 0 0 0.37 21 533 26 65 27 77 73 65 181 18 199 26 
534 0.14132260203506572 -0.035869981707200384 0.876399767818565 0 0 0 0.36 21 534 126 47 196 68 224 146 
535 0.10607173251687056 -0.029526214372203353 0.8440128694273842 0 0 0 0.34 21 535 26 66 73 66 126 48 199 27 
536 0.10607173251687056 -0.029526214372203353 0.8440128694273842 0 0 0 0.34 21 536 26 67 73 67 126 49 199 28 
537 0.1650432858928613 -0.032006557146145635 0.9009755639272972 0 0 0 0.34 21 537 181 19 199 29 
538 0.18659129418645795 -0.026815770287119053 0.9182102783887761 0 0 0 0.15 21 538 26 68 181 20 
539 0.18656011750549167 -0.027006172262989705 0.9179910457488869 0 0 0 0.25 21 539 26 69 73 68 181 21 199 30 
540 0.3368473044895644 -0.030395003044236108 1.0506384872718924 0 0 0 0.33 21 540 43 19 52 68 67 14 71 53 81 19 88 33 92 69 111 96 118 42 164 205 221 34 227 29 232 31 
541 0.33678557242173035 -0.030529370493901118 1.0506367170790065 0 0 0 0.37 21 541 25 26 43 20 50 86 52 69 60 107 71 54 73 69 81 20 88 34 111 97 118 43 164 206 220 87 221 35 227 30 232 32 
542 0.3102781062454255 -0.025038347196968975 1.0874620391285355 0 0 0 0.31 21 542 52 70 148 193 
543 0.18742072030969922 -0.01022964105711129 0.9167774289907371 0 0 0 0.55 21 543 126 50 148 194 224 147 
544 0.21348661824368162 0.0057381130644880915 0.9368274447200252 0 0 0 0.32 21 544 26 70 164 207 181 22 220 88 
545 0.09542835882531069 0.009736366548494657 0.827710097934934 0 0 0 0.18 21 545 126 51 199 31 
546 0.10591132265730406 0.017997712714108174 0.831784547130847 0 0 0 0.25 21 546 26 71 27 78 126 52 181 23 
547 0.1660095269337008 0.026054033252959373 0.8871094777100464 0 0 0 0.35 21 547 73 70 181 24 199 32 
548 0.18732877422477687 0.031293815814221984 0.9046001853694517 0 0 0 0.5 21 548 126 53 196 69 220 89 224 148 
549 0.18641165858895878 0.03140837583035268 0.9001359927199652 0 0 0 0.26 21 549 148 195 199 33 224 149 
550 0.210801790443311 0.03129983038391904 0.9218871313380237 0 0 0 0.76 21 550 148 196 220 90 224 150 
551 0.10725857718789057 0.04892275198116651 0.8273235523671212 0 0 0 0.26 21 551 26 72 27 79 73 71 181 25 199 34 
552 0.1072936139998331 0.04884648229226568 0.8275269940917236 0 0 0 0.31 21 552 26 73 27 80 73 72 126 54 181 26 199 35 
553 0.18822171621383305 0.05638192576294074 0.9000463160175011 0 0 0 0.41 21 553 26 74 148 197 181 27 199 36 
554 0.18761130066194467 0.0562945048168761 0.8973354652652997 0 0 0 0.43 21 554 26 75 148 198 
555 0.20025979158130314 0.06131156168351784 0.908962840632441 0 0 0 0.35 21 555 159 67 220 91 224 151 
556 0.20025979158130314 0.06131156168351784 0.908962840632441 0 0 0 0.35 21 556 159 68 220 92 224 152 
557 0.21375416103269682 0.07017757960915862 0.923994374425427 0 0 0 0.28 21 557 148 199 164 208 
558 0.1648392084285674 0.07730628321315065 0.86437294024755 0 0 0 0.36 21 558 159 69 196 70 
559 -0.06007430119820283 0.06941519792848046 0.6587860996698354 0 0 0 0.17 21 559 73 73 199 37 
560 -0.060368790512104274 0.0811844633161503 0.6556386519505941 0 0 0 0.4 21 560 26 76 73 74 224 153 
561 0.40820440814356646 0.12093709283031939 0.9064160709894202 0 0 0 0.63 21 561 60 108 77 151 88 35 111 98 146 52 158 26 162 49 172 62 232 33 
562 0.40940170138857623 0.12108492917435384 0.9078671103002758 0 0 0 0.53 21 562 77 152 81 21 96 41 111 99 157 62 162 50 172 63 232 34 
563 -0.16086043068060524 -0.08856257702655165 0.6103678953208163 0 0 0 0.27 21 563 73 75 199 38 
564 0.3995261607965146 -0.10252918610105073 0.9709851793614758 0 0 0 0.74 21 564 60 109 103 34 172 64 220 93 
565 0.38309618829995146 -0.09786872163801909 1.0125703368076973 0 0 0 1.38 21 565 44 172 60 110 
566 0.0455973499666434 -0.07285731999480423 0.7917177509943104 0 0 0 0.62 21 566 26 77 63 15 73 76 199 39 
567 0.08190406286586198 -0.0640759141043455 0.826757037363973 0 0 0 0.18 21 567 26 78 181 28 
568 0.10453350002074886 -0.060311368360984864 0.8488540598407974 0 0 0 0.43 21 568 26 79 126 55 181 29 
569 0.06996110585441688 -0.056208228682346234 0.8152020045557689 0 0 0 0.2 21 569 26 80 199 40 
570 0.09232676927313863 -0.05199072558717434 0.8362921443815868 0 0 0 0.05 21 570 26 81 73 77 181 30 199 41 
571 0.120038212030511 -0.04016372547272498 0.8628868707413304 0 0 0 0.38 21 571 26 82 126 56 
572 0.3277090583126922 -0.02978409056281738 1.065690060645596 0 0 0 1.27 21 572 52 71 77 153 92 70 224 154 
573 0.3275679995280257 -0.0302272252405123 1.0650042600841463 0 0 0 0.95 21 573 52 72 92 71 224 155 
574 0.051312684486184916 -0.010663984827719148 0.788022207519964 0 0 0 0.14 21 574 26 83 27 81 73 78 181 31 199 42 
575 0.10484404066125322 -0.012161738283554937 0.8377392548019735 0 0 0 0.31 21 575 26 84 27 82 73 79 181 32 199 43 
576 0.07320079399665212 -0.007339745929827467 0.8069652992455434 0 0 0 0.2 21 576 26 85 27 83 73 80 181 33 199 44 
577 0.1195232236585146 0.01911661684662563 0.8427484004980023 0 0 0 0.69 21 577 26 86 71 55 73 81 126 57 181 34 224 156 
578 0.11919385212048005 0.019253460314473066 0.8409098950715433 0 0 0 0.53 21 578 26 87 27 84 73 82 126 58 199 45 224 157 
579 0.08762585163228975 0.03441607510662713 0.8104497500319277 0 0 0 0.55 21 579 26 88 27 85 71 56 73 83 126 59 181 35 224 158 
580 0.12044909243839177 0.04354551752746654 0.8405539713824455 0 0 0 0.28 21 580 26 89 27 86 73 84 181 36 199 46 
581 0.0976079503740217 0.05984133460567484 0.8166053137452668 0 0 0 0.3 21 581 26 90 181 37 
582 0.3194748036094278 0.08166298136087935 1.050815124417744 0 0 0 0.53 21 582 26 91 44 173 92 72 164 209 199 47 220 94 
583 0.18632755418969413 0.10075354858728153 0.937043191793152 0 0 0 0.92 21 583 73 85 181 38 
584 0.37673521076183186 0.1121046654613253 0.9503638738795465 0 0 0 0.19 21 584 128 29 148 200 
585 0.36238714662227456 0.13759664717136513 0.9684915392184472 0 0 0 0.6 21 585 27 87 33 87 50 87 77 154 81 22 96 42 111 100 118 44 128 30 146 53 172 65 221 36 
586 0.3625430113255984 0.1375177079984415 0.9690953221615521 0 0 0 0.39 21 586 33 88 81 23 96 43 111 101 221 37 
587 0.38874472904269625 -0.10054857136245214 0.986886028330266 0 0 0 0.34 21 587 103 35 111 102 164 210 172 66 
588 0.4027798069378433 -0.030627545655883107 0.9518444406483572 0 0 0 0.37 21 588 25 27 43 21 53 22 60 111 67 15 81 24 88 36 96 44 111 103 118 45 127 19 128 31 146 54 157 63 164 211 181 39 213 50 219 21 220 95 224 159 232 35 
589 0.40284431485133443 -0.0306180126452803 0.951996908713682 0 0 0 0.41 21 589 25 28 26 92 43 22 50 88 60 112 81 25 88 37 111 104 118 46 127 20 128 32 146 55 157 64 164 212 213 51 219 22 220 96 224 160 
590 0.20346418328903082 -0.013944248949690702 0.9275766550867347 0 0 0 0.37 21 590 71 57 164 213 181 40 
591 0.35498791311941513 -0.013812384109350838 1.0212142324937155 0 0 0 0.54 21 591 32 41 44 174 77 155 148 201 
592 0.3543445491227774 -0.013774406592653901 1.0191958823768246 0 0 0 0.35 21 592 25 29 26 93 27 88 32 42 43 23 44 175 50 89 53 23 60 113 61 35 67 16 71 58 73 86 77 156 81 26 88 38 92 73 96 45 111 105 118 47 127 21 146 56 148 202 157 65 164 214 172 67 181 41 199 48 213 52 219 23 220 97 227 31 232 36 
593 0.3658953051075381 0.025083944946218233 0.9907040390405134 0 0 0 0.44 21 593 26 94 44 176 50 90 67 17 73 87 77 157 88 39 92 74 110 47 146 57 148 203 164 215 199 49 219 24 
594 0.36595856726636294 0.025043290099490988 0.9907547336549033 0 0 0 0.49 21 594 36 19 50 91 53 24 67 18 73 88 77 158 88 40 92 75 103 36 110 48 146 58 148 204 164 216 199 50 219 25 
595 0.3399914085786831 0.031409660056370726 1.0365898464131083 0 0 0 0.49 21 595 26 95 71 59 113 16 148 205 199 51 
596 0.10362779574692683 0.03549324655483867 0.8248061430467469 0 0 0 0.64 21 596 27 89 73 89 126 60 199 52 224 161 
597 0.13833474742300564 0.0888077123296491 0.8557214955226664 0 0 0 0.7 21 597 199 53 224 162 
598 0.4004471309155822 0.10620050893828846 0.9176029529877283 0 0 0 0.36 21 598 26 96 60 114 67 19 81 27 92 76 103 37 111 106 158 27 162 51 172 68 176 57 227 32 232 37 
599 0.4006577795805883 0.10621128597342051 0.9180932492411711 0 0 0 0.35 21 599 26 97 60 115 67 20 71 60 92 77 111 107 126 61 162 52 172 69 232 38 
600 0.3523321586479892 0.12241615999379941 0.9869637624284641 0 0 0 0.49 21 600 43 24 53 25 67 21 196 71 220 98 
601 0.35266825301914617 0.12227246354347601 0.9865981836200207 0 0 0 0.59 21 601 43 25 44 177 53 26 81 28 88 41 96 46 103 38 111 108 220 99 224 163 
602 0.3888843359010169 0.14595544628746637 0.9264690901555415 0 0 0 0.54 21 602 25 30 26 98 32 43 36 20 44 178 52 73 53 27 81 29 88 42 110 49 126 62 148 206 164 217 181 42 199 54 
603 -0.009118239279621658 -0.10120625956460402 0.747371147317328 0 0 0 0.39 21 603 199 55 221 38 
604 0.32111472570341976 -0.08403639530269473 1.0910246880684304 0 0 0 0.78 21 604 26 99 36 21 60 116 110 50 148 207 181 43 224 164 
605 0.3216618420682349 -0.08449773229304657 1.0928978965612692 0 0 0 0.81 21 605 26 100 110 51 199 56 224 165 
606 0.3365234275684854 -0.08318992436675873 1.0502557612272514 0 0 0 0.27 21 606 60 117 73 90 77 159 92 78 
607 0.33598134294325704 -0.08279478357467898 1.0489109973765391 0 0 0 0.15 21 607 73 91 77 160 
608 0.4146749178320658 -0.026479939451904737 0.9313993112424123 0 0 0 0.97 21 608 110 52 164 218 219 26 
609 0.4147534675353419 -0.02638313844144123 0.9315481104670945 0 0 0 0.88 21 609 110 53 164 219 219 27 232 39 
610 0.39140209640618 -0.01790067678804256 0.9672151464672257 0 0 0 0.37 21 610 43 26 67 22 88 43 146 59 164 220 181 44 213 53 220 100 224 166 
611 0.3913863755113438 -0.01786743130110739 0.9672529966402124 0 0 0 0.38 21 611 43 27 67 23 71 61 88 44 146 60 164 221 181 45 213 54 220 101 224 167 
612 0.3670641245572597 -0.009382188436048709 1.000447183530857 0 0 0 0.7 21 612 26 101 32 44 43 28 71 62 73 92 81 30 88 45 110 54 111 109 118 48 127 22 146 61 164 222 199 57 220 102 224 168 
613 0.3664950139068804 -0.009297359170007118 0.9990684533170386 0 0 0 0.66 21 613 26 102 32 45 43 29 71 63 81 31 88 46 110 55 111 110 127 23 146 62 164 223 199 58 220 103 224 169 
614 0.4028148296293167 -0.005077169447896493 0.9443059250198049 0 0 0 0.35 21 614 26 103 43 30 53 28 61 36 67 24 81 32 88 47 96 47 111 111 128 33 146 63 172 70 227 33 232 40 
615 0.37862354808990445 0.006017539585857768 0.9795339408900781 0 0 0 0.39 21 615 50 92 67 25 81 33 118 49 146 64 213 55 227 34 
616 0.35315005928369925 0.013938895308231473 1.0124797478951932 0 0 0 0.52 21 616 26 104 27 90 44 179 52 74 71 64 73 93 77 161 118 50 128 34 213 56 220 104 224 170 227 35 232 41 
617 0.415659579781658 0.03473387488730608 0.9172936407539332 0 0 0 0.25 21 617 88 48 92 79 
618 0.41163307656113884 0.10130030693280481 0.8992191413784282 0 0 0 0.47 21 618 60 118 111 112 162 53 172 71 
619 0.41187629606373466 0.10119349811076317 0.8994476333722914 0 0 0 0.55 21 619 60 119 92 80 111 113 172 72 
620 0.3886842341270545 0.10911854111633347 0.9349123549828533 0 0 0 0.39 21 620 26 105 33 89 60 120 67 26 77 162 81 34 92 81 96 48 111 114 126 63 148 208 162 54 181 46 220 105 
621 0.38846319905305815 0.10871095337853383 0.9343403003413138 0 0 0 0.45 21 621 26 106 43 31 67 27 92 82 96 49 148 209 181 47 219 28 220 106 
622 0.4009707085240521 0.11699246721441388 0.9136478534594897 0 0 0 0.6 21 622 26 107 32 46 36 22 44 180 53 29 60 121 81 35 85 50 88 49 111 115 113 17 118 51 128 35 158 28 162 55 164 224 181 48 
623 0.4009878432998605 0.11702702866188448 0.9136334219778542 0 0 0 0.57 21 623 26 108 32 47 36 23 44 181 50 93 53 30 60 122 81 36 85 51 88 50 113 18 118 52 128 36 158 29 162 56 164 225 181 49 213 57 
624 0.35434269433145277 0.13825140549286694 0.9785667572523753 0 0 0 0.6 21 624 25 31 26 109 27 91 36 24 43 32 44 182 50 94 60 123 81 37 88 51 92 83 103 39 111 116 118 53 148 210 164 226 181 50 196 72 199 59 220 107 221 39 223 34 232 42 
625 0.338097373353161 0.14326882626581847 0.9974960374471463 0 0 0 0.59 21 625 44 183 164 227 221 40 223 35 224 171 
626 0.36442266477843555 0.1557610627020608 0.9583005713724441 0 0 0 0.41 21 626 26 110 43 33 44 184 88 52 162 57 164 228 220 108 221 41 
627 0.3937817909094632 -0.06893442701858163 0.9533023904058171 0 0 0 1.67 21 627 52 75 60 124 67 28 88 53 172 73 
628 0.4127495875157357 -0.04845502019203905 0.9356455068611238 0 0 0 0.59 21 628 81 38 181 51 
629 0.4158384061591093 -0.04954235031052446 0.9419670679265812 0 0 0 1.0 21 629 81 39 127 24 181 52 199 60 
630 -0.06875776673067543 -0.019915806770847186 0.6799641728326716 0 0 0 0.39 21 630 73 94 199 61 
631 0.37772483759228276 0.12959684532243534 0.9436411567123624 0 0 0 0.48 21 631 26 111 43 34 71 65 92 84 96 50 157 66 164 229 199 62 220 109 
632 0.3773754322031588 0.1297880876960717 0.9432257826071521 0 0 0 0.32 21 632 96 51 164 230 220 110 
