# 3D point list with one line of data per point:
#   POINT3D_ID, X, Y, Z, R, G, B, ERROR, TRACK[] as (IMAGE_ID, POINT2D_IDX)
# Number of points: 244, mean track length: 12.77
0 -0.1476956307888031 -0.14950866997241974 0.6772324442863464 164 171 180 3.64 18 0 19 0 20 0 21 0 22 0 23 0 24 0 26 0 38 0 39 0 40 0 42 0 
1 -0.14637209475040436 0.11923791468143463 0.6093056797981262 9 8 9 1.5 18 1 19 1 20 1 21 1 22 1 23 1 24 1 26 1 38 1 39 1 40 1 
2 -0.03114554099738598 0.08543509989976883 0.7045668959617615 101 107 111 1.64 18 2 19 2 20 2 21 2 22 2 23 2 24 2 26 2 36 0 37 0 38 2 40 2 42 1 
3 -0.1911420375108719 0.03174399212002754 0.5769180059432983 119 116 110 3.19 18 3 19 3 20 3 21 3 22 3 23 3 24 3 26 3 36 1 38 3 39 2 40 3 
4 -0.04921722784638405 0.01316713634878397 0.685484766960144 139 136 130 1.59 18 4 19 4 20 4 21 4 22 4 23 4 24 4 26 4 36 2 38 4 39 3 42 2 43 0 
5 -0.2936893105506897 -0.24756568670272827 0.6408847570419312 101 91 82 1.15 18 5 19 5 20 5 21 5 22 5 23 5 24 5 26 5 38 5 
6 -0.080341637134552 -0.037399280816316605 0.6767219305038452 109 99 92 2.6 18 6 19 6 20 6 21 6 22 6 23 6 24 6 26 6 36 3 38 6 39 4 42 3 43 1 
7 0.14797021448612213 0.20617695152759552 0.49187934398651123 30 24 24 2.8 18 7 19 7 20 7 21 7 22 7 23 7 24 7 26 7 36 4 40 4 43 2 
8 0.15138326585292816 -0.22406476736068726 0.6768726706504822 160 174 182 0.65 18 8 19 8 20 8 21 8 22 8 23 8 24 8 26 8 38 7 39 5 40 5 42 4 43 3 
9 -0.41391849517822266 0.08714746683835983 0.7533933520317078 32 22 16 2.89 18 9 19 9 20 9 26 9 
10 -0.22483988106250763 -8.279638132080436e-05 0.5616387128829956 99 87 86 3.31 18 10 19 10 20 10 21 9 22 9 23 9 24 9 26 10 36 5 38 8 40 6 
11 -0.24754630029201508 -0.21566122770309448 0.6058879494667053 142 135 124 3.34 18 11 19 11 20 11 21 10 22 10 23 10 24 10 26 11 38 9 40 7 
12 -0.2369081825017929 0.21235428750514984 0.48750194907188416 74 59 50 3.03 18 12 19 12 20 12 21 11 
13 -0.10058043152093887 0.17545896768569946 0.38335803151130676 54 48 52 2.44 18 13 19 13 20 13 21 12 22 11 
14 0.21704570949077606 0.19596853852272034 0.5824838876724243 60 53 55 2.57 18 14 19 14 20 14 21 13 22 12 23 11 24 11 26 12 36 6 38 10 39 6 40 8 42 5 43 4 
15 -0.08352060616016388 -0.02973526529967785 0.672225832939148 121 113 106 2.82 18 15 19 15 20 15 21 14 22 13 23 12 24 12 26 13 36 7 38 11 39 7 42 6 43 5 
16 -0.24244187772274017 -0.038651756942272186 0.5593312382698059 52 52 55 2.83 18 16 19 16 20 16 21 15 22 14 23 13 24 13 26 14 36 8 38 12 
17 0.3860672414302826 -0.35150307416915894 0.8849747180938721 122 145 161 1.65 18 17 19 17 20 17 21 16 22 15 23 14 37 1 38 13 39 8 40 9 42 7 43 6 
18 -0.1372586190700531 0.015544865280389786 0.6292803883552551 12 7 7 2.98 18 18 19 18 20 18 21 17 22 16 23 15 24 14 26 15 38 14 39 9 40 10 42 8 43 7 
19 0.11580225825309753 -0.16970695555210114 0.6990276575088501 187 202 213 0.88 18 19 19 19 20 19 21 18 22 17 23 16 24 15 26 16 38 15 39 10 40 11 42 9 43 8 
20 -0.18523643910884857 0.153356671333313 0.5454123020172119 102 92 86 3.18 18 20 19 20 20 20 21 19 22 18 23 17 24 16 26 17 36 9 38 16 40 12 
21 0.03230925649404526 -0.23016612231731415 0.7797093987464905 13 10 12 0.71 18 21 19 21 20 21 21 20 22 19 23 18 
22 0.29173925518989563 0.1868365854024887 0.677505612373352 103 98 100 3.93 18 22 19 22 20 22 21 21 22 20 23 19 24 17 26 18 36 10 38 17 39 11 40 13 42 10 43 9 
23 0.38987597823143005 -0.3502889573574066 0.8880860209465027 116 141 153 1.89 18 23 19 23 20 23 21 22 22 21 23 20 37 2 38 18 39 12 40 14 42 11 43 10 
24 -0.14101731777191162 0.06520053744316101 0.6228340864181519 171 184 197 3.1 18 24 19 24 20 24 21 23 22 22 23 21 24 18 26 19 38 19 39 13 42 12 43 11 
25 -0.1638304442167282 -0.12738516926765442 0.6593848466873169 168 186 200 3.95 18 25 19 25 20 25 21 24 22 23 23 22 24 19 26 20 38 20 39 14 40 15 42 13 
26 -0.08242978155612946 0.10327315330505371 0.6350768208503723 56 42 42 2.76 18 26 19 26 20 26 21 25 22 24 23 23 24 20 26 21 36 11 38 21 39 15 40 16 43 12 
27 0.05617779493331909 0.09018246084451675 0.7270758152008057 111 96 87 2.32 18 27 19 27 20 27 21 26 22 25 23 24 26 22 35 0 36 12 37 3 39 16 40 17 42 14 
28 0.29275014996528625 0.16085778176784515 0.6628466844558716 67 69 79 11.69 18 28 19 28 20 28 21 27 22 26 23 25 24 21 26 23 35 1 36 13 37 4 38 22 39 17 40 18 42 15 43 13 
29 -0.2624133229255676 -0.1667773425579071 0.5867554545402527 157 158 152 2.91 18 29 19 29 20 29 21 28 22 27 23 26 24 22 26 24 38 23 40 19 
30 -0.10966666042804718 -0.17885296046733856 0.6969815492630005 128 116 106 3.15 18 30 19 30 20 30 21 29 22 28 23 27 24 23 26 25 38 24 39 18 40 20 42 16 
31 0.3774891495704651 -0.3379306495189667 0.8877905011177063 61 58 54 1.23 18 31 19 31 20 31 21 30 22 29 23 28 37 5 38 25 39 19 40 21 42 17 43 14 
32 -0.263548344373703 -0.12934447824954987 0.5785695314407349 163 159 149 3.03 18 32 19 32 20 32 21 31 22 30 24 24 26 26 38 26 40 22 
33 0.046654995530843735 0.17796504497528076 0.44510483741760254 26 34 21 4.16 18 33 19 33 20 33 21 32 22 31 23 29 24 25 26 27 36 14 
34 0.37616637349128723 -0.34162601828575134 0.8846776485443115 68 70 72 1.21 18 34 19 34 20 34 21 33 22 32 23 30 37 6 38 27 39 20 40 23 42 18 43 15 
35 -0.19209110736846924 -0.2045605182647705 0.6503224968910217 14 11 12 2.69 18 35 19 35 20 35 21 34 22 33 23 31 24 26 26 28 39 21 40 24 
36 -3.7481626350199804e-05 0.17758111655712128 0.6377082467079163 41 36 38 3.25 18 36 19 36 20 36 24 27 26 29 36 15 38 28 39 22 40 25 
37 0.0752498209476471 0.12361322343349457 0.46218419075012207 24 32 15 3.39 18 37 19 37 20 37 21 35 22 34 23 32 24 28 26 30 36 16 40 26 43 16 
38 0.13932761549949646 -0.1540696620941162 0.6728510856628418 79 71 69 0.76 18 38 19 38 20 38 21 36 22 35 23 33 24 29 26 31 38 29 39 23 40 27 42 19 43 17 
39 0.2126685529947281 0.21248285472393036 0.5665499567985535 100 91 93 3.25 18 39 19 39 20 39 21 37 22 36 23 34 24 30 36 17 38 30 39 24 40 28 42 20 43 18 
40 -0.2006288766860962 -0.006494301371276379 0.5813453793525696 126 118 111 3.49 18 40 19 40 20 40 21 38 22 37 23 35 24 31 26 32 36 18 38 31 39 25 40 29 
41 0.5601921081542969 -0.21020565927028656 0.9897878766059875 69 73 75 6.71 18 41 19 41 20 41 21 39 22 38 23 36 24 32 35 2 37 7 38 32 39 26 40 30 42 21 43 19 
42 0.0928807184100151 0.12115172296762466 0.4674319624900818 26 35 26 3.26 18 42 19 42 20 42 21 40 22 39 23 37 24 33 26 33 36 19 40 31 43 20 
43 -0.13967525959014893 0.08669661730527878 0.6168937087059021 166 179 191 1.85 18 43 19 43 20 43 21 41 22 40 23 38 24 34 26 34 38 33 39 27 40 32 43 21 
44 0.1390567123889923 0.16672435402870178 0.47984620928764343 56 54 54 2.54 18 44 19 44 20 44 21 42 22 41 23 39 24 35 26 35 36 20 40 33 
45 0.44403785467147827 0.18575666844844818 0.7924026846885681 56 57 64 2.74 18 45 19 45 20 45 21 43 22 42 23 40 24 36 26 36 35 3 36 21 37 8 38 34 39 28 40 34 42 22 43 22 
46 0.4705048203468323 0.08567266166210175 0.8395978808403015 109 115 125 2.35 18 46 19 46 20 46 21 44 22 43 23 41 24 37 26 37 35 4 36 22 37 9 38 35 39 29 40 35 42 23 43 23 
47 0.18439486622810364 0.03957155719399452 0.6242905855178833 86 84 86 1.77 18 47 19 47 20 47 21 45 22 44 23 42 24 38 26 38 36 23 38 36 39 30 40 36 42 24 43 24 
48 -0.1944444477558136 -0.06981303542852402 0.6019728183746338 42 36 34 3.69 18 48 19 48 20 48 21 46 22 45 23 43 24 39 26 39 36 24 38 37 39 31 40 37 
49 0.15080904960632324 -0.24859601259231567 0.6827166676521301 100 95 94 1.07 18 49 19 49 20 49 21 47 22 46 23 44 24 40 26 40 36 25 38 38 39 32 40 38 42 25 43 25 
50 -0.0692734643816948 0.17955997586250305 0.4044930934906006 56 50 53 2.83 18 50 19 50 20 50 21 48 22 47 24 41 36 26 
51 -0.43084266781806946 -0.008911725133657455 0.7962220311164856 51 35 27 0.66 18 51 19 51 20 51 
52 -0.10832545906305313 0.14806315302848816 0.6034862995147705 120 114 109 2.07 18 52 19 52 20 52 21 49 22 48 23 45 24 42 26 41 38 39 39 33 40 39 
53 0.15677210688591003 0.13844028115272522 0.8231697082519531 50 34 35 1.37 18 53 19 53 21 50 22 49 23 46 24 43 26 42 35 5 36 27 37 10 38 40 39 34 42 26 43 26 
54 -0.04931068792939186 0.1652078777551651 0.42495718598365784 37 34 34 3.86 18 54 19 54 20 53 21 51 22 50 23 47 24 44 26 43 
55 -0.20536552369594574 -0.06901711970567703 0.5950928330421448 143 136 126 4.08 18 55 19 55 20 54 21 52 22 51 23 48 24 45 26 44 38 41 39 35 40 40 
56 0.4830891788005829 -0.13322985172271729 0.9113690853118896 105 126 141 1.3 18 56 19 56 20 55 21 53 22 52 23 49 24 46 26 45 35 6 36 28 37 11 38 42 39 36 40 41 42 27 43 27 
57 0.04016244783997536 0.17205800116062164 0.6933922171592712 29 31 37 2.94 18 57 19 57 21 54 22 53 23 50 24 47 36 29 37 12 38 43 40 42 42 28 
58 0.35488781332969666 0.23220618069171906 0.5688855648040771 45 36 37 2.26 18 58 19 58 20 56 21 55 22 54 23 51 24 48 
59 -0.1417073756456375 0.15259520709514618 0.5766098499298096 37 30 25 2.28 18 59 19 59 20 57 21 56 22 55 23 52 24 49 39 37 40 43 
60 0.26238882541656494 0.21701252460479736 0.528118371963501 22 23 28 1.92 18 60 19 60 20 58 21 57 22 56 23 53 
61 -0.2372080385684967 -0.2319706678390503 0.6181835532188416 82 81 83 2.89 18 61 19 61 20 59 21 58 22 57 23 54 24 50 26 46 38 44 40 44 
62 -0.19519846141338348 -0.15787188708782196 0.6427999138832092 192 183 159 3.51 18 62 19 62 20 60 21 59 22 58 23 55 24 51 26 47 39 38 40 45 43 28 
63 -0.11122232675552368 0.14914308488368988 0.6011325716972351 72 61 60 2.33 18 63 19 63 20 61 21 60 22 59 23 56 24 52 26 48 38 45 39 39 40 46 
64 0.026830388233065605 0.17556366324424744 0.4055376350879669 69 88 38 2.51 18 64 19 64 20 62 21 61 22 60 23 57 24 53 26 49 36 30 
65 0.32165011763572693 0.1849633753299713 0.6774729490280151 153 159 163 7.08 18 65 19 65 20 63 21 62 22 61 23 58 24 54 26 50 36 31 38 46 39 40 40 47 42 29 43 29 
66 -0.23734411597251892 0.13539397716522217 0.5116745233535767 105 91 84 2.57 18 66 19 66 20 64 21 63 22 62 24 55 26 51 36 32 38 47 39 41 
67 -0.00211979984305799 -0.06138792261481285 0.7666837573051453 43 46 48 1.67 18 67 19 67 20 65 21 64 22 63 23 59 24 56 35 7 36 33 37 13 38 48 39 42 40 48 42 30 
68 -0.20134659111499786 0.1909787952899933 0.5208548903465271 66 52 46 5.23 18 68 19 68 20 66 21 65 22 64 23 60 24 57 26 52 
69 -0.21708449721336365 -0.007939592003822327 0.56977379322052 126 111 103 2.95 18 69 19 69 20 67 21 66 22 65 23 61 24 58 26 53 36 34 38 49 40 49 
70 -0.09498648345470428 -0.021968182176351547 0.6615956425666809 135 124 113 3.03 18 70 19 70 20 68 21 67 22 66 23 62 24 59 26 54 38 50 39 43 42 31 43 30 
71 -0.06434545665979385 0.16489408910274506 0.6295939087867737 120 113 102 1.95 18 71 19 71 20 69 21 68 22 67 24 60 26 55 36 35 38 51 39 44 
72 0.6162177324295044 0.19335606694221497 0.9224246740341187 155 163 168 3.44 18 72 19 72 20 70 21 69 22 68 23 63 24 61 26 56 35 8 38 52 39 45 40 50 42 32 43 31 
73 -0.21142759919166565 0.13631466031074524 0.5317612290382385 111 90 83 3.89 18 73 19 73 20 71 21 70 22 69 23 64 24 62 26 57 36 36 38 53 40 51 
74 0.00794250424951315 0.11540088057518005 0.721802294254303 110 110 116 1.57 18 74 19 74 20 72 21 71 22 70 23 65 24 63 36 37 37 14 38 54 39 46 40 52 42 33 
75 0.43305936455726624 -0.32383713126182556 0.9172465205192566 131 153 166 2.59 18 75 19 75 20 73 21 72 22 71 23 66 37 15 38 55 39 47 40 53 42 34 43 32 
76 -0.20589835941791534 -0.12654054164886475 0.6113290190696716 72 78 83 3.47 18 76 19 76 20 74 21 73 22 72 23 67 24 64 26 58 38 56 39 48 40 54 
77 -0.25650542974472046 0.08294045925140381 0.5190178155899048 120 116 109 2.65 18 77 19 77 20 75 21 74 22 73 24 65 26 59 36 38 38 57 39 49 40 55 
78 -0.2296372652053833 -0.13118265569210052 0.5941492915153503 152 145 135 3.24 18 78 19 78 20 76 21 75 22 74 23 68 24 66 26 60 38 58 40 56 
79 0.6413415670394897 -0.0345478355884552 1.2569879293441772 116 108 99 1.52 19 79 20 77 21 76 23 69 24 67 35 9 36 39 37 16 38 59 39 50 40 57 42 35 43 33 
80 0.5278784036636353 -0.010617264546453953 1.1635545492172241 115 122 134 1.01 18 79 19 80 21 77 22 75 23 70 24 68 26 61 35 10 36 40 37 17 38 60 39 51 40 58 42 36 43 34 
81 0.5317987203598022 0.22684508562088013 1.1039904356002808 140 152 164 0.97 18 80 19 81 21 78 22 76 23 71 24 69 26 62 35 11 36 41 37 18 38 61 39 52 40 59 42 37 43 35 
82 0.6736313104629517 0.0563310831785202 1.2826248407363892 214 230 229 1.79 19 82 20 78 22 77 23 72 24 70 35 12 36 42 37 19 38 62 39 53 40 60 42 38 43 36 
83 0.6316019892692566 0.25256863236427307 0.8928606510162354 92 106 103 4.24 18 81 19 83 20 79 21 79 22 78 23 73 24 71 26 63 35 13 36 43 37 20 38 63 39 54 40 61 42 39 43 37 
84 0.5416741371154785 0.04049165919423103 1.173579454421997 122 137 153 1.66 18 82 19 84 20 80 21 80 22 79 23 74 24 72 26 64 35 14 36 44 37 21 38 64 39 55 40 62 42 40 43 38 
85 0.7022626996040344 0.27987173199653625 1.2389373779296875 124 133 146 1.9 19 85 20 81 22 80 23 75 35 15 37 22 38 65 39 56 40 63 42 41 43 39 
86 0.5341275334358215 0.2522774040699005 1.0995253324508667 119 135 151 1.22 18 83 19 86 21 81 22 81 23 76 24 73 26 65 35 16 36 45 37 23 38 66 39 57 40 64 42 42 43 40 
87 0.6496677994728088 0.20599660277366638 1.188248872756958 92 84 84 2.15 19 87 20 82 21 82 23 77 24 74 35 17 36 46 37 24 38 67 39 58 40 65 42 43 43 41 
88 0.6052625179290771 0.19505460560321808 1.1563048362731934 108 101 100 1.59 18 84 20 83 21 83 22 82 26 66 35 18 36 47 37 25 38 68 39 59 40 66 42 44 43 42 
89 0.8017757534980774 -0.08349807560443878 1.3900643587112427 106 122 131 2.29 20 84 21 84 22 83 23 78 35 19 37 26 38 69 39 60 40 67 42 45 43 43 
90 0.7884149551391602 0.0873967632651329 1.3473272323608398 79 65 64 3.3 18 85 19 88 20 85 21 85 22 84 23 79 35 20 37 27 38 70 39 61 40 68 42 46 43 44 
91 0.48932987451553345 0.11283457279205322 1.0654387474060059 77 69 63 1.49 18 86 19 89 20 86 22 85 23 80 24 75 26 67 36 48 37 28 38 71 39 62 40 69 42 47 43 45 
92 0.7780411243438721 0.2619047164916992 1.2830511331558228 56 60 60 2.79 20 87 21 86 22 86 23 81 35 21 37 29 38 72 39 63 40 70 42 48 43 46 
93 0.6979203820228577 -0.0859026163816452 1.3189347982406616 65 50 44 2.6 18 87 19 90 21 87 22 87 23 82 24 76 35 22 36 49 37 30 38 73 39 64 40 71 42 49 43 47 
94 0.7807154059410095 0.1729101687669754 1.3146108388900757 125 113 108 2.9 18 88 20 88 21 88 22 88 23 83 35 23 37 31 38 74 39 65 40 72 42 50 43 48 
95 0.10545269399881363 0.08125429600477219 0.8016029000282288 50 49 50 2.45 18 89 19 91 20 89 21 89 22 89 23 84 24 77 26 68 36 50 37 32 38 75 39 66 40 73 42 51 43 49 
96 0.7880631685256958 0.18200711905956268 1.318110466003418 117 104 97 3.18 18 90 20 90 21 90 22 90 23 85 35 24 37 33 38 76 39 67 40 74 42 52 43 50 
97 0.4628860354423523 0.07770495116710663 0.8658037185668945 100 99 104 2.05 18 91 19 92 20 91 21 91 22 91 23 86 24 78 26 69 35 25 36 51 37 34 38 77 39 68 40 75 42 53 43 51 
98 0.7671501040458679 0.301749587059021 1.2629202604293823 109 102 97 2.27 21 92 22 92 23 87 35 26 37 35 38 78 39 69 40 76 42 54 43 52 
99 0.6987647414207458 0.29886385798454285 0.8946491479873657 14 14 16 4.17 19 93 20 92 21 93 22 93 23 88 35 27 36 52 38 79 39 70 40 77 42 55 43 53 
100 0.8083720803260803 0.3169957995414734 1.0432274341583252 53 52 34 1.06 35 28 38 80 39 71 40 78 42 56 43 54 
101 0.4610029458999634 -0.09234040230512619 0.9090791344642639 64 63 62 1.4 18 92 19 94 20 93 21 94 22 94 23 89 24 79 26 70 35 29 36 53 37 36 38 81 39 72 40 79 42 57 43 55 
102 0.7225062251091003 0.07513562589883804 1.2988054752349854 146 138 141 2.14 18 93 19 95 21 95 22 95 23 90 35 30 37 37 38 82 39 73 40 80 42 58 43 56 
103 0.6125233173370361 0.2735014855861664 1.1375188827514648 109 99 92 1.54 20 94 21 96 26 71 35 31 36 54 37 38 38 83 39 74 40 81 42 59 43 57 
104 0.6465273499488831 -0.19017788767814636 1.0331131219863892 59 81 108 2.75 18 94 19 96 20 95 21 97 22 96 23 91 24 80 35 32 37 39 38 84 39 75 40 82 42 60 43 58 
105 0.7193877696990967 0.26972389221191406 1.1003354787826538 55 48 48 3.37 21 98 22 97 23 92 35 33 36 55 37 40 38 85 39 76 40 83 42 61 43 59 
106 0.675067663192749 0.19816258549690247 1.2198963165283203 43 33 36 1.89 19 97 20 96 22 98 23 93 35 34 36 56 37 41 38 86 39 77 40 84 42 62 43 60 
107 0.32443052530288696 0.18580995500087738 0.6853354573249817 147 154 152 1.81 18 95 19 98 20 97 21 99 22 99 23 94 24 81 26 72 35 35 36 57 37 42 38 87 39 78 40 85 42 63 43 61 
108 0.6195966005325317 -0.19171224534511566 1.0172224044799805 145 165 175 1.84 18 96 19 99 20 98 21 100 22 100 23 95 24 82 35 36 37 43 38 88 39 79 40 86 42 64 43 62 
109 0.667579174041748 0.015330015681684017 1.2710813283920288 57 57 68 1.7 19 100 20 99 22 101 23 96 24 83 35 37 36 58 37 44 38 89 39 80 40 87 42 65 43 63 
110 0.1640528440475464 0.04397042840719223 0.8423008322715759 74 51 41 1.22 18 97 20 100 21 101 22 102 23 97 24 84 26 73 35 38 36 59 37 45 38 90 39 81 42 66 43 64 
111 0.5468839406967163 0.2542980909347534 1.1149078607559204 117 132 148 1.53 18 98 19 101 21 102 22 103 23 98 24 85 26 74 35 39 36 60 37 46 38 91 39 82 40 88 42 67 43 65 
112 0.483110249042511 0.22499406337738037 0.783331036567688 175 172 168 5.45 18 99 19 102 20 101 21 103 22 104 23 99 24 86 26 75 35 40 36 61 37 47 38 92 39 83 40 89 42 68 43 66 
113 0.5915444493293762 0.2791319191455841 0.780610203742981 44 37 34 1.76 19 103 20 102 21 104 22 105 23 100 24 87 26 76 35 41 36 62 38 93 39 84 40 90 42 69 43 67 
114 0.7658720016479492 0.24706776440143585 1.2737160921096802 125 112 103 3.2 18 100 20 103 21 105 22 106 23 101 35 42 37 48 38 94 39 85 40 91 42 70 43 68 
115 0.6090236306190491 0.2202385514974594 0.9461030960083008 44 32 32 2.62 18 101 19 104 20 104 21 106 22 107 23 102 24 88 26 77 35 43 36 63 37 49 38 95 39 86 40 92 42 71 43 69 
116 0.6149085760116577 -0.14586180448532104 1.0225423574447632 141 151 159 1.84 18 102 19 105 20 105 21 107 22 108 23 103 24 89 35 44 36 64 37 50 38 96 39 87 40 93 42 72 43 70 
117 0.7237988710403442 0.21189379692077637 1.2689008712768555 95 83 86 1.92 18 103 19 106 21 108 22 109 23 104 35 45 37 51 38 97 39 88 40 94 42 73 43 71 
118 0.5658986568450928 0.21047139167785645 1.1401164531707764 109 115 128 1.63 18 104 19 107 20 106 21 109 22 110 23 105 24 90 35 46 36 65 37 52 38 98 39 89 40 95 42 74 43 72 
119 0.8512789011001587 0.31373274326324463 1.134006142616272 79 72 80 2.81 35 47 37 53 38 99 39 90 40 96 42 75 43 73 
120 0.5647330284118652 0.2559230625629425 1.1285922527313232 99 113 127 1.59 18 105 19 108 20 107 21 110 22 111 23 106 24 91 35 48 36 66 37 54 38 100 39 91 40 97 42 76 43 74 
121 0.11584774404764175 0.10836446285247803 0.8087638020515442 70 68 68 2.14 18 106 19 109 20 108 22 112 23 107 24 92 26 78 35 49 36 67 37 55 38 101 39 92 40 98 42 77 43 75 
122 0.5917018055915833 0.21350833773612976 1.1462023258209229 63 57 57 1.12 18 107 20 109 21 111 22 113 23 108 26 79 35 50 36 68 37 56 38 102 39 93 40 99 42 78 43 76 
123 0.44910815358161926 0.14549076557159424 0.8075457215309143 121 115 110 3.12 18 108 19 110 20 110 21 112 22 114 23 109 24 93 26 80 35 51 36 69 37 57 38 103 39 94 40 100 42 79 43 77 
124 0.48514029383659363 -0.12394331395626068 0.9135918021202087 53 46 40 0.97 18 109 19 111 20 111 21 113 22 115 23 110 24 94 26 81 35 52 36 70 37 58 38 104 39 95 40 101 42 80 43 78 
125 0.3258887827396393 -0.11629088968038559 1.0214701890945435 29 18 14 0.98 18 110 19 112 21 114 22 116 23 111 24 95 26 82 35 53 36 71 37 59 38 105 39 96 40 102 42 81 43 79 
126 0.4615367352962494 -0.012967482209205627 0.8885669112205505 93 96 102 1.69 18 111 19 113 20 112 21 115 22 117 23 112 24 96 26 83 35 54 36 72 37 60 38 106 39 97 40 103 42 82 43 80 
127 0.46498966217041016 0.15537971258163452 0.845740795135498 95 99 102 2.63 18 112 19 114 20 113 21 116 22 118 23 113 24 97 26 84 35 55 36 73 37 61 38 107 39 98 40 104 42 83 43 81 
128 0.8070114254951477 0.31379279494285583 0.9689194560050964 42 51 30 3.08 35 56 36 74 38 108 39 99 40 105 
129 0.6211561560630798 -0.18877854943275452 1.0178593397140503 80 89 94 1.78 18 113 19 115 20 114 21 117 22 119 23 114 24 98 35 57 37 62 38 109 39 100 40 106 42 84 43 82 
130 0.6005207896232605 0.23883619904518127 0.8906113505363464 116 112 109 4.35 18 114 19 116 20 115 21 118 22 120 23 115 24 99 26 85 35 58 36 75 37 63 38 110 39 101 40 107 42 85 43 83 
131 0.3239276707172394 0.220053032040596 0.9151583313941956 98 92 88 1.88 18 115 19 117 20 116 22 121 23 116 24 100 26 86 35 59 36 76 37 64 38 111 39 102 40 108 43 84 
132 0.804078221321106 0.31281808018684387 0.997374415397644 32 42 21 1.53 35 60 38 112 39 103 40 109 42 86 
133 0.28606584668159485 -0.1670655608177185 0.7657212615013123 82 96 104 3.01 18 116 19 118 20 117 21 119 22 122 23 117 24 101 26 87 36 77 37 65 38 113 39 104 40 110 42 87 43 85 
134 0.16803693771362305 -0.0827714279294014 0.684215247631073 81 80 78 2.42 18 117 19 119 20 118 21 120 22 123 23 118 24 102 26 88 36 78 38 114 39 105 40 111 42 88 43 86 
135 0.6979389190673828 0.2913154065608978 1.1703100204467773 53 34 32 1.88 22 124 23 119 35 61 36 79 37 66 38 115 39 106 40 112 42 89 43 87 
136 0.33032864332199097 0.022330500185489655 0.9760483503341675 30 26 24 1.1 18 118 19 120 21 121 22 125 23 120 24 103 26 89 35 62 36 80 37 67 38 116 39 107 40 113 43 88 
137 0.7484973073005676 0.29938825964927673 1.0207270383834839 25 22 23 2.74 20 119 35 63 36 81 38 117 39 108 40 114 42 90 43 89 
138 0.3121359050273895 0.004522151779383421 0.9674925804138184 42 31 24 1.63 18 119 19 121 20 120 22 126 23 121 24 104 26 90 36 82 37 68 38 118 39 109 40 115 43 90 
139 0.7581652998924255 -0.07821213454008102 1.3627707958221436 81 84 88 2.61 18 120 20 121 21 122 22 127 23 122 35 64 37 69 38 119 39 110 40 116 42 91 43 91 
140 0.778181791305542 0.16346071660518646 1.3148998022079468 116 108 105 2.87 18 121 20 122 21 123 22 128 23 123 35 65 37 70 38 120 39 111 40 117 42 92 43 92 
141 0.7120848298072815 -0.02289234846830368 1.329142451286316 157 171 184 1.98 19 122 21 124 22 129 23 124 35 66 36 83 37 71 38 121 39 112 40 118 42 93 43 93 
142 0.47683194279670715 0.16793161630630493 0.8128008246421814 123 127 135 1.83 18 122 19 123 20 123 21 125 22 130 23 125 24 105 26 91 35 67 36 84 37 72 38 122 39 113 40 119 42 94 43 94 
143 0.29424452781677246 -0.052211858332157135 0.9850637316703796 36 26 20 1.13 18 123 19 124 20 124 22 131 23 126 24 106 26 92 36 85 37 73 38 123 39 114 40 120 43 95 
144 0.8464866876602173 0.31540319323539734 1.106167197227478 66 63 70 2.13 35 68 37 74 38 124 39 115 40 121 42 95 43 96 
145 0.2753559350967407 -0.029330560937523842 0.9722866415977478 31 28 24 1.8 18 124 19 125 20 125 21 126 23 127 24 107 26 93 36 86 37 75 38 125 39 116 40 122 43 97 
146 0.6248090863227844 -0.06847811490297318 1.253551721572876 112 101 91 1.68 19 126 20 126 21 127 23 128 24 108 26 94 35 69 36 87 37 76 38 126 39 117 40 123 42 96 43 98 
147 0.6335447430610657 -0.17974962294101715 1.0264133214950562 122 133 140 2.01 18 125 19 127 20 127 21 128 22 132 23 129 24 109 35 70 37 77 38 127 39 118 40 124 42 97 43 99 
148 0.5409405827522278 0.18491235375404358 1.13639497756958 90 103 114 1.13 18 126 19 128 21 129 22 133 23 130 24 110 26 95 35 71 36 88 37 78 38 128 39 119 40 125 42 98 43 100 
149 0.3194511830806732 -0.0904875174164772 0.7751114964485168 124 128 133 1.24 18 127 19 129 20 128 21 130 22 134 23 131 24 111 26 96 35 72 36 89 37 79 38 129 39 120 40 126 42 99 43 101 
150 0.7185301184654236 0.11268209666013718 1.278467059135437 124 115 109 2.26 18 128 19 130 21 131 22 135 23 132 35 73 37 80 38 130 39 121 40 127 42 100 43 102 
151 0.7490310072898865 0.2813546657562256 1.1342413425445557 40 36 37 9.09 22 136 23 133 35 74 37 81 38 131 39 122 40 128 42 101 43 103 
152 0.8048126101493835 -0.09143751114606857 1.3765453100204468 29 24 27 2.5 20 129 21 132 22 137 23 134 35 75 37 82 38 132 39 123 40 129 42 102 43 104 
153 0.6443675756454468 0.2823115587234497 0.8764933943748474 81 84 85 2.62 19 131 20 130 21 133 22 138 23 135 35 76 36 90 38 133 39 124 40 130 42 103 43 105 
154 0.742283046245575 0.0005657985457219183 1.332877278327942 143 138 135 2.74 18 129 19 132 20 131 21 134 22 139 23 136 35 77 37 83 38 134 39 125 40 131 42 104 43 106 
155 0.7957784533500671 0.29588404297828674 1.2906945943832397 100 82 77 3.98 21 135 22 140 23 137 35 78 37 84 38 135 39 126 40 132 42 105 43 107 
156 0.8235031962394714 0.3191068172454834 1.0420093536376953 52 51 43 1.06 35 79 38 136 39 127 40 133 42 106 43 108 
157 0.7885806560516357 0.16560402512550354 1.3262120485305786 135 123 117 2.87 18 130 20 132 21 136 22 141 23 138 35 80 37 85 38 137 39 128 40 134 42 107 43 109 
158 0.7481206059455872 0.19848047196865082 1.2771698236465454 120 114 114 2.83 18 131 19 133 20 133 21 137 22 142 23 139 35 81 37 86 38 138 39 129 40 135 42 108 43 110 
159 0.8707420229911804 0.32837748527526855 1.0713781118392944 46 55 31 1.77 35 82 38 139 39 130 40 136 
160 0.1928790807723999 -0.17786775529384613 0.6939350962638855 136 137 136 0.89 18 132 19 134 20 134 21 138 22 143 23 140 24 112 26 97 38 140 39 131 40 137 42 109 43 111 
161 0.7303629517555237 0.25515902042388916 0.9042431116104126 23 26 21 3.1 19 135 35 83 36 91 37 87 38 141 39 132 40 138 42 110 43 112 
162 0.7684109210968018 -0.054082684218883514 1.370553970336914 105 99 100 2.47 18 133 20 135 21 139 22 144 23 141 35 84 37 88 38 142 39 133 40 139 42 111 43 113 
163 0.3349134027957916 -0.15636977553367615 0.7973456382751465 150 152 150 1.13 18 134 19 136 20 136 21 140 22 145 23 142 24 113 26 98 36 92 37 89 38 143 39 134 40 140 42 112 43 114 
164 0.7846107482910156 0.2974524199962616 1.2780870199203491 107 94 90 2.74 21 141 22 146 23 143 35 85 37 90 38 144 39 135 40 141 42 113 43 115 
165 0.5770509839057922 -0.024144215509295464 1.2115378379821777 128 140 150 1.4 18 135 20 137 21 142 22 147 23 144 26 99 35 86 36 93 37 91 38 145 39 136 40 142 42 114 43 116 
166 -0.029656492173671722 -0.18523749709129333 0.7494927644729614 106 71 59 5.02 18 136 19 137 20 138 21 143 22 148 23 145 24 114 26 100 36 94 37 92 38 146 39 137 40 143 42 115 43 117 
167 0.7773773670196533 -0.0049957288429141045 1.366797685623169 154 144 138 2.34 18 137 20 139 21 144 22 149 23 146 35 87 37 93 38 147 39 138 40 144 42 116 43 118 
168 -0.046850066632032394 -0.10722292959690094 0.7395594716072083 57 46 44 1.77 18 138 19 138 20 140 21 145 22 150 23 147 24 115 26 101 36 95 37 94 38 148 39 139 42 117 43 119 
169 0.5520237684249878 -0.07841043174266815 1.2129865884780884 36 28 26 1.82 18 139 19 139 20 141 21 146 22 151 23 148 24 116 35 88 36 96 37 95 38 149 39 140 40 145 42 118 43 120 
170 0.6179477572441101 -0.10176573693752289 1.0200707912445068 175 195 205 1.44 18 140 19 140 20 142 21 147 22 152 23 149 24 117 26 102 35 89 36 97 37 96 38 150 39 141 40 146 42 119 43 121 
171 0.11154749989509583 -0.1060151755809784 0.8695175051689148 42 37 30 1.1 18 141 19 141 20 143 22 153 23 150 24 118 26 103 35 90 36 98 37 97 38 151 39 142 40 147 42 120 43 122 
172 0.5192208290100098 -0.12088488042354584 1.1666852235794067 25 25 25 1.57 18 142 19 142 21 148 22 154 23 151 24 119 35 91 36 99 37 98 38 152 39 143 40 148 42 121 43 123 
173 0.5038293600082397 0.2553935647010803 0.6750513315200806 66 57 49 2.8 19 143 20 144 21 149 22 155 23 152 24 120 26 104 35 92 36 100 38 153 39 144 40 149 42 122 43 124 
174 0.16914740204811096 -0.01341076660901308 0.863895833492279 41 31 23 1.44 18 143 19 144 20 145 21 150 22 156 23 153 24 121 26 105 35 93 36 101 37 99 38 154 39 145 42 123 43 125 
175 0.5070858001708984 0.0780210793018341 1.0969862937927246 86 72 69 1.03 18 144 19 145 20 146 21 151 22 157 23 154 24 122 26 106 35 94 36 102 37 100 38 155 39 146 40 150 42 124 43 126 
176 0.6029068231582642 -0.019105542451143265 0.9778979420661926 168 177 183 1.37 18 145 19 146 20 147 21 152 22 158 23 155 24 123 26 107 35 95 36 103 37 101 38 156 39 147 40 151 42 125 43 127 
177 0.5522599220275879 -0.03050915151834488 1.2055999040603638 137 154 168 1.83 18 146 19 147 20 148 21 153 22 159 23 156 24 124 35 96 36 104 37 102 38 157 39 148 40 152 42 126 43 128 
178 0.5598673820495605 0.2482530176639557 0.728542685508728 22 23 29 2.43 19 148 20 149 21 154 22 160 23 157 24 125 26 108 35 97 36 105 38 158 39 149 40 153 42 127 43 129 
179 0.2884351313114166 -0.1380261480808258 0.756801426410675 95 87 82 1.1 18 147 19 149 20 150 21 155 22 161 23 158 24 126 26 109 35 98 36 106 37 103 38 159 39 150 40 154 42 128 43 130 
180 0.5847349166870117 0.18630705773830414 1.1567343473434448 38 31 31 1.36 18 148 20 151 21 156 22 162 23 159 26 110 35 99 36 107 37 104 38 160 39 151 40 155 42 129 43 131 
181 0.6817737221717834 0.22952312231063843 1.238397479057312 147 160 176 2.5 19 150 20 152 22 163 23 160 35 100 36 108 37 105 38 161 39 152 40 156 42 130 43 132 
182 0.5473326444625854 0.0791364312171936 1.1500768661499023 98 94 93 1.28 18 149 19 151 20 153 21 157 22 164 23 161 24 127 35 101 36 109 37 106 38 162 39 153 40 157 42 131 43 133 
183 0.4372681677341461 -0.11317591369152069 0.8706194162368774 110 123 130 1.41 18 150 19 152 20 154 21 158 22 165 23 162 24 128 26 111 35 102 36 110 37 107 38 163 39 154 40 158 42 132 43 134 
184 0.4643634259700775 -0.12288026511669159 0.8924179673194885 139 148 152 1.13 18 151 19 153 20 155 21 159 22 166 23 163 24 129 26 112 35 103 36 111 37 108 38 164 39 155 40 159 42 133 43 135 
185 0.5804773569107056 -0.021813010796904564 0.9740256667137146 171 174 167 2.31 18 152 19 154 20 156 21 160 22 167 23 164 24 130 26 113 35 104 36 112 37 109 38 165 39 156 40 160 42 134 43 136 
186 -0.04091130942106247 0.05969537794589996 0.7137603163719177 108 114 113 1.74 18 153 19 155 20 157 21 161 22 168 23 165 24 131 26 114 36 113 37 110 38 166 40 161 42 135 43 137 
187 0.5995613932609558 -0.027558758854866028 1.0111709833145142 41 36 39 1.7 18 154 19 156 20 158 21 162 22 169 23 166 24 132 26 115 35 105 36 114 37 111 38 167 39 157 40 162 42 136 43 138 
188 0.12730656564235687 0.07287668436765671 0.8282974362373352 69 82 85 2.18 18 155 19 157 20 159 22 170 23 167 24 133 26 116 35 106 36 115 37 112 38 168 39 158 42 137 43 139 
189 0.35491541028022766 0.01996629498898983 1.003670573234558 73 59 47 1.34 18 156 19 158 20 160 21 163 22 171 23 168 24 134 26 117 35 107 36 116 37 113 38 169 39 159 42 138 43 140 
190 0.5681307315826416 0.03444761782884598 1.199078917503357 138 169 179 2.18 18 157 20 161 21 164 22 172 23 169 24 135 26 118 35 108 36 117 37 114 38 170 39 160 40 163 42 139 43 141 
191 0.4592800438404083 0.0256201159209013 0.8823122978210449 88 89 89 2.91 18 158 19 159 20 162 21 165 22 173 23 170 24 136 26 119 35 109 36 118 37 115 38 171 39 161 40 164 42 140 43 142 
192 0.514273464679718 0.11924545466899872 1.0941311120986938 65 61 61 1.2 18 159 19 160 21 166 22 174 23 171 24 137 26 120 35 110 36 119 37 116 38 172 39 162 40 165 42 141 43 143 
193 -0.04471411556005478 -0.04535827413201332 0.7120689153671265 76 65 56 1.64 18 160 19 161 20 163 21 167 22 175 23 172 24 138 26 121 36 120 37 117 38 173 39 163 42 142 43 144 
194 0.6018663048744202 0.048613764345645905 0.9921335577964783 86 78 77 2.76 18 161 19 162 20 164 21 168 22 176 23 173 24 139 26 122 35 111 36 121 37 118 38 174 39 164 40 166 42 143 43 145 
195 0.6088484525680542 -0.08339621126651764 1.0045088529586792 50 48 47 1.12 18 162 19 163 20 165 21 169 22 177 23 174 24 140 26 123 35 112 36 122 37 119 38 175 39 165 40 167 42 144 43 146 
196 0.39440715312957764 0.016500229015946388 1.0452630519866943 80 83 87 1.8 18 163 19 164 20 166 21 170 22 178 23 175 24 141 26 124 35 113 36 123 37 120 38 176 40 168 42 145 43 147 
197 0.6715690493583679 0.2893114387989044 0.8626168370246887 113 110 110 2.28 19 165 20 167 21 171 22 179 23 176 35 114 36 124 38 177 39 166 40 169 42 146 43 148 
198 0.6327565908432007 0.1151660606265068 1.2080800533294678 138 132 128 2.43 18 164 19 166 20 168 21 172 23 177 24 142 26 125 35 115 36 125 37 121 38 178 39 167 40 170 42 147 43 149 
199 0.4232153594493866 0.24072778224945068 0.6191936135292053 54 44 42 3.98 19 167 22 180 23 178 24 143 26 126 36 126 38 179 39 168 40 171 42 148 43 150 
200 -0.04380207136273384 0.08071478456258774 0.6928988695144653 62 56 56 1.97 18 165 19 168 20 169 21 173 22 181 23 179 24 144 26 127 36 127 37 122 38 180 42 149 43 151 
201 -0.04286619648337364 0.08129283040761948 0.7063928842544556 115 122 120 1.71 18 166 19 169 20 170 21 174 22 182 23 180 24 145 26 128 36 128 37 123 38 181 40 172 42 150 43 152 
202 0.5107338428497314 -0.06476448476314545 1.1383893489837646 56 52 54 1.33 18 167 19 170 21 175 22 183 23 181 24 146 26 129 35 116 36 129 37 124 38 182 39 169 40 173 42 151 43 153 
203 0.6184737682342529 0.25656193494796753 0.6767252683639526 83 63 60 3.01 22 184 36 130 40 174 
204 0.5555198192596436 0.1611892580986023 1.15780508518219 107 119 132 1.4 18 168 19 171 20 171 21 176 22 185 23 182 24 147 35 117 36 131 37 125 38 183 39 170 40 175 42 152 43 154 
205 0.6075265407562256 0.015597745776176453 1.217999815940857 115 114 110 2.01 18 169 20 172 21 177 22 186 24 148 26 130 35 118 36 132 37 126 38 184 39 171 40 176 42 153 43 155 
206 -0.03690493106842041 -0.1312638819217682 0.7640015482902527 131 142 144 1.47 18 170 19 172 20 173 21 178 22 187 23 183 24 149 26 131 36 133 37 127 38 185 40 177 42 154 
207 0.484738290309906 0.19882352650165558 0.8510671257972717 111 109 106 1.97 18 171 19 173 20 174 21 179 22 188 23 184 24 150 26 132 35 119 36 134 37 128 38 186 39 172 40 178 42 155 43 156 
208 0.6227445006370544 0.26053309440612793 1.152859091758728 113 103 98 2.81 18 172 19 174 20 175 21 180 24 151 26 133 35 120 36 135 37 129 38 187 39 173 40 179 42 156 43 157 
209 0.4926443099975586 0.2391151636838913 0.8234177231788635 51 51 53 1.75 18 173 19 175 20 176 21 181 22 189 23 185 24 152 26 134 35 121 36 136 37 130 38 188 39 174 40 180 42 157 43 158 
210 0.5148296356201172 0.2554345428943634 0.8062125444412231 68 64 68 3.15 18 174 19 176 20 177 21 182 22 190 23 186 24 153 26 135 35 122 36 137 38 189 39 175 40 181 42 158 43 159 
211 0.12151588499546051 0.15545712411403656 0.8016042709350586 99 103 105 2.0 18 175 19 177 20 178 22 191 23 187 24 154 26 136 35 123 36 138 37 131 38 190 39 176 42 159 43 160 
212 0.4694722592830658 -0.10685859620571136 0.8943271040916443 57 55 55 1.22 18 176 19 178 20 179 21 183 22 192 23 188 24 155 26 137 35 124 36 139 37 132 38 191 39 177 40 182 42 160 43 161 
213 0.10477396100759506 -0.08217955380678177 0.8541082739830017 42 39 36 2.07 18 177 19 179 20 180 21 184 22 193 23 189 24 156 26 138 36 140 37 133 38 192 39 178 40 183 42 161 43 162 
214 0.5503771901130676 0.017429543659090996 1.1947283744812012 113 136 151 1.9 18 178 19 180 20 181 21 185 22 194 23 190 24 157 35 125 36 141 37 134 38 193 39 179 40 184 42 162 43 163 
215 0.47444215416908264 0.25892987847328186 0.6937389969825745 20 20 24 2.45 18 179 19 181 20 182 21 186 22 195 23 191 24 158 26 139 35 126 36 142 38 194 39 180 40 185 42 163 43 164 
216 0.4936072528362274 0.05936681479215622 1.0915677547454834 98 90 85 1.18 18 180 19 182 20 183 22 196 23 192 24 159 26 140 35 127 36 143 37 135 38 195 39 181 40 186 42 164 43 165 
217 0.610292375087738 -0.11299154162406921 1.0192269086837769 125 139 146 1.82 18 181 19 183 20 184 21 187 22 197 23 193 24 160 26 141 35 128 36 144 37 136 38 196 39 182 40 187 42 165 43 166 
218 0.6056899428367615 -0.08872242271900177 0.9984560608863831 98 108 118 1.32 18 182 19 184 20 185 21 188 22 198 23 194 24 161 26 142 35 129 36 145 37 137 38 197 39 183 40 188 42 166 43 167 
219 -0.04093369096517563 0.1317821443080902 0.6979067325592041 123 128 129 1.72 18 183 19 185 20 186 21 189 22 199 23 195 24 162 26 143 36 146 37 138 38 198 40 189 42 167 
220 0.5050331354141235 0.19274435937404633 1.0587540864944458 27 20 21 1.43 18 184 19 186 20 187 22 200 23 196 24 163 26 144 35 130 36 147 37 139 38 199 39 184 40 190 42 168 43 168 
221 0.4034368395805359 0.1590317040681839 1.0264486074447632 90 103 110 1.38 18 185 19 187 20 188 21 190 22 201 23 197 26 145 35 131 36 148 37 140 39 185 40 191 42 169 43 169 
222 0.5963839888572693 0.2677842080593109 0.8584955334663391 64 55 55 4.08 18 186 19 188 20 189 21 191 22 202 23 198 24 164 26 146 35 132 36 149 38 200 39 186 40 192 42 170 43 170 
223 0.5537495017051697 0.17158302664756775 1.1530029773712158 81 103 113 1.38 18 187 19 189 20 190 21 192 22 203 23 199 24 165 35 133 36 150 37 141 38 201 39 187 40 193 42 171 43 171 
224 0.5106738209724426 0.2336100935935974 1.051911473274231 97 85 78 1.51 18 188 19 190 20 191 21 193 22 204 23 200 24 166 26 147 35 134 36 151 37 142 38 202 39 188 40 194 42 172 43 172 
225 0.44574496150016785 -0.13469909131526947 0.8756144642829895 71 63 57 1.23 18 189 19 191 20 192 21 194 22 205 23 201 24 167 26 148 35 135 36 152 37 143 38 203 39 189 40 195 42 173 43 173 
226 0.5841046571731567 -0.11121515929698944 0.9838372468948364 70 62 59 1.36 18 190 19 192 20 193 21 195 22 206 23 202 24 168 26 149 35 136 36 153 37 144 38 204 39 190 40 196 42 174 43 174 
227 0.4825357496738434 0.21160748600959778 0.7971453070640564 68 76 85 2.43 18 191 19 193 20 194 21 196 22 207 23 203 24 169 26 150 35 137 36 154 37 145 38 205 39 191 40 197 42 175 43 175 
228 0.4739658236503601 0.2148391455411911 0.6905141472816467 40 36 38 7.28 19 194 22 208 23 204 24 170 26 151 35 138 36 155 38 206 39 192 40 198 42 176 43 176 
229 0.37268808484077454 0.11595532298088074 0.9890642762184143 102 89 69 1.14 18 192 20 195 21 197 22 209 23 205 24 171 35 139 36 156 37 146 38 207 39 193 42 177 43 177 
230 0.5037819147109985 0.2462550699710846 0.8132669925689697 46 47 51 2.06 18 193 19 195 20 196 21 198 22 210 23 206 24 172 26 152 35 140 36 157 38 208 39 194 40 199 42 178 43 178 
231 0.6619301438331604 0.11129312962293625 1.2359126806259155 140 131 121 2.16 19 196 20 197 22 211 23 207 24 173 35 141 36 158 37 147 38 209 39 195 40 200 42 179 43 179 
232 0.32442376017570496 -0.14316844940185547 0.7846766710281372 120 123 124 0.81 18 194 19 197 20 198 21 199 22 212 23 208 24 174 26 153 36 159 37 148 38 210 39 196 40 201 42 180 43 180 
233 0.5054477453231812 0.20929022133350372 1.0550976991653442 99 90 83 1.36 18 195 19 198 20 199 22 213 23 209 24 175 26 154 35 142 36 160 37 149 38 211 39 197 40 202 42 181 43 181 
234 0.6209856271743774 0.0857056975364685 1.2068148851394653 133 129 123 2.12 18 196 19 199 20 200 21 200 24 176 26 155 35 143 36 161 37 150 38 212 39 198 40 203 42 182 43 182 
235 0.6200317740440369 0.2765410840511322 0.8162941336631775 107 104 104 4.97 19 200 20 201 21 201 22 214 23 210 26 156 35 144 36 162 38 213 39 199 40 204 42 183 43 183 
236 0.09961394220590591 -0.13065364956855774 0.8611988425254822 45 36 28 2.0 18 197 19 201 20 202 21 202 22 215 23 211 24 177 26 157 36 163 37 151 38 214 39 200 40 205 42 184 43 184 
237 0.3568655252456665 0.23114942014217377 0.569902241230011 107 75 69 2.9 19 202 22 216 23 212 24 178 26 158 36 164 38 215 39 201 40 206 
238 0.5981715321540833 0.25030750036239624 0.8800391554832458 146 148 141 3.21 18 198 19 203 20 203 21 203 22 217 23 213 24 179 26 159 35 145 36 165 37 152 38 216 39 202 40 207 42 185 43 185 
239 0.5765666961669922 -0.07818277180194855 1.2228995561599731 18 12 12 1.54 18 199 20 204 21 204 22 218 23 214 26 160 35 146 36 166 37 153 38 217 39 203 40 208 42 186 43 186 
240 0.6419865489006042 0.08198767900466919 1.2262393236160278 146 139 133 2.42 18 200 19 204 20 205 21 205 23 215 24 180 35 147 36 167 37 154 38 218 39 204 40 209 42 187 43 187 
241 0.1611291617155075 -0.009287218563258648 0.6296930313110352 165 166 162 2.92 18 201 19 205 20 206 21 206 22 219 23 216 24 181 26 161 36 168 38 219 39 205 40 210 42 188 43 188 
242 0.5415411591529846 0.11471114307641983 1.1346567869186401 124 124 125 1.26 18 202 19 206 20 207 21 207 22 220 23 217 24 182 26 162 35 148 36 169 37 155 38 220 39 206 40 211 42 189 43 189 
243 0.40201857686042786 0.21101652085781097 0.6262385249137878 44 50 55 3.68 22 221 23 218 24 183 26 163 36 170 38 221 39 207 40 212 43 190 
