# Camera list with one line of data per camera:
#   CAMERA_ID, MODEL, WIDTH, HEIGHT, PARAMS[]
# Number of cameras: 85
167 RADIAL 1023 760 1044.5607464929926 511.5 380.0 -0.06247563750134909 0.18016515496788654
90 RADIAL 760 1039 1017.9653664343508 380.0 519.5 -0.02941498238825265 0.02421414553715548
47 RADIAL 760 1045 1302.6381142886755 380.0 522.5 -0.0491036352061561 -0.0017285597175600096
7 RADIAL 1030 760 1030.243429562635 515.0 380.0 -0.0457340100665707 0.1433682982539219
154 RADIAL 1030 760 1095.1187708457182 515.0 380.0 0.0003997294241953728 0.006766567421293971
173 RADIAL 760 1028 1074.1444096412345 380.0 514.0 0.004568481185154806 -0.0033200363382722654
58 RADIAL 1013 760 1061.4274239877957 506.5 380.0 0.0004361986630971822 0.01688581220761579
180 RADIAL 1025 760 1110.1178506332665 512.5 380.0 0.005317142494431564 -0.004001939885166709
94 RADIAL 760 1019 1257.0631837123333 380.0 509.5 -0.02990603531135022 0.10342138619433684
131 RADIAL 606 816 861.6727832137303 303.0 408.0 -0.014355249560576206 0.053616976926215504
133 RADIAL 374 501 426.9807160444253 187.0 250.5 -0.008469203689985943 0.04429224402874446
139 RADIAL 1015 760 870.0832730334474 507.5 380.0 0.09962973224510666 -0.30663540414534624
140 RADIAL 1047 688 1337.7068501191586 523.5 344.0 -0.03910804199080376 0.18401695657170064
143 RADIAL 760 1027 895.5504661840451 380.0 513.5 0.0027805997026876883 -0.050268210824642966
144 RADIAL 760 1037 805.3641168991438 380.0 518.5 -0.038428404277015014 0.14106225297816935
145 RADIAL 1022 760 1151.159568526754 511.0 380.0 0.019815869589946192 -0.07415500916490475
149 RADIAL 719 1052 1000.2483043678216 359.5 526.0 -0.04437438018707475 0.11543922745152298
23 RADIAL 1027 760 1119.9971400252941 513.5 380.0 -0.044731362215249613 0.18139467220920977
151 RADIAL 760 1028 1032.6959710860622 380.0 514.0 -0.02233680125456238 0.06634609605146166
153 RADIAL 1025 760 1076.616828547155 512.5 380.0 -0.06959745544832009 0.1967552336857317
161 RADIAL 1025 760 1032.0190895796381 512.5 380.0 0.01077192686363453 -0.05497373356902474
34 RADIAL 607 819 837.7303044617465 303.5 409.5 -0.03232063720388106 0.12505145527796988
37 RADIAL 760 1027 1065.1026942308351 380.0 513.5 -0.031965124234055196 0.12170962520040177
166 RADIAL 756 1009 1066.8633291911374 378.0 504.5 0.06929007930224365 -0.2876651382264139
46 RADIAL 760 1015 1014.5596123079686 380.0 507.5 -0.017751641666949987 0.05572487433220424
45 RADIAL 696 1074 841.2458081153453 348.0 537.0 -0.015981342835937228 0.037797767730076905
177 RADIAL 1030 760 1062.7738599847135 515.0 380.0 -0.02439079499131957 0.08381041738007906
178 RADIAL 610 822 710.043551581035 305.0 411.0 -0.015651551800553335 0.04992122192739463
174 RADIAL 760 1024 1025.5447586101811 380.0 512.0 -0.039030935525061684 0.17233828165470044
55 RADIAL 1046 688 847.587890005422 523.0 344.0 -0.016866079260240936 0.03142645138942792
59 RADIAL 695 1061 801.9189727542765 347.5 530.5 0.0049048654789520104 0.0017812100002401019
186 RADIAL 689 1047 917.2072231789707 344.5 523.5 -0.013396433071735606 0.017163088987882918
189 RADIAL 1032 684 739.2842123319399 516.0 342.0 -0.024796471605068267 0.045748915146805846
193 RADIAL 1047 689 1325.0954819678025 523.5 344.5 -0.007998635090402148 0.05460015303256715
202 RADIAL 760 1015 852.1963694479025 380.0 507.5 0.014405941339352298 -0.020401778686089982
205 RADIAL 760 1024 1042.971737165546 380.0 512.0 -0.014863515516867102 0.049651390655262514
211 RADIAL 756 1012 982.6067973099318 378.0 506.0 0.05268005053961241 -0.20080858578578023
86 RADIAL 1023 760 1044.4497068570565 511.5 380.0 -0.07153386210140239 0.19155453458085384
216 RADIAL 1029 760 1018.7139278535476 514.5 380.0 -0.01593822160749753 0.007960669418346064
218 RADIAL 760 1033 1057.998392176286 380.0 516.5 -0.02529203672404779 0.11229201153502534
228 RADIAL 1028 760 1108.7693711687666 514.0 380.0 -0.008951956105509145 0.03839730092261799
125 RADIAL 1014 760 1042.2671827103914 507.0 380.0 0.04707804938279449 -0.18526488818045292
116 RADIAL 760 1014 1063.6934751351816 380.0 507.0 -0.026628705971581946 0.11278498872749176
183 RADIAL 760 1022 1140.5747304489641 380.0 511.0 0.009112873309304175 -0.0441757431814546
18 RADIAL 760 1018 974.9280986582553 380.0 509.0 0.09158684519871886 -0.2767730114278878
24 RADIAL 1027 683 793.8795593979263 513.5 341.5 -0.03826692681457601 0.09846234887064433
72 RADIAL 1049 689 1117.1175898081735 524.5 344.5 -0.03408033781812181 0.1121620983089792
8 RADIAL 1015 760 815.3562474455666 507.5 380.0 0.02398600625780237 -0.05098622022527768
137 RADIAL 692 1068 795.0397420517494 346.0 534.0 0.005326756176911425 -0.053192225379058565
57 RADIAL 1016 760 818.6255363409144 508.0 380.0 0.003999921294338534 -0.0061073537333688
191 RADIAL 1065 696 808.5964628449627 532.5 348.0 -0.08145394173865968 0.15306258948599608
119 RADIAL 760 1029 794.5881693598402 380.0 514.5 -0.013870202987370015 0.025906488047860936
102 RADIAL 1013 674 766.2643887189187 506.5 337.0 -0.038827106572020514 0.06978925898479088
171 RADIAL 1075 694 799.2487153679596 537.5 347.0 -0.06604890303923393 0.15128813023481125
212 RADIAL 696 1078 851.6152040716285 348.0 539.0 -0.020904325585616095 0.1064491559598528
132 RADIAL 760 879 885.5850612444212 380.0 439.5 -0.052752950991344826 -0.04392241606499972
210 RADIAL 760 1022 847.1720558911052 380.0 511.0 -0.02046916754145955 0.03710303891874869
233 RADIAL 1026 760 1066.1300221721303 513.0 380.0 -0.0602526615284808 0.1776827127226192
99 RADIAL 1013 571 1110.8538780923216 506.5 285.5 0.0976593378393685 -0.4138791071557835
203 RADIAL 1021 543 1735.9434794047168 510.5 271.5 -0.017383867275577804 0.026547149815250578
150 RADIAL 1034 760 1076.2381270301032 517.0 380.0 -0.025555760919689193 0.08752963324329717
226 RADIAL 689 1047 1122.853568258606 344.5 523.5 -0.016650783538372012 0.050245723161723044
30 RADIAL 1018 760 1029.8677601340332 509.0 380.0 0.08236724789098102 -0.13217181013032683
51 RADIAL 815 605 874.23386169992 407.5 302.5 -0.019033614706694648 0.05509475438652322
122 RADIAL 760 1029 793.8920865033733 380.0 514.5 -0.07060351054277528 0.1352282486821644
68 RADIAL 521 382 622.1854737177309 260.5 191.0 -0.056849163059390265 0.22417821452612713
121 RADIAL 1020 680 809.8270119214568 510.0 340.0 -0.006301919186258463 0.0030150533038327113
182 RADIAL 1007 756 977.7812576683995 503.5 378.0 0.034913619026386816 0.002894681181886412
74 RADIAL 1057 580 1067.9399612643997 528.5 290.0 -0.014842128736375514 0.0006017770158299596
168 RADIAL 513 380 550.0643643045789 256.5 190.0 0.012703160531225607 -0.05259898420138236
115 RADIAL 857 760 629.6066373074136 428.49999999999994 380.0 -0.24249008819834594 0.4105625164981473
170 RADIAL 1030 760 1155.1626759703609 515.0 380.0 0.013528458963399813 0.0017340983141078264
14 RADIAL 1028 760 1029.9343839529076 514.0 380.0 -0.007258841880004031 -0.00044087710696173477
48 RADIAL 818 606 824.8625985416639 409.0 303.0 -0.012928558328367694 0.029209080765882453
82 RADIAL 1026 676 1577.7117807285692 513.0 338.0 -0.003164180719240884 0.0001331114971236528
69 RADIAL 1056 689 809.5505210676773 528.0 344.5 -0.008866937123918353 -0.011128835075728113
100 RADIAL 1028 760 696.1782997058077 514.0 380.0 -0.10933616076022251 -0.01825028141278887
117 RADIAL 760 1027 1113.8187580696874 380.0 513.5 0.0988809373370237 -0.2853535232722241
31 RADIAL 814 605 835.2879810762421 407.0 302.5 -0.06451061634372356 0.17768887274996
106 RADIAL 1022 760 1101.4162836559212 511.0 380.0 -0.03560745422391726 0.10973316210418523
215 RADIAL 644 1094 945.6483501983085 322.0 547.0 -0.10371376530647906 0.04128664474372614
225 RADIAL 760 760 856.5881624050141 380.0 380.0 0.326778668892218 -0.3506549541655251
78 RADIAL 1013 757 860.410937906453 506.5 378.5 0.12685983703439263 -0.3507434125447257
80 RADIAL 944 760 996.9143585606058 472.0 380.0 0.08242097455768059 0.006314393080568845
79 RADIAL 1029 760 1148.2510824620558 514.5 380.0 0.0034007555713188083 0.06397845834627833
