# Camera list with one line of data per camera:
#   CAMERA_ID, MODEL, WIDTH, HEIGHT, PARAMS[]
# Number of cameras: 70
0 RADIAL 1067 697 811.6844525350245 533.5 348.5 -0.06752647260369801 0.1233123862833018
17 RADIAL 1019 760 1138.7625789506253 509.5 380.0 -0.01545489471806864 -0.0008708244361757317
172 RADIAL 1020 760 1003.5064753930025 510.0 380.0 -0.002438342282739372 0.046155329093029884
53 RADIAL 1023 760 1084.745445639566 511.5 380.0 -0.030666750896187468 -0.018738765097490676
96 RADIAL 1024 760 1040.7209406893855 512.0 380.0 0.005023975889515258 -0.02432736933959433
3 RADIAL 687 1042 1080.423200993089 343.5 521.0 -0.015388644415045172 -0.016957222641199657
71 RADIAL 1033 760 1076.102250446655 516.5 380.0 -0.027443614929739752 0.02775512520568563
157 RADIAL 1018 760 1569.1777876521944 509.0 380.0 -0.011589325182174762 0.01670414292629843
61 RADIAL 1039 686 1198.786639095908 519.5 343.0 -0.0008305689863377608 0.017072138603131615
118 RADIAL 1032 760 1109.7349733486328 516.0 380.0 -0.05029156419061834 -0.03308636812397124
64 RADIAL 1058 689 775.321878644654 529.0 344.5 -0.035003968127798775 0.02784676558796162
14 RADIAL 1028 760 1029.3011913393775 514.0 380.0 -0.011796458270087795 0.012562812236836488
185 RADIAL 1022 760 1067.0118010023348 511.0 380.0 0.022202386359202776 0.004738695815358878
2 RADIAL 1024 575 1189.339416367771 512.0 287.5 -0.007397389486320902 -0.002037375892822374
81 RADIAL 1026 760 696.5707673803819 513.0 380.0 -0.006302061164989137 -0.0031942642978342083
111 RADIAL 1043 690 1174.8086125691154 521.5 345.0 -0.001413946567414492 0.00454035336552776
12 RADIAL 1023 760 1184.3658185115705 511.5 380.0 0.00043372493672941693 0.011189725641690896
128 RADIAL 1025 760 1038.9711845803592 512.5 380.0 -0.02664579398587109 0.08574851687287932
77 RADIAL 1066 693 812.9684707446952 533.0 346.5 -0.011668779853046336 0.016803472591243852
146 RADIAL 1031 760 1093.319097629904 515.5 380.0 -0.01806760051325647 -0.00390118503049089
15 RADIAL 1024 760 1061.4465563359965 512.0 380.0 -0.034907778350422754 -0.0020712676769996776
147 RADIAL 1027 760 1015.1280615777957 513.5 380.0 -0.05192379146331388 0.06291278664540081
162 RADIAL 1033 760 1036.936769306421 516.5 380.0 0.03253130730378818 0.005059728846400098
148 RADIAL 1015 760 1575.2312892677023 507.5 380.0 -0.032785461763038946 -0.001935826772255026
63 RADIAL 1023 760 1035.3820777388542 511.5 380.0 -0.028506113343262952 -0.006527505557520219
103 RADIAL 1026 760 1129.751858808673 513.0 380.0 -0.009834082498590531 -0.005844993477432981
152 RADIAL 1021 677 1026.3982350804383 510.5 338.5 -0.014764188238138751 0.013766096881065181
11 RADIAL 1014 760 1828.0753499779198 507.0 380.0 -0.00722989124480107 -0.007537887990049933
4 RADIAL 995 666 1705.7589935867607 497.5 333.0 0.008601717030690043 0.0032018832403374197
50 RADIAL 1015 760 1151.5348087915538 507.5 380.0 -0.0018872833087475614 -0.005757484615977834
27 RADIAL 1018 760 1002.1810509230575 509.0 380.0 0.011716938841436039 0.03107917042187572
69 RADIAL 1056 689 807.5505485825345 528.0 344.5 -0.0093697927457463 0.011336852813806558
97 RADIAL 1024 760 1057.3498762778404 512.0 380.0 -0.014117782308095581 -0.004600188920876643
164 RADIAL 1033 760 1109.255934468505 516.5 380.0 0.007048417695216663 -0.001915508539606528
89 RADIAL 1032 760 812.529479894703 516.0 380.0 -0.05584156567221661 0.09112180595291279
158 RADIAL 1013 757 1028.4043635613484 506.5 378.5 0.0481230205370704 0.00726588258061162
33 RADIAL 1026 650 2267.7841861426323 513.0 325.0 -0.020351042920197085 -0.0006897494204937272
65 RADIAL 1041 760 988.8318695977975 520.5 380.0 0.005379819151036748 -0.005162177020123922
67 RADIAL 1022 760 1059.5389598378806 511.0 380.0 -0.013221870602763041 -0.01351778701078981
25 RADIAL 1025 760 1109.7893661513124 512.5 380.0 -0.03738722969648656 0.006606981552317376
120 RADIAL 1022 760 1063.7806644111731 511.0 380.0 -0.014014820575325144 -0.07814647564241738
16 RADIAL 1032 684 1544.4198095337294 516.0 342.0 -0.004335068395664786 -0.0001642935717215389
41 RADIAL 1022 679 1655.842687919542 511.0 339.5 -0.021825093251956997 -0.0012945394489381383
138 RADIAL 1057 689 775.6148047889374 528.5 344.5 -0.01823641102333663 0.0013192123245280942
176 RADIAL 1022 760 1193.531232825346 511.0 380.0 0.0018482806187739176 -0.04618468578098583
43 RADIAL 1026 760 1016.643769551418 513.0 380.0 0.0003466439635248928 -0.0020144848472874177
32 RADIAL 988 741 831.6643323073523 494.0 370.5 0.005611603902112548 -0.006107713482496346
38 RADIAL 1018 760 1562.5131445356858 509.0 380.0 -0.014420603576793745 -0.0009959027993926696
19 RADIAL 1050 692 1025.5047961920734 525.0 346.0 -0.02020089448954563 -0.0005888320006305054
26 RADIAL 1027 760 1036.014894257294 513.5 380.0 -0.042378381191911584 0.02129386935834687
159 RADIAL 1023 760 1052.2543382670221 511.5 380.0 -0.0043411100074673414 0.004024204507723045
36 RADIAL 1021 760 839.1487979013198 510.5 380.0 -0.01650715431076828 0.01520277395119676
40 RADIAL 1023 760 938.5840868406157 511.5 380.0 0.021360840165488004 0.013385687864336592
126 RADIAL 1037 760 1119.8641167824896 518.5 380.0 -0.032647888667381476 -0.003712464263957401
127 RADIAL 1014 758 1954.6236183423032 507.0 379.0 -0.006462686807935077 7.758734010290455e-05
85 RADIAL 1068 694 862.7030210151621 534.0 347.0 -0.03494105240755601 -0.005390016513421271
44 RADIAL 1035 578 780.7540040260837 517.5 289.0 -0.01018128663686458 0.005477348199155208
9 RADIAL 1028 685 836.2539865289684 514.0 342.5 -0.009591412482924546 0.00495800116133425
73 RADIAL 1067 697 808.462001347707 533.5 348.5 -0.05330170166348632 0.07220248081383578
54 RADIAL 1030 760 1092.294746445207 515.0 380.0 -0.020220099423176794 -0.0009515635931720236
92 RADIAL 1031 760 805.4367736384335 515.5 380.0 -0.024224228451811033 0.04561103664074686
60 RADIAL 1015 760 1770.2243960525886 507.5 380.0 0.014487708436203282 0.0005602249158689532
29 RADIAL 1023 760 1101.876919246028 511.5 380.0 -0.004169290233729256 -0.0009004328522405756
129 RADIAL 1032 684 719.8887652038052 516.0 342.0 -0.02913765854481154 0.008001918970491404
88 RADIAL 1024 760 680.3283951324435 512.0 380.0 -0.023039289180189788 -0.0214729108290777
135 RADIAL 760 1026 694.6228955925166 380.0 513.0 0.0 0.0
104 RADIAL 1030 684 1236.0 515.0 342.0 0.0 0.0
110 RADIAL 1015 760 1773.041369451556 507.5 380.0 0.0 0.0
113 RADIAL 1014 760 1626.0821063145922 507.0 380.0 0.0 0.0
188 RADIAL 1057 691 1659.5857063722826 528.5 345.5 0.0 0.0
