# Camera list with one line of data per camera:
#   CAMERA_ID, MODEL, WIDTH, HEIGHT, PARAMS[]
# Number of cameras: 9
217 RADIAL 975 563 979.6707244112528 487.5 281.5 0.0008220709291221794 0.0007400247606977786
114 RADIAL 760 1021 766.1812818966451 380.0 510.5 0.029559670691434215 0.0022358976637087725
235 RADIAL 1028 760 1042.7816347889307 514.0 380.0 -0.0028142505981555224 -0.0002007828924885518
224 RADIAL 1019 760 1286.4567292523268 509.5 380.0 -0.001794826159604822 -0.000234779454156661
232 RADIAL 1057 691 1099.9931944313032 528.5 345.5 -0.003444378508729272 -0.00039218795549100745
221 RADIAL 1029 686 1009.9636385799514 514.5 343.0 0.0 0.0
227 RADIAL 1020 683 1035.2410242707192 510.0 341.5 0.0 0.0
220 RADIAL 971 643 1297.0662290210062 485.5 321.5 0.0 0.0
219 RADIAL 1024 760 1146.2950697182723 512.0 380.0 0.0 0.0
