# Image list with two lines of data per image:
#   IMAGE_ID, QW, QX, QY, QZ, TX, TY, TZ, CAMERA_ID, NAME
#   POINTS2D[] as (X, Y, POINT3D_ID)
# Number of images: 236, mean observations per image: 0.458
217 0.9898063300939314 0.13090199292864738 0.0551569843081905 -0.010286355082141698 -0.07774882989561263 0.008338674175398353 0.35356116020691836 217 image_000217.jpg
 818.242 82.792 0 805.268 88.768 2 718.264 140.395 3 699.535 144.406 4 350.755 158.228 5 318.422 80.031 7 681.548 82.319 8 725.840 140.721 9 288.538 163.068 10 190.721 195.046 11 844.444 72.877 12 229.505 74.541 13 267.079 118.188 15 685.735 119.039 16 741.462 150.495 17 264.206 166.096 18 193.485 190.648 19 818.492 71.784 20 352.214 116.065 21 807.357 84.184 25 807.357 84.184 26 764.777 210.226 27 843.477 79.837 28 814.930 77.764 29 248.529 93.557 30 213.102 147.194 31 304.022 156.752 32
114 0.999986849823125 -0.0007953620695694829 0.005056591667558841 -0.00030004895601983017 -0.011429684005814988 -0.0008064184997492523 -0.0014873089840430301 114 image_000114.jpg
 704.840 501.937 0 136.414 502.889 1 688.541 509.594 2 584.221 566.877 3 567.653 570.676 4 208.004 575.791 5 522.036 488.057 6 178.997 496.864 7 545.097 509.437 8 591.763 567.486 9 139.345 580.097 10 26.801 613.022 11 740.262 489.134 12 84.635 490.130 13 579.788 528.019 14 120.477 533.317 15 552.025 544.136 16 606.780 577.659 17 112.713 583.080 18 30.695 607.108 19 703.518 491.138 20 212.994 532.943 21 142.567 533.184 22 575.695 534.886 23 601.238 578.738 24 692.111 505.166 25 692.111 505.166 26 650.834 636.637 27 739.060 496.825 28 700.460 497.721 29 103.459 507.997 30 58.607 563.156 31 157.090 574.106 32
235 0.9842330258088027 0.009567736909844408 -0.1744075218498735 0.02785347950511924 -0.04326079306107083 -0.05053437813531189 -0.19179330082515067 235 image_000235.jpg
 520.841 290.768 0 496.576 302.472 2 344.698 393.342 3 317.290 395.774 4 259.790 266.033 6 289.420 296.625 8 356.105 395.680 9 569.246 271.206 12 343.380 331.711 14 295.525 352.597 16 379.179 413.037 17 519.622 276.068 20 334.629 342.133 23 370.390 412.845 24 502.176 296.072 25 502.176 296.072 26 431.938 499.053 27 567.918 281.569 28 514.287 285.255 29
224 0.9249532341914898 -0.024499606188210874 0.35963387742525954 -0.12051869571029279 -0.20772761866892817 0.05654591861647304 0.23662259409118136 224 image_000224.jpg
 786.779 463.433 1 894.316 552.879 5 808.632 574.125 10 689.048 637.706 11 724.393 459.816 13 772.959 511.718 15 777.363 583.506 18 691.966 630.533 19 800.508 505.811 22 749.090 480.328 30 712.430 566.111 31 828.489 561.333 32
232 0.9968489860456887 0.0780715920134897 -0.013866082567030669 -0.0021566830842324643 0.08728793894501832 0.02895938100158974 0.2790216610224783 232 image_000232.jpg
 293.231 222.312 1 805.437 294.835 3 787.197 298.692 4 735.626 200.091 6 343.259 215.475 7 813.386 295.231 9 302.635 312.838 10 801.580 249.540 14 771.111 268.990 16 271.973 316.689 18 385.091 258.385 21 303.869 258.977 22 796.539 257.776 23 822.968 306.662 24
221 0.9943563006265465 0.08301800378939057 0.06390666820920482 -0.01671823433413748 0.03982087270973561 0.008838510943370806 0.12636733334313288 221 image_000221.jpg
 388.630 288.979 10 466.772 232.994 21 388.121 235.987 22
227 0.9908774580700644 0.09764090322620474 -0.09287275776955016 0.0016653782730379312 0.1555820916934922 0.0076550496611159785 0.23083682365362787 227 image_000227.jpg

220 0.9845212192021384 0.0887624121401154 0.14787242505465636 -0.03119222395823111 -0.3166106167657043 0.033666558743758304 0.43371052274472127 220 image_000220.jpg

219 0.9915709269346169 0.11289705666960259 -0.0633782617338454 -0.004954236961221979 0.13723750709065605 0.0019494071561761417 0.22824160376536984 219 image_000219.jpg

