# 3D point list with one line of data per point:
#   POINT3D_ID, X, Y, Z, R, G, B, ERROR, TRACK[] as (IMAGE_ID, POINT2D_IDX)
# Number of points: 33, mean track length: 3.27
0 0.3800386531939977 -0.010301634792563956 0.9001723760425964 0 0 0 0.3 114 0 217 0 235 0 
1 -0.34376322585857266 -0.01234064730426742 1.085282769793074 0 0 0 0.26 114 1 224 0 232 0 
2 0.3700310303329927 -0.0016805161855516014 0.9243361914303407 0 0 0 0.44 114 2 217 1 235 1 
3 0.28593508673190726 0.07843356541919921 1.0776007134124665 0 0 0 0.21 114 3 217 2 232 1 235 2 
4 0.258680257222654 0.08128575001406937 1.0592507256077768 0 0 0 0.26 114 4 217 3 232 2 235 3 
5 -0.2334358072732153 0.08793202799579274 1.0434270189136021 0 0 0 0.22 114 5 217 4 224 1 
6 0.21763188417214327 -0.035341545599484665 1.1795225979067478 0 0 0 0.15 114 6 232 3 235 4 
7 -0.28163689916391993 -0.02073603736854519 1.0767550126406766 0 0 0 0.27 114 7 217 5 232 4 
8 0.2344279408596174 -0.002903591314007178 1.0878651836626285 0 0 0 0.52 114 8 217 6 235 5 
9 0.29731155659130803 0.07988030719502562 1.0826710524289382 0 0 0 0.32 114 9 217 7 232 5 235 6 
10 -0.3301417086587154 0.09482691452748537 1.054434954662517 0 0 0 0.47 114 10 217 8 221 0 224 2 232 6 
11 -0.4826067052394488 0.13896197249469017 1.0526917886319695 0 0 0 0.23 114 11 217 9 224 3 
12 0.39885588519584286 -0.023607088187654442 0.8533701282234655 0 0 0 0.1 114 12 217 10 235 7 
13 -0.4223694245387285 -0.03096628809686888 1.0989905340523547 0 0 0 0.35 114 13 217 11 224 4 
14 0.28549691445432035 0.0239715941837745 1.0995268173458272 0 0 0 0.26 114 14 232 7 235 8 
15 -0.3598612156289951 0.030707714919864248 1.0661444802842657 0 0 0 0.13 114 15 217 12 224 5 
16 0.23919437037359462 0.045556654068713925 1.0655280930284095 0 0 0 0.38 114 16 217 13 232 8 235 9 
17 0.32041966682488515 0.09486095841053648 1.0897362885795785 0 0 0 0.36 114 17 217 14 235 10 
18 -0.36748322774717135 0.09910820121943857 1.0563802324092408 0 0 0 0.24 114 18 217 15 224 6 232 9 
19 -0.4780127838832215 0.13207854806045805 1.0540487635730877 0 0 0 0.44 114 19 217 16 224 7 
20 0.382034194475776 -0.022476483430097727 0.9098750188234533 0 0 0 0.35 114 20 217 17 235 11 
21 -0.23003245055426058 0.029769067868012377 1.0564961303072509 0 0 0 0.95 114 21 217 18 221 1 232 10 
22 -0.32916180731957284 0.030618209955919892 1.0670230637372942 0 0 0 0.79 114 22 221 2 224 8 232 11 
23 0.27661317527312934 0.03374695885907084 1.089352660927523 0 0 0 0.17 114 23 232 12 235 12 
24 0.3127399060880477 0.09542120799953285 1.090907718268753 0 0 0 0.21 114 24 232 13 235 13 
25 0.3717820516990234 -0.006810723877112734 0.9181117757022855 0 0 0 0.36 114 25 217 19 235 14 
26 0.3717820516990473 -0.0068107238771139625 0.9181117757023388 0 0 0 0.36 114 26 217 20 235 15 
27 0.330564501401885 0.15218818799227044 0.937845378115841 0 0 0 0.52 114 27 217 21 235 16 
28 0.39801422932991265 -0.015826942228810058 0.8531870745927266 0 0 0 0.41 114 28 217 22 235 17 
29 0.3784177900420487 -0.01516476652448693 0.9103399229584751 0 0 0 0.26 114 29 217 23 235 18 
30 -0.39095434839407034 -0.004443884152624019 1.0860914934684371 0 0 0 0.18 114 30 217 24 224 9 
31 -0.44849590629532304 0.07234481431807414 1.0728945836584036 0 0 0 0.28 114 31 217 25 224 10 
32 -0.30503060669580895 0.08606858320380946 1.052151636085931 0 0 0 0.08 114 32 217 26 224 11 
