# Camera list with one line of data per camera:
#   CAMERA_ID, MODEL, WIDTH, HEIGHT, PARAMS[]
# Number of cameras: 67
1 RADIAL 1059 695 785.6625467560457 529.5 347.5 -0.08684841152257967 0.12248312862881071
73 RADIAL 1067 697 805.0821243944032 533.5 348.5 -0.0590904155074386 0.0981644271109005
181 RADIAL 1010 760 1053.1466955851702 505.0 380.0 -0.022189023320878284 -0.10494162330241702
88 RADIAL 1024 760 683.7587924743165 512.0 380.0 0.014095034291504837 -0.0654816694072398
26 RADIAL 1027 760 1037.661196828465 513.5 380.0 -0.062197395063281674 0.0687378648187127
208 RADIAL 1070 698 767.4802365079071 535.0 349.0 -0.0461689704646723 -0.020556321690777823
81 RADIAL 1026 760 697.274990180283 513.0 380.0 -0.002261447631523079 -0.018411919377361405
65 RADIAL 1041 760 988.8241720954935 520.5 380.0 -0.004290692859169234 -0.0633682630930379
67 RADIAL 1022 760 1059.0157085323735 511.0 380.0 -0.017497383919779074 0.07805773001326409
97 RADIAL 1024 760 1057.3537888331468 512.0 380.0 -0.014134052192218074 -0.005192228027880163
138 RADIAL 1057 689 775.2746027493189 528.5 344.5 -0.017560532917920972 -0.0038377961066387903
111 RADIAL 1043 690 1177.0025440736877 521.5 345.0 -0.02460021953453588 -0.009650407898114098
89 RADIAL 1032 760 813.6344318095189 516.0 380.0 -0.03943377454852505 0.0658252518412992
190 RADIAL 1030 760 1015.4753527717538 515.0 380.0 -0.039227371066216 -0.031539201149858934
197 RADIAL 1029 760 1070.863196320048 514.5 380.0 -0.027905982142055936 0.03419429361650437
147 RADIAL 1027 760 1015.4569337812369 513.5 380.0 -0.052867396393394314 0.09114144095273745
54 RADIAL 1030 760 1092.6969855066723 515.0 380.0 -0.013302518550082057 0.004242522176875138
25 RADIAL 1025 760 1113.7942180733987 512.5 380.0 -0.022372251011478547 -0.005505900655236765
227 RADIAL 1020 683 1035.3329554977142 510.0 341.5 -0.02531196036088076 0.00836910535116371
69 RADIAL 1056 689 808.643350939607 528.0 344.5 -0.006602550145994851 0.003037944154832969
71 RADIAL 1033 760 1069.2191584853845 516.5 380.0 -0.03501915199677706 0.08652978157757851
103 RADIAL 1026 760 1128.3189585742198 513.0 380.0 -0.003530117512816868 0.0015352997763179617
199 RADIAL 612 454 645.0907364044295 306.0 227.0 -0.01686526805905971 0.03585486933973994
232 RADIAL 1057 691 1097.1733953388061 528.5 345.5 -0.03490949039852911 0.09073638944121291
152 RADIAL 1021 677 1026.4946567181776 510.5 338.5 -0.012123206419464704 -0.003905103803526831
222 RADIAL 1023 760 1032.1051379143273 511.5 380.0 -0.018723980201201442 0.039985090139117635
198 RADIAL 613 454 642.4970916397759 306.5 227.0 -0.014378378609464861 0.03011289541285418
217 RADIAL 975 563 979.2738031759775 487.5 281.5 -0.057507733407630185 -0.018368090282486368
28 RADIAL 1049 689 826.1108782696407 524.5 344.5 -0.02952580160686095 0.05293646321336474
175 RADIAL 760 760 1032.8776687661775 380.0 380.0 0.00815492226467142 -0.018225760874472453
61 RADIAL 1039 686 1205.6379040278837 519.5 343.0 -0.005687973526524282 0.022320435997316024
200 RADIAL 1064 696 807.076314930982 532.0 348.0 -0.06907585430182184 0.13629078245602938
219 RADIAL 1024 760 1417.2440577007997 512.0 380.0 0.10141415963418203 -0.8168873103082754
91 RADIAL 1024 760 1142.2033854918238 512.0 380.0 0.03035676426185067 -0.08420052821139762
105 RADIAL 1029 683 1398.276648565377 514.5 341.5 -0.010037763219546554 0.02350645906989686
234 RADIAL 1031 760 820.4522676824204 515.5 380.0 -0.05873770819747067 0.13360960488698936
235 RADIAL 1028 760 1041.5236935189953 514.0 380.0 -0.019859532644429183 0.059551456324282624
124 RADIAL 1022 760 865.0434264457114 511.0 380.0 -0.021007072554960968 0.03968269017685374
162 RADIAL 1033 760 1031.2543489634436 516.5 380.0 0.01692737771780428 -0.005862440291594971
64 RADIAL 1058 689 774.6901050867888 529.0 344.5 -0.0030357861070219464 -8.837727338341634e-05
163 RADIAL 1031 760 1056.271863438111 515.5 380.0 -0.006020924363173075 0.04618026256528697
52 RADIAL 1028 760 960.8243463026301 514.0 380.0 -0.005728829891593865 0.053004080205392386
93 RADIAL 1047 579 663.583289558278 523.5 289.5 0.017393590067529587 -0.02246746008113011
129 RADIAL 1032 684 719.685020203646 516.0 342.0 -0.04750769788766679 -0.005202336144209558
136 RADIAL 1021 683 2225.4349151832375 510.5 341.5 -0.005348499428078553 0.0013571725757004801
182 RADIAL 1007 756 977.3283473107521 503.5 378.0 0.07022602300396502 -0.20965782068036343
165 RADIAL 1028 760 1044.0154285022131 514.0 380.0 -0.02154914272874603 0.06911200115550967
107 RADIAL 1016 571 741.5990649911494 508.0 285.5 0.00036196546670289633 0.013688690579965248
14 RADIAL 1028 760 1029.5183096859419 514.0 380.0 -0.018202842338693626 0.015426824882390834
100 RADIAL 1028 760 692.8477002367903 514.0 380.0 -0.016764648726935946 -0.007508282929862497
76 RADIAL 1023 760 675.9884035109437 511.5 380.0 -0.0113723488669782 -0.006800692204281593
74 RADIAL 1057 580 1065.233280204345 528.5 290.0 0.007701454342534889 0.014815963178131495
170 RADIAL 1030 760 1154.5618016888784 515.0 380.0 0.005057287761578328 0.0028539066787051297
48 RADIAL 818 606 824.3208668563564 409.0 303.0 -0.00017714465779071793 -0.0007636470892021217
82 RADIAL 1026 676 1576.2457959406815 513.0 338.0 -0.0010566119227026205 0.0012540642222957567
51 RADIAL 815 605 875.45624525405 407.5 302.5 -0.011606612507417586 -0.0027253354606190457
184 RADIAL 1021 760 1271.033925024971 510.5 380.0 0.0001783681484487498 -0.010524924109403738
62 RADIAL 1015 760 1427.468916694592 507.5 380.0 0.008272261631055905 -5.227044116616902e-05
120 RADIAL 1022 760 1062.051124825936 511.0 380.0 -0.0066902679504155195 -0.0007746897544281176
35 RADIAL 986 660 1422.1477425648031 493.0 330.0 -0.046504771835173334 0.0013031344040305675
112 RADIAL 1016 760 2340.9192322112954 508.0 380.0 -0.011161679416025885 -0.0024104080949994026
141 RADIAL 1065 651 928.9213470460794 532.5 325.5 -0.0028399115781806705 0.0036109972422378248
153 RADIAL 1025 760 1095.3020414253242 512.5 380.0 0.026319787926466033 0.009123147088243473
104 RADIAL 1030 684 1236.0 515.0 342.0 0.0 0.0
66 RADIAL 1021 760 1060.8517852624507 510.5 380.0 0.0 0.0
123 RADIAL 1030 693 1428.052082939657 515.0 346.5 0.0 0.0
207 RADIAL 1033 683 1239.6 516.5 341.5 0.0 0.0
