# Camera list with one line of data per camera:
#   CAMERA_ID, MODEL, WIDTH, HEIGHT, PARAMS[]
# Number of cameras: 131
232 RADIAL 1057 691 1108.7521038624004 528.5 345.5 -0.04486683283918002 0.15740449949138943
179 RADIAL 1026 680 1372.6884886995474 513.0 340.0 -0.016809862595711152 0.013036114834644627
53 RADIAL 1023 760 1091.2223036907792 511.5 380.0 -0.054866592445109455 0.2301407430894678
128 RADIAL 1025 760 1033.5702095433496 512.5 380.0 -0.05755148964166368 0.18929876894150838
17 RADIAL 1019 760 1142.9012949986754 509.5 380.0 -0.029186109678118265 0.09793826828012744
126 RADIAL 1037 760 1131.6037437897055 518.5 380.0 -0.02404559960396971 0.11855185564587017
63 RADIAL 1023 760 1029.1427447044248 511.5 380.0 -0.039990740862922425 0.08906591265288404
221 RADIAL 1029 686 1031.4690107516753 514.5 343.0 -0.07098571683965668 0.21689981403857436
96 RADIAL 1024 760 1046.7386624581945 512.0 380.0 0.03423859739806701 -0.1506830749338344
0 RADIAL 1067 697 813.0615405351722 533.5 348.5 -0.08571584507892512 0.1792411354450199
2 RADIAL 1024 575 1174.1176311418521 512.0 287.5 -0.008452591675232718 0.03191089069345202
172 RADIAL 1020 760 1000.0777402002299 510.0 380.0 -0.008044080887553427 0.07216719217664432
148 RADIAL 1015 760 1581.680599448815 507.5 380.0 -0.01800593192502327 0.11740289664016307
157 RADIAL 1018 760 1560.654297041931 509.0 380.0 -0.02532034173938637 0.1571669807013021
159 RADIAL 1023 760 1042.494151660444 511.5 380.0 -0.02654708299941425 0.07247625695724356
103 RADIAL 1026 760 1125.2451596396827 513.0 380.0 0.004380053705652817 -0.0549431672101168
61 RADIAL 1039 686 1192.210058121201 519.5 343.0 0.013573074854948951 -0.08768142956709017
118 RADIAL 1032 760 1124.5339330981637 516.0 380.0 -0.09888623569218735 0.39959353189952734
3 RADIAL 687 1042 1096.0307240619595 343.5 521.0 -0.006612578914173559 -0.03420968506682574
138 RADIAL 1057 689 782.6051573622283 528.5 344.5 -0.008508761917495557 -0.0005381745203758786
142 RADIAL 689 1050 853.5060388478216 344.5 525.0 -0.04814795273737116 0.09054584917298299
42 RADIAL 1057 691 778.5841831388673 528.5 345.5 -0.027756010902460916 0.08427027085532394
190 RADIAL 1030 760 1060.982864358427 515.0 380.0 -0.00816644896491305 0.013003255899522139
65 RADIAL 1041 760 1002.4341872017277 520.5 380.0 0.012517846235386442 -0.09733629238277726
67 RADIAL 1022 760 1076.6849909921173 511.0 380.0 -0.04760220665442633 0.2351539045586338
71 RADIAL 1033 760 1080.968248018242 516.5 380.0 -0.04542712003645711 0.12852247282680324
73 RADIAL 1067 697 804.9532930484777 533.5 348.5 -0.07341272715456713 0.11673262246107806
219 RADIAL 1024 760 1144.438156689777 512.0 380.0 0.03962686842408597 -0.16222804250901068
227 RADIAL 1020 683 1046.8972510369317 510.0 341.5 -0.06862555052308895 0.201022873568495
229 RADIAL 1016 760 1107.0569196263916 508.0 380.0 -0.019333524423029824 -0.027102411060162684
163 RADIAL 1031 760 1046.963831780254 515.5 380.0 -0.04235336660492986 0.15447967033234802
165 RADIAL 1028 760 1048.247306990467 514.0 380.0 -0.028331288386946908 0.10102605154284484
197 RADIAL 1029 760 1073.2064867416998 514.5 380.0 -0.06651596067307906 0.18735946958375804
184 RADIAL 1021 760 1275.781764021889 510.5 380.0 -0.007738750930182527 0.03187380307965701
141 RADIAL 1065 651 930.3225180266153 532.5 325.5 -0.04742494610195048 0.11890990619452478
235 RADIAL 1028 760 1047.3488771866666 514.0 380.0 -0.030089903566427975 0.10806029028837519
41 RADIAL 1022 679 1661.3624387567509 511.0 339.5 -0.009697992640484007 -0.022340181504600577
234 RADIAL 1031 760 807.3619266375148 515.5 380.0 -0.08742581818129519 0.1604486857043095
222 RADIAL 1023 760 1040.4397538038277 511.5 380.0 -0.021951553331674086 0.05396376407488828
4 RADIAL 995 666 1713.4005736845725 497.5 333.0 -0.013766785568847124 0.19021116626563708
11 RADIAL 1014 760 1849.7138578442375 507.0 380.0 0.0017889900647167602 -0.13116369336098488
146 RADIAL 1031 760 1076.6726218183828 515.5 380.0 -0.03339082531150188 0.10981796748609113
29 RADIAL 1023 760 1108.2809458841828 511.5 380.0 -0.062487214295816065 0.17456967314728458
158 RADIAL 1013 757 1028.1938231974127 506.5 378.5 0.010912218105152202 -0.0740570126257316
162 RADIAL 1033 760 1015.4556248817762 516.5 380.0 0.0152906806558891 0.001854114421239157
164 RADIAL 1033 760 1086.0546610298275 516.5 380.0 0.0010715056634081595 -0.00665662884668477
40 RADIAL 1023 760 927.1824242923174 511.5 380.0 -0.0048163726710509815 0.04847711673028116
50 RADIAL 1015 760 1131.7187321341155 507.5 380.0 -0.007753050459490093 0.026767218746999645
185 RADIAL 1022 760 1064.9104620033372 511.0 380.0 -0.007558094957872456 -0.00020203573425965632
60 RADIAL 1015 760 1787.2066950560813 507.5 380.0 -0.004423283525153394 -0.013260480673898388
204 RADIAL 1021 760 1162.7835456070463 510.5 380.0 0.0023388537646893276 -0.08337550427867839
213 RADIAL 1024 628 1991.0928628083655 512.0 314.0 0.003013419391505692 -0.018954364802455707
89 RADIAL 1032 760 821.3673898666839 516.0 380.0 -0.06827454369119615 0.14139795141967307
224 RADIAL 1019 760 1285.0893277858859 509.5 380.0 -0.03552568502571934 0.08699577266793974
111 RADIAL 1043 690 1188.165698433705 521.5 345.0 -0.0013800977587583555 -0.02786575533243261
92 RADIAL 1031 760 790.236811050036 515.5 380.0 -0.030492154198190166 0.06439748650810444
127 RADIAL 1014 758 1971.1639036488689 507.0 379.0 -0.01225453176147937 -0.006313022046310593
199 RADIAL 612 454 651.8900834640702 306.0 227.0 -0.039685709316757044 0.08809994415268085
43 RADIAL 1026 760 1028.673472765532 513.0 380.0 0.22175375971920447 -1.6014506866155431
12 RADIAL 1023 760 1229.6797412321307 511.5 380.0 -0.1078303068495531 0.7333085607922015
25 RADIAL 1025 760 1144.3791443724476 512.5 380.0 -0.026078835545138058 0.01041231270328265
26 RADIAL 1027 760 1064.1716172335296 513.5 380.0 -0.06281872963841932 0.17551971602551156
1 RADIAL 1059 695 814.2560972820354 529.5 347.5 -0.09642714983496727 0.17064240916840037
147 RADIAL 1027 760 1029.116118780456 513.5 380.0 -0.06737480489536106 0.16107445735816872
152 RADIAL 1021 677 1027.199626262871 510.5 338.5 -0.021965852096353017 0.014176517789489812
54 RADIAL 1030 760 1095.1769110830085 515.0 380.0 -0.03239010380964002 0.04899563316241941
97 RADIAL 1024 760 1058.6526095411223 512.0 380.0 -0.0322610515905744 0.04261866502854866
33 RADIAL 1026 650 2301.718600112396 513.0 325.0 -0.0004055349922328335 -0.008388876878350078
110 RADIAL 1015 760 1775.2729393732382 507.5 380.0 0.0028246527527390113 -0.025100267971349743
113 RADIAL 1014 760 1628.7588473693115 507.0 380.0 -0.029764293728423295 0.08603166163306337
176 RADIAL 1022 760 1191.361838182905 511.0 380.0 0.056753345119480936 -0.29753484807368524
15 RADIAL 1024 760 1068.2651236820527 512.0 380.0 -0.06591326346180233 -0.024159523299268768
196 RADIAL 1051 690 1140.1648224115363 525.5 345.0 -0.005105649330085572 0.03175538368022978
209 RADIAL 1069 694 865.3445073337558 534.5 347.0 -0.050946725304898154 0.10144229543961514
13 RADIAL 1027 760 1078.770031039027 513.5 380.0 -0.018287571570777223 0.03748637229226659
19 RADIAL 1050 692 1020.5638687626898 525.0 346.0 -0.0351767838803477 0.1289410920853735
28 RADIAL 1049 689 820.3980685112606 524.5 344.5 -0.03017645141985445 0.053275782626726095
38 RADIAL 1018 760 1554.6507214609412 509.0 380.0 -0.009269225519203202 0.0314839643367477
200 RADIAL 1064 696 805.4142378323904 532.0 348.0 -0.07400790790701174 0.14289816835044847
214 RADIAL 1028 760 1088.8772863984395 514.0 380.0 -0.029223447392617508 0.05220690945566921
98 RADIAL 1020 760 740.6261968290069 510.0 380.0 -0.04133676710449795 0.07391475502626456
109 RADIAL 1026 760 1058.5364997073107 513.0 380.0 -0.07256957894841445 0.3052060553021902
124 RADIAL 1022 760 856.279870008229 511.0 380.0 -0.024915727347260126 0.05186290881504582
21 RADIAL 1003 667 951.6555000999126 501.5 333.5 -0.022083637897647584 0.04331504269087875
52 RADIAL 1028 760 952.1021610775086 514.0 380.0 -0.031948860411119454 0.10207067749038934
77 RADIAL 1066 693 826.2934512952303 533.0 346.5 -0.044201323034181214 0.10886669770256596
85 RADIAL 1068 694 860.1528203759948 534.0 347.0 -0.04522382625839522 0.11465007442347774
16 RADIAL 1032 684 1533.9992519927016 516.0 342.0 -0.006524134936413235 0.004488974033492262
112 RADIAL 1016 760 2325.54126111517 508.0 380.0 0.008395213852265493 -0.014138517990687329
114 RADIAL 760 1021 754.5507711148922 380.0 510.5 0.03184570682391504 -0.08197692690629098
182 RADIAL 1007 756 969.6411287583386 503.5 378.0 0.08394627672786481 -0.2625349793404763
14 RADIAL 1028 760 1025.9865917222733 514.0 380.0 -0.03591290854915124 0.07566364253965749
69 RADIAL 1056 689 805.0703406885718 528.0 344.5 -0.018705138812645843 0.020758196058928095
217 RADIAL 975 563 974.4546927890004 487.5 281.5 -0.0785214752180474 -0.023490061310356258
44 RADIAL 1035 578 761.0549810377387 517.5 289.0 -0.014822754464244107 0.02955948882071612
135 RADIAL 760 1026 692.5866965711606 380.0 513.0 -0.018964582602148426 -0.0016328489857126325
136 RADIAL 1021 683 2229.5456800040306 510.5 341.5 0.02451899986553423 0.014655896377202408
27 RADIAL 1018 760 1000.8938353754779 509.0 380.0 0.08347593450126835 -0.17553613272006705
39 RADIAL 1023 760 1212.9608795528277 511.5 380.0 -0.052739007992655774 0.21543146542838829
187 RADIAL 1031 760 802.5525051137145 515.5 380.0 -0.06679997131813732 0.14992936116045752
220 RADIAL 971 643 1300.3771758602547 485.5 321.5 -0.027946264240316668 0.04974458328020163
32 RADIAL 988 741 770.7492689946021 494.0 370.5 0.039576092409678305 -0.08397532923345817
36 RADIAL 1021 760 826.2857479005269 510.5 380.0 -0.042997701600330916 0.10211912874475376
62 RADIAL 1015 760 1425.72087654282 507.5 380.0 -0.004341379958369224 0.02962182810622196
9 RADIAL 1028 685 822.5921034392029 514.0 342.5 0.005774512683812726 -0.021660411583091347
93 RADIAL 1047 579 662.1825886755214 523.5 289.5 0.00765814068279461 -0.011024429167184453
194 RADIAL 1009 670 1501.9842287426206 504.5 335.0 -0.035393468518437936 0.1048535653154434
105 RADIAL 1029 683 1391.6260627965796 514.5 341.5 -0.02649689093051462 0.09738718870602944
35 RADIAL 986 660 1389.822538671586 493.0 330.0 -0.005862417664317656 0.04316457817879173
181 RADIAL 1010 760 1071.1444006037862 505.0 380.0 0.19308122648999246 -1.0240796051493999
56 RADIAL 1028 683 687.4635768331113 514.0 341.5 0.0029516249564767987 -0.012408693895806752
91 RADIAL 1024 760 1136.4381814203555 512.0 380.0 0.04689545585546653 -0.1374418982149484
107 RADIAL 1016 571 732.4065683194751 508.0 285.5 0.004995190808629167 -0.016020999303361393
231 RADIAL 1019 760 1143.623657059503 509.5 380.0 0.017646483307523 -0.0357403472895854
175 RADIAL 760 760 1013.9713085823695 380.0 380.0 0.02764999281237498 -0.08889226628521804
82 RADIAL 1026 676 1575.920813116558 513.0 338.0 -0.027632442974637714 -0.00487892109343355
198 RADIAL 613 454 649.903927988782 306.5 227.0 -0.022777990577804164 0.04848772272371308
76 RADIAL 1023 760 698.2352891583115 511.5 380.0 0.005349136700372057 -0.022005779119386514
88 RADIAL 1024 760 698.7956816590172 512.0 380.0 0.0009272071532493819 -0.01515225104727492
201 RADIAL 1022 760 1491.2155521248496 511.0 380.0 -0.004354300117722031 0.07839594703458244
208 RADIAL 1070 698 788.6174475917319 535.0 349.0 -0.07588059451799847 0.11426433255458027
20 RADIAL 1062 690 839.2985259687911 531.0 345.0 -0.06619769747963268 0.09136338792014069
81 RADIAL 1026 760 705.0912688899632 513.0 380.0 0.009503562680629718 -0.04604563926443484
129 RADIAL 1032 684 720.5662481129815 516.0 342.0 -0.04575455338262721 0.004984695953787489
134 RADIAL 1009 760 1077.363592757675 504.5 380.0 -0.03172816611004542 0.0023347694777331803
223 RADIAL 1199 556 843.7464972931695 599.5 278.0 0.0019130077806184384 -0.0005535103832563226
120 RADIAL 1022 760 1074.4069941506718 511.0 380.0 0.04619660842982618 0.0013223993907053976
188 RADIAL 1057 691 1659.33910654175 528.5 345.5 -0.0016575959607988788 -9.369472563881802e-06
100 RADIAL 1028 760 694.2366303048218 514.0 380.0 -0.026570567504348865 0.01916531557364109
64 RADIAL 1058 689 783.1534558471758 529.0 344.5 -0.03759041928916322 0.04371274081761808
206 RADIAL 781 595 850.7802961611849 390.5 297.5 0.0 0.0
