# 3D point list with one line of data per point:
#   POINT3D_ID, X, Y, Z, R, G, B, ERROR, TRACK[] as (IMAGE_ID, POINT2D_IDX)
# Number of points: 696, mean track length: 7.34
0 -0.0017865233324712581 -0.12960689838764622 0.999160009369542 0 0 0 0.32 2 0 4 0 9 0 13 0 39 0 85 0 92 0 93 0 98 0 109 0 113 0 124 0 146 0 157 0 176 0 200 0 214 0 
1 0.09579809723886934 -0.11169362923901388 0.9946543017468398 0 0 0 0.23 2 1 4 1 28 0 39 1 44 0 93 1 112 0 135 0 
2 0.1817853196045774 -0.11116492325783871 0.9934657043706716 0 0 0 0.25 2 2 38 0 39 2 124 1 146 1 157 1 172 0 176 1 
3 0.136068016396537 -0.09656577193269482 0.9876421804171501 0 0 0 0.25 2 3 32 0 36 0 39 3 112 1 146 2 200 1 214 1 
4 0.14020166577600843 -0.095143472629999 0.9854896608226332 0 0 0 0.3 2 4 32 1 39 4 61 0 92 1 93 2 98 1 124 2 157 2 158 0 175 0 194 0 200 2 213 0 
5 -0.08463165860735052 -0.08667245484560095 1.0050395293621188 0 0 0 0.34 2 5 11 0 16 0 28 1 36 1 38 1 39 5 50 0 77 0 85 1 98 2 118 0 136 0 148 0 164 0 176 2 185 0 194 1 213 1 
6 0.11172893760676902 -0.08298977789984419 0.9884658387387628 0 0 0 0.2 2 6 4 2 9 1 11 1 13 1 16 1 19 0 28 2 33 0 38 2 39 6 44 1 50 1 77 1 85 2 92 2 93 3 98 3 109 1 110 0 112 2 124 3 135 1 146 3 148 1 157 3 159 0 164 1 175 1 176 3 185 1 187 0 194 2 196 0 200 3 213 2 214 2 
7 -0.09976229470781536 -0.0843624648916227 1.0064204388403613 0 0 0 0.24 2 7 39 7 60 0 61 1 92 3 124 4 146 4 148 2 164 2 185 2 213 3 
8 -0.08521162562777966 -0.08406141514183273 1.0046552801164286 0 0 0 0.18 2 8 4 3 9 2 11 2 13 2 16 2 28 3 32 2 33 1 38 3 39 8 44 2 50 2 61 2 77 2 85 3 92 4 93 4 109 2 110 1 112 3 113 1 124 5 136 1 148 3 157 4 159 1 164 3 185 3 194 3 196 1 200 4 213 4 214 3 
9 0.1248502957312502 -0.08260461521848292 0.9873728227726002 0 0 0 0.25 2 9 4 4 36 2 39 9 85 4 92 5 93 5 124 6 135 2 148 4 175 2 200 5 
10 0.1433571515052794 -0.08249749167249401 0.986552772608636 0 0 0 0.32 2 10 9 3 16 3 28 4 32 3 33 2 38 4 39 10 44 3 50 3 93 6 98 4 109 3 112 4 124 7 135 3 146 5 157 5 175 3 187 1 200 6 213 5 214 4 
11 -0.10479389814982092 -0.08398755210396353 1.0078287624422888 0 0 0 0.15 2 11 4 5 9 4 13 3 16 4 19 1 32 4 33 3 39 11 44 4 50 4 61 3 77 3 92 6 93 7 109 4 118 1 124 8 135 4 146 6 157 6 158 1 164 4 185 4 200 7 213 6 214 5 
12 -0.1406069351024322 -0.08410641091225322 1.0144067990515195 0 0 0 0.3 2 12 4 6 9 5 16 5 38 5 39 12 44 5 50 5 60 1 77 4 98 5 124 9 146 7 148 5 157 7 164 5 176 4 200 8 213 7 
13 -0.12385128666194659 -0.08416975270727976 1.0110947210435495 0 0 0 0.28 2 13 13 4 32 5 38 6 39 13 44 6 50 6 92 7 93 8 98 6 109 5 110 2 113 2 124 10 146 8 148 6 157 8 164 6 176 5 200 9 204 0 214 6 
14 -0.12797933545578133 -0.08365890445851373 1.0119068701758287 0 0 0 0.17 2 14 9 6 13 5 16 6 32 6 38 7 39 14 44 7 60 2 93 9 98 7 110 3 113 3 124 11 136 2 146 9 148 7 162 0 200 10 214 7 
15 0.22890065323491854 -0.08122243533593436 0.9857158499366148 0 0 0 0.24 2 15 4 7 9 7 11 3 13 6 19 2 28 5 32 7 33 4 39 15 44 8 50 7 77 5 92 8 93 10 98 8 110 4 112 5 124 12 135 5 136 3 146 10 148 8 157 9 164 7 172 1 175 4 176 6 187 2 196 2 200 11 213 8 214 8 
16 0.23869037624605155 -0.08105599976852365 0.9854433193773213 0 0 0 0.33 2 16 13 7 33 5 39 16 93 11 98 9 112 6 124 13 146 11 148 9 157 10 175 5 200 12 214 9 
17 -0.15001061252779163 -0.08364201992691885 1.0158314913771394 0 0 0 0.17 2 17 4 8 9 8 13 8 19 3 28 6 32 8 33 6 36 3 38 8 39 17 44 9 50 8 60 3 61 4 77 6 85 5 93 12 98 10 110 5 113 4 124 14 148 10 157 11 158 2 162 1 164 8 200 13 
18 -0.08713568114063147 -0.08208194629861212 1.0044385522211317 0 0 0 0.22 2 18 4 9 16 7 33 7 38 9 39 18 50 9 77 7 92 9 93 13 98 11 124 15 135 6 148 11 157 12 164 9 176 7 196 3 200 14 214 10 
19 -0.1742295051893153 -0.0834903864043706 1.0200507022752587 0 0 0 0.25 2 19 4 10 11 4 13 9 19 4 28 7 29 0 32 9 33 8 36 4 39 19 44 10 50 10 77 8 85 6 93 14 98 12 109 6 110 6 113 5 118 2 124 16 146 12 148 12 157 13 158 3 159 2 162 2 164 10 176 8 185 5 196 4 200 15 204 1 213 9 219 0 232 0 
20 0.018703813351889045 -0.080987802544397 0.9921182536845198 0 0 0 0.16 2 20 4 11 9 9 11 5 13 10 19 5 28 8 32 10 33 9 36 5 39 20 44 11 50 11 85 7 93 15 98 13 110 7 112 7 113 6 118 3 124 17 135 7 146 13 157 14 158 4 176 9 187 3 194 4 200 16 
21 -0.19308817726816602 -0.08311119951843308 1.0235039361579192 0 0 0 0.29 2 21 4 12 9 10 13 11 19 6 28 9 32 11 33 10 36 6 39 21 44 12 50 12 92 10 93 16 98 14 110 8 113 7 124 18 146 14 148 13 157 15 158 5 176 10 200 17 213 10 
22 -0.13316217429584937 -0.08173668537450389 1.0126242452394787 0 0 0 0.27 2 22 4 13 11 6 16 8 19 7 38 10 39 22 44 13 60 4 85 8 92 11 98 15 109 7 113 8 124 19 146 15 157 16 158 6 162 3 200 18 213 11 
23 -0.1293609830095013 -0.08147415438765343 1.0115402211750257 0 0 0 0.29 2 23 13 12 16 9 19 8 33 11 39 23 44 14 50 13 61 5 85 9 92 12 93 17 109 8 110 9 124 20 135 8 136 4 146 16 157 17 158 7 196 5 200 19 214 11 
24 -0.01185273091680311 -0.0659962750868087 0.9990478103155906 0 0 0 0.29 2 24 39 24 44 15 60 5 
25 -0.011791470215092538 -0.06602750333630462 0.9988124727858648 0 0 0 0.35 2 25 39 25 44 16 50 14 60 6 157 18 
26 -0.07416808413752683 -0.029309764708943586 0.9945017937473767 0 0 0 0.23 2 26 4 14 36 7 39 26 44 17 50 15 60 7 92 13 93 18 98 16 110 10 113 9 124 21 135 9 136 5 157 19 159 3 164 11 194 5 200 20 214 12 
27 -0.0890884611522524 -0.028969481330238616 0.9976343929989783 0 0 0 0.16 2 27 4 15 33 12 39 27 44 18 60 8 92 14 98 17 110 11 113 10 124 22 135 10 148 14 157 20 164 12 200 21 214 13 231 0 
28 0.09655874637845473 -0.024487078970201318 0.9817344946034181 0 0 0 0.2 2 28 39 28 60 9 146 17 231 1 
29 0.08237443528197849 -0.024388314000293707 0.9843377573646641 0 0 0 0.36 2 29 39 29 157 21 213 12 
30 0.08232631108461577 -0.024332606625731737 0.9841684020307432 0 0 0 0.41 2 30 39 30 213 13 
31 0.09661899950183628 -0.021325221909141073 0.9813737813031724 0 0 0 0.1 2 31 9 11 39 31 124 23 214 14 
32 0.032813620618629497 0.05601115043370816 0.9666667357738034 0 0 0 0.31 2 32 32 12 39 32 44 19 92 15 98 18 124 24 157 22 164 13 175 6 200 22 
33 -0.038483318090415185 0.06019444132584854 0.9746069337450364 0 0 0 0.12 2 33 32 13 39 33 124 25 
34 -0.005235803674148825 -0.13086666330394098 0.9986343664284422 0 0 0 0.31 2 34 4 16 9 12 13 13 16 10 19 9 28 10 32 14 36 8 39 34 44 20 50 16 60 10 61 6 77 9 85 10 92 16 98 19 109 9 112 8 124 26 146 18 157 23 176 11 200 23 204 2 214 15 219 1 
35 -0.0011687967970871573 -0.12743677268711479 1.0005755536704588 0 0 0 0.26 2 35 4 17 9 13 16 11 19 10 28 11 29 1 32 15 33 13 36 9 38 11 39 35 44 21 50 17 53 0 60 11 61 7 71 0 77 10 85 11 92 17 98 20 109 10 112 9 113 11 124 27 136 6 146 19 148 15 157 24 158 8 159 4 172 2 176 12 185 6 200 24 204 3 213 14 214 16 
36 0.07776591830558717 -0.1270605130531799 0.9970432278556585 0 0 0 0.26 2 36 4 18 9 14 11 7 16 12 28 12 29 2 32 16 33 14 36 10 38 12 39 36 44 22 50 18 60 12 61 8 77 11 85 12 92 18 98 21 109 11 110 12 112 10 118 4 124 28 135 11 146 20 148 16 157 25 159 5 164 14 172 3 176 13 185 7 187 4 196 6 200 25 204 4 213 15 214 17 
37 0.11234270824903847 -0.11212044511976575 0.9932482446442372 0 0 0 0.38 2 37 4 19 16 13 38 13 39 37 44 23 53 1 164 15 176 14 
38 0.12042945762487156 -0.09957961336880732 0.9919546320120336 0 0 0 0.29 2 38 4 20 9 15 11 8 16 14 19 11 28 13 29 3 33 15 38 14 39 38 44 24 50 19 60 13 61 9 77 12 85 13 92 19 93 19 110 13 112 11 118 5 124 29 135 12 146 21 148 17 157 26 159 6 162 4 164 16 172 4 176 15 185 8 187 5 194 6 196 7 213 16 214 18 
39 0.13876089065389605 -0.08613822403846222 0.9882626566400491 0 0 0 0.22 2 39 4 21 9 16 11 9 13 14 16 15 28 14 32 17 33 16 39 39 44 25 50 20 61 10 77 13 92 20 93 20 98 22 112 12 118 6 124 30 135 13 146 22 157 27 158 9 164 17 175 7 176 16 185 9 187 6 196 8 200 26 204 5 213 17 214 19 232 1 
40 0.19103637593489184 -0.08170208256895659 0.9867322350733551 0 0 0 0.27 2 40 13 15 28 15 29 4 38 15 39 40 44 26 92 21 93 21 118 7 124 31 136 7 146 23 157 28 162 5 164 18 172 5 175 8 176 17 204 6 213 18 214 20 219 2 234 0 
41 -0.07092322452415012 -0.08153160345802334 0.9995579592077588 0 0 0 0.55 2 41 4 22 9 17 32 18 39 41 158 10 172 6 200 27 214 21 232 2 
42 -0.07533209862695009 -0.0816749458409064 1.0017598267097605 0 0 0 0.31 2 42 11 10 13 16 32 19 33 17 39 42 50 21 77 14 98 23 113 12 124 32 135 14 157 29 158 11 162 6 176 18 200 28 204 7 232 3 
43 0.12300005747401946 -0.08047012803155562 0.9874678670124297 0 0 0 0.18 2 43 4 23 9 18 11 11 13 17 16 16 28 16 33 18 36 11 39 43 44 27 50 22 77 15 85 14 92 22 93 22 98 24 109 12 112 13 124 33 135 15 146 24 148 18 157 30 175 9 176 19 187 7 200 29 
44 0.12299599882951676 -0.08046890113546104 0.9874656460003332 0 0 0 0.18 2 44 4 24 9 19 11 12 13 18 16 17 28 17 33 19 36 12 39 44 44 28 50 23 77 16 85 15 92 23 93 23 98 25 109 13 112 14 124 34 146 25 148 19 157 31 175 10 176 20 187 8 200 30 
45 -0.11858880664049697 -0.08164080311678526 1.0097040759524245 0 0 0 0.2 2 45 4 25 9 20 13 19 19 12 28 18 32 20 33 20 39 45 50 24 53 2 60 14 61 11 92 24 124 35 146 26 148 20 158 12 164 19 196 9 200 31 213 19 214 22 
46 -0.11863533528756194 -0.08164894936098702 1.0097244371915772 0 0 0 0.21 2 46 4 26 9 21 13 20 19 13 28 19 39 46 50 25 53 3 60 15 61 12 113 13 124 36 136 8 146 27 148 21 157 32 176 21 196 10 200 32 213 20 214 23 
47 -0.12500657018236222 -0.08148097988488952 1.0107389098146597 0 0 0 0.2 2 47 4 27 11 13 13 21 16 18 19 14 29 5 32 21 39 47 44 29 50 26 60 16 61 13 77 17 85 16 92 25 109 14 110 14 113 14 118 8 124 37 136 9 146 28 157 33 159 7 162 7 164 20 176 22 196 11 200 33 204 8 213 21 214 24 
48 -0.12501210507951646 -0.08148578815852266 1.0106835937246301 0 0 0 0.2 2 48 4 28 9 22 11 14 13 22 16 19 19 15 32 22 39 48 44 30 50 27 53 4 60 17 61 14 77 18 85 17 92 26 93 24 109 15 110 15 113 15 118 9 124 38 135 16 136 10 146 29 157 34 164 21 176 23 200 34 213 22 214 25 
49 -0.16407968604759085 -0.08134502516560302 1.0174341319679485 0 0 0 0.26 2 49 4 29 9 23 13 23 19 16 32 23 38 16 39 49 60 18 77 19 92 27 109 16 110 16 113 16 124 39 146 30 148 22 157 35 158 13 162 8 164 22 172 7 176 24 200 35 
50 -0.19504328964842615 -0.08071268031062463 1.0229065741161227 0 0 0 0.2 2 50 11 15 32 24 36 13 39 50 44 31 50 28 92 28 118 10 124 40 200 36 
51 0.22866835964139565 -0.0742763579518965 0.9851436831844802 0 0 0 0.32 2 51 4 30 9 24 19 17 33 21 39 51 50 29 77 20 85 18 98 26 112 15 124 41 136 11 146 31 157 36 158 14 176 25 196 12 200 37 213 23 214 26 232 4 
52 0.02488994671675907 -0.045301307356169974 0.9918279785260209 0 0 0 0.32 2 52 39 52 50 30 60 19 
53 0.024889946716763495 -0.04530130735618667 0.9918279785261258 0 0 0 0.32 2 53 39 53 50 31 60 20 
54 -0.0866760414566072 -0.027773176359042234 0.9971530262935911 0 0 0 0.21 2 54 4 31 9 25 33 22 39 54 44 32 50 32 60 21 85 19 92 29 98 27 110 17 112 16 113 17 118 11 124 42 136 12 146 32 148 23 157 37 159 8 164 23 172 8 176 26 194 7 200 38 214 27 231 2 
55 -0.0780839136071267 -0.024752693186348276 0.9949348084156784 0 0 0 0.25 2 55 9 26 11 16 16 20 19 18 28 20 29 6 32 25 33 23 38 17 39 55 44 33 50 33 77 21 92 30 98 28 110 18 124 43 135 17 136 13 146 33 157 38 158 15 159 9 162 9 164 24 172 9 185 10 200 39 213 24 231 3 
56 -0.07809361731482292 -0.024724061403493067 0.995162355698323 0 0 0 0.27 2 56 4 32 9 27 16 21 28 21 29 7 32 26 33 24 38 18 39 56 44 34 50 34 53 5 71 1 77 22 92 31 93 25 110 19 135 18 146 34 157 39 158 16 164 25 176 27 204 9 213 25 214 28 231 4 232 5 
57 -0.08503498034987779 -0.02435612611031777 0.9958583823361989 0 0 0 0.21 2 57 4 33 9 28 11 17 19 19 29 8 33 25 39 57 44 35 53 6 61 15 71 2 77 23 92 32 93 26 98 29 110 20 113 18 124 44 135 19 146 35 148 24 158 17 159 10 164 26 176 28 185 11 194 8 200 40 204 10 213 26 214 29 231 5 232 6 
58 -0.16114061882559888 -0.021676780863389606 1.0095493513169786 0 0 0 0.28 2 58 4 34 39 58 77 24 157 40 162 10 213 27 232 7 
59 -0.1582856017312554 -0.01737298643407865 1.007964805442537 0 0 0 0.23 2 59 4 35 9 29 16 22 28 22 32 27 33 26 36 14 38 19 39 59 44 36 50 35 60 22 61 16 77 25 92 33 109 17 113 19 124 45 146 36 148 25 157 41 164 27 172 10 176 29 200 41 213 28 214 30 
60 0.022426796854440316 -0.012613730764669467 0.9874453567885411 0 0 0 0.2 2 60 39 60 157 42 
61 -0.042585624510369784 0.0385533237331372 0.9767503125049878 0 0 0 0.13 2 61 38 20 39 61 146 37 200 42 
62 -0.06771527172181821 0.05485885901303838 0.9692186099596951 0 0 0 0.33 2 62 4 36 11 18 32 28 36 15 39 62 44 37 93 27 124 46 146 38 158 18 214 31 231 6 
63 -0.04099319052797818 0.05803919836236611 0.9739949434545814 0 0 0 0.08 2 63 16 23 39 63 
64 0.030252937907584574 -0.1300464156992517 0.9994175179859238 0 0 0 0.5 2 64 4 37 9 30 28 23 33 27 39 64 44 38 50 36 53 7 71 3 77 26 85 20 92 34 93 28 98 30 109 18 110 21 124 47 146 39 148 26 157 43 158 19 159 11 162 11 164 28 176 30 200 43 204 11 214 32 219 3 
65 0.07451218490338746 -0.12426300263277333 0.9977414482669258 0 0 0 0.28 2 65 4 38 9 31 11 19 16 24 28 24 29 9 33 28 38 21 39 65 44 39 53 8 60 23 61 17 77 27 85 21 92 35 93 29 97 0 98 31 110 22 112 17 118 12 124 48 135 20 146 40 157 44 158 20 159 12 164 29 172 11 176 31 185 12 187 9 200 44 204 12 213 29 214 33 232 8 
66 0.09266667160731575 -0.10806339190384798 0.9957261202028336 0 0 0 0.38 2 66 16 25 28 25 32 29 39 66 50 37 53 9 61 18 92 36 93 30 97 1 98 32 109 19 110 23 112 18 124 49 135 21 146 41 157 45 176 32 187 10 213 30 214 34 219 4 232 9 
67 0.12382172479217948 -0.10295641910728541 0.9911272198434282 0 0 0 0.39 2 67 9 32 16 26 29 10 33 29 38 22 39 67 53 10 61 19 77 28 112 19 124 50 187 11 196 13 200 45 
68 -0.06055030182505804 -0.08803904305830479 0.9990097692287879 0 0 0 0.23 2 68 28 26 38 23 39 68 85 22 97 2 124 51 158 21 214 35 
69 -0.09133591233868714 -0.0874494849538877 1.0064898828560234 0 0 0 0.26 2 69 4 39 11 20 19 20 29 11 32 30 39 69 44 40 50 38 53 11 60 24 71 4 77 29 85 23 97 3 98 33 110 24 124 52 148 27 157 46 158 22 162 12 164 30 172 12 194 9 200 46 204 13 
70 0.2007031883357049 -0.0850394995419434 0.9878149603367605 0 0 0 0.32 2 70 28 27 29 12 32 31 33 30 38 24 39 70 50 39 60 25 71 5 85 24 112 20 118 13 124 53 146 42 148 28 157 47 158 23 162 13 164 31 175 11 185 13 187 12 196 14 204 14 234 1 
71 0.20789472696310954 -0.08507422518310367 0.9879408149901008 0 0 0 0.24 2 71 4 40 11 21 13 24 19 21 28 28 29 13 33 31 38 25 39 71 44 41 50 40 53 12 60 26 71 6 77 30 85 25 92 37 93 31 98 34 112 21 118 14 124 54 135 22 146 43 148 29 157 48 158 24 162 14 164 32 175 12 185 14 194 10 196 15 214 36 234 2 
72 0.21987430134441732 -0.08502501198660883 0.987269183370595 0 0 0 0.31 2 72 19 22 28 29 33 32 39 72 44 42 53 13 61 20 71 7 77 31 93 32 98 35 118 15 124 55 135 23 146 44 148 30 158 25 159 13 164 33 185 15 187 13 194 11 196 16 200 47 214 37 232 10 234 3 
73 0.2449386147937346 -0.08471344267029988 0.9857334943220313 0 0 0 0.3 2 73 19 23 39 73 85 26 93 33 164 34 172 13 194 12 196 17 
74 0.043428699890228524 -0.13045407972934214 0.9994035770499623 0 0 0 0.49 2 74 9 33 19 24 32 32 33 33 39 74 53 14 60 27 71 8 85 27 109 20 124 56 159 14 162 15 172 14 176 33 185 16 196 18 200 48 204 15 214 38 219 5 
75 -0.08776713895119467 -0.021573177597967636 0.9946581757760438 0 0 0 0.48 2 75 9 34 33 34 39 75 44 43 60 28 85 28 92 38 97 4 109 21 110 25 113 20 124 57 135 24 148 31 164 35 176 34 194 13 200 49 214 39 219 6 
76 -0.091118362020113 -0.015419330015268837 0.9968567130418586 0 0 0 0.32 2 76 16 27 29 14 39 76 85 29 92 39 113 21 136 14 159 15 164 36 185 17 196 19 214 40 
77 -0.16403869024029824 -0.07946948761712169 1.0175303178337536 0 0 0 0.31 2 77 4 41 9 35 11 22 13 25 19 25 32 33 33 35 38 26 39 77 44 44 50 41 53 15 60 29 61 21 71 9 77 32 85 30 97 5 98 36 110 26 118 16 124 58 148 32 157 49 158 26 159 16 162 16 164 37 196 20 200 50 213 31 219 7 232 11 
78 0.19676856168358867 -0.14787516519325994 0.9963058591520425 0 0 0 0.29 4 42 32 34 39 78 60 30 124 59 146 45 157 50 
79 0.05235039820391261 -0.11832104385726885 0.9980130292629538 0 0 0 0.47 4 43 39 79 157 51 187 14 
80 0.12303537023362682 -0.09613234907836136 0.9900946815721107 0 0 0 0.16 4 44 39 80 110 27 214 41 
81 0.1652382097294525 -0.0938432208253703 0.9864916463444001 0 0 0 0.26 4 45 28 30 36 16 39 81 77 33 85 31 93 34 110 28 146 46 148 33 157 52 194 14 196 21 
82 0.009189583356909514 -0.08347553602786888 0.992674248338214 0 0 0 0.31 4 46 11 23 32 35 33 36 36 17 39 82 77 34 98 37 113 22 146 47 
83 -0.11954642128443889 -0.08425007616318658 1.0109674318019222 0 0 0 0.23 4 47 9 36 11 24 13 26 32 36 39 83 44 45 61 22 92 40 113 23 135 25 146 48 200 51 204 16 
84 0.07145968552877263 -0.08061823805403072 0.9900521209620855 0 0 0 0.26 4 48 28 31 39 84 50 42 110 29 112 22 146 49 
85 0.21228094299688316 -0.07882427110598457 0.986042046757467 0 0 0 0.18 4 49 39 85 77 35 92 41 124 60 157 53 214 42 
86 -0.13531868124024504 -0.08392956786265697 1.0127114504665307 0 0 0 0.29 4 50 11 25 13 27 33 37 39 86 50 43 85 32 110 30 148 34 159 17 213 32 
87 -0.042683776071255314 -0.08223491784805269 0.996547574875403 0 0 0 0.18 4 51 9 37 16 28 32 37 33 38 38 27 39 87 50 44 213 33 214 43 
88 0.011005958751729312 -0.08126293304971992 0.9925629985572767 0 0 0 0.17 4 52 11 26 16 29 39 88 50 45 112 23 113 24 124 61 157 54 158 27 176 35 204 17 213 34 219 8 
89 -0.15836497512894812 -0.08139564173904561 1.016678010037983 0 0 0 0.21 4 53 28 32 36 18 38 28 39 89 93 35 109 22 146 50 
90 -0.17857926861048948 -0.08114625785574756 1.0200642221866907 0 0 0 0.37 4 54 13 28 28 33 39 90 98 38 124 62 146 51 176 36 
91 0.02864841126114416 -0.05038965988309423 0.9923211697319492 0 0 0 0.2 4 55 39 91 50 46 157 55 
92 -0.09103240782850633 -0.027183375280645326 0.9974742138384975 0 0 0 0.19 4 56 16 30 39 92 98 39 124 63 146 52 157 56 
93 -0.04509220294680519 -0.009258013955002848 0.9882479306394426 0 0 0 0.14 4 57 16 31 39 93 
94 0.028030288438289745 0.014613077273720746 0.9823035008140842 0 0 0 0.15 4 58 39 94 213 35 
95 -0.06928083732908855 0.0443335233357176 0.9736200788074458 0 0 0 0.34 4 59 39 95 124 64 176 37 213 36 
96 0.08176202914344705 -0.13031132701519327 0.9945987443690529 0 0 0 0.27 4 60 9 38 11 27 16 32 32 38 33 39 36 19 38 29 39 96 44 46 77 36 109 23 124 65 146 53 157 57 164 38 185 18 196 22 213 37 214 44 
97 0.10515652079664249 -0.12087820706975137 0.9916789096974131 0 0 0 0.2 4 61 9 39 28 34 39 97 44 47 50 47 98 40 112 24 146 54 157 58 176 38 187 15 214 45 
98 0.00935659564980013 -0.12088266017831704 0.9995581385212315 0 0 0 0.15 4 62 9 40 16 33 38 30 39 98 61 23 85 33 92 42 98 41 109 24 112 25 124 66 146 55 164 39 187 16 200 52 213 38 214 46 
99 0.0319201378497789 -0.09652951394992838 0.9949865305823393 0 0 0 0.3 4 63 36 20 39 99 109 25 124 67 146 56 157 59 185 19 
100 0.14910929895241384 -0.0942262761706952 0.9859787350585929 0 0 0 0.25 4 64 9 41 11 28 32 39 33 40 36 21 39 100 44 48 50 48 61 24 77 37 85 34 118 17 146 57 157 60 164 40 213 39 214 47 
101 -0.14095872258877692 -0.0957676581111939 1.0127916328533553 0 0 0 0.37 4 65 11 29 29 15 33 41 36 22 39 101 98 42 110 31 200 53 204 18 
102 0.16674124993809467 -0.08932184519798873 0.9889220359844888 0 0 0 0.34 4 66 28 35 39 102 44 49 77 38 98 43 146 58 175 13 219 9 
103 -0.09540259320640569 -0.08738392227183649 1.0072251927598856 0 0 0 0.23 4 67 39 103 85 35 98 44 124 68 135 26 157 61 164 41 194 15 200 54 
104 0.15648683181205697 -0.08242784155177042 0.988278425584098 0 0 0 0.27 4 68 9 42 13 29 28 36 33 42 38 31 39 104 44 50 61 25 71 10 85 36 92 43 93 36 98 45 109 26 112 26 118 18 124 69 146 59 157 62 164 42 175 14 176 39 187 17 196 23 200 55 213 40 214 48 234 4 
105 0.20242346077546097 -0.081634598791819 0.986493230445027 0 0 0 0.21 4 69 13 30 32 40 39 105 175 15 
106 0.0763068144771695 -0.08295484084934357 0.9899445441447258 0 0 0 0.26 4 70 9 43 13 31 16 34 28 37 32 41 36 23 38 32 39 106 44 51 50 49 61 26 77 39 92 44 109 27 112 27 146 60 158 28 187 18 200 56 213 41 214 49 
107 0.22345792691701613 -0.07872076806280294 0.9855340665703368 0 0 0 0.29 4 71 11 30 13 32 28 38 39 107 44 52 61 27 93 37 98 46 112 28 124 70 146 61 176 40 204 19 213 42 234 5 
108 -0.09373180606462472 -0.08199049346523712 1.005120050480803 0 0 0 0.16 4 72 28 39 39 108 44 53 77 40 92 45 158 29 164 43 
109 -0.15327504716503398 -0.08144590506874584 1.015949799875013 0 0 0 0.19 4 73 9 44 13 33 19 26 29 16 33 43 36 24 38 33 39 109 60 31 92 46 110 32 113 25 136 15 146 62 148 35 159 18 162 17 176 41 213 43 
110 -0.18144027632521595 -0.0808193505577129 1.0205798470562077 0 0 0 0.28 4 74 11 31 13 34 28 40 32 42 39 110 50 50 92 47 98 47 109 28 110 33 113 26 118 19 124 71 146 63 157 63 164 44 185 20 213 44 
111 0.19087862079056953 -0.0748195555772211 0.9861894623829922 0 0 0 0.34 4 75 28 41 38 34 39 111 98 48 110 34 112 29 124 72 146 64 176 42 187 19 234 6 
112 -0.19193316795700271 -0.07656099057008073 1.0214052901572908 0 0 0 0.42 4 76 9 45 13 35 32 43 33 44 39 112 44 54 92 48 113 27 118 20 200 57 213 45 
113 -0.18385360537736134 -0.0588687898900598 1.0157928347842453 0 0 0 0.36 4 77 39 113 50 51 146 65 
114 -0.07651349224994344 -0.02783176198014922 0.9946566802228147 0 0 0 0.19 4 78 9 46 16 35 19 27 32 44 39 114 44 55 50 52 77 41 85 37 92 49 93 38 98 49 110 35 113 28 118 21 124 73 136 16 157 64 158 30 159 19 164 45 172 15 176 43 185 21 194 16 200 58 213 46 214 50 219 10 231 7 
115 -0.16116429066445262 -0.021623265371181435 1.0086890471875962 0 0 0 0.21 4 79 16 36 28 42 39 115 110 36 113 29 157 65 213 47 232 12 
116 0.0270136496166305 0.0194733814513702 0.9801487381238254 0 0 0 0.25 4 80 11 32 38 35 39 116 146 66 176 44 213 48 
117 0.1381181367938001 -0.09075851763493552 0.9879983120436848 0 0 0 0.34 4 81 9 47 32 45 39 117 61 28 92 50 219 11 
118 0.14139838799538026 -0.08937960287578495 0.9874515492972552 0 0 0 0.37 4 82 11 33 28 43 39 118 44 56 50 53 61 29 71 11 77 42 85 38 97 6 98 50 109 29 112 30 124 74 146 67 157 66 158 31 164 46 176 45 185 22 187 20 213 49 232 13 
119 0.1739187447114977 -0.08574635416820874 0.9890053343472173 0 0 0 0.29 4 83 11 34 28 44 29 17 39 119 50 54 71 12 77 43 85 39 92 51 109 30 118 22 146 68 148 36 164 47 185 23 194 17 213 50 214 51 234 7 
120 -0.07306739180144156 -0.07737091984013658 1.0002771912599646 0 0 0 0.4 4 84 9 48 39 120 44 57 92 52 98 51 110 37 113 30 124 75 146 69 213 51 
121 -0.15711694409244886 -0.0237490456165657 1.0084256621216947 0 0 0 0.28 4 85 19 28 29 18 33 45 38 36 39 121 44 58 77 44 85 40 92 53 110 38 113 31 148 37 159 20 164 48 214 52 
122 -0.16433201897136887 -0.023502765910818808 1.009658630573361 0 0 0 0.25 4 86 11 35 39 122 50 55 53 16 60 32 77 45 85 41 110 39 113 32 124 76 135 27 146 70 158 32 159 21 176 46 200 59 232 14 
123 -0.07659934193967828 -0.021488252279444984 0.9935920968343757 0 0 0 0.3 4 87 16 37 28 45 32 46 39 123 44 59 50 56 53 17 61 30 71 13 77 46 92 54 98 52 110 40 112 31 135 28 146 71 148 38 157 67 158 33 162 18 172 16 214 53 231 8 232 15 
124 0.021782247382595505 -0.12891230052647132 0.9996155159556062 0 0 0 0.32 4 88 39 124 53 18 77 47 92 55 109 31 135 29 148 39 164 49 214 54 219 12 232 16 
125 0.24198359607315187 -0.08476112770005911 0.9861087161097849 0 0 0 0.36 4 89 29 19 39 125 61 31 71 14 77 48 85 42 93 39 112 32 124 77 148 40 158 34 162 19 185 24 200 60 232 17 234 8 
126 -0.1743744215735197 -0.05659222701352355 1.0178057170167942 0 0 0 0.36 4 90 39 126 71 15 
127 -0.1307856028817248 -0.07345309287036807 1.0136674528706857 0 0 0 0.11 4 91 39 127 113 33 
128 0.17448420121875058 -0.094388212429032 0.9908429350343315 0 0 0 0.69 4 92 39 128 53 19 71 16 77 49 118 23 164 50 176 47 200 61 204 20 214 55 219 13 232 18 
129 -0.14413095740890167 -0.08007681260674884 1.0133427421807768 0 0 0 0.37 4 93 29 20 39 129 53 20 71 17 77 50 85 43 97 7 159 22 185 25 204 21 219 14 232 19 
130 0.1934850232962151 -0.04014096975161928 0.9840645580009166 0 0 0 0.98 4 94 39 130 61 32 109 32 234 9 
131 0.1931546583221097 -0.16344969104638746 1.003645946575627 0 0 0 0.26 9 49 39 131 124 78 
132 -0.00888866749308036 -0.13289874752376243 0.9966177973329818 0 0 0 0.2 9 50 28 46 39 132 98 53 112 33 187 21 
133 0.20626536160877762 -0.11778157715516284 0.9935027427668178 0 0 0 0.21 9 51 39 133 92 56 112 34 124 79 146 72 214 56 
134 0.0799264443132306 -0.11706548987364877 0.9964596458123801 0 0 0 0.3 9 52 39 134 93 40 112 35 187 22 
135 0.08005948280018743 -0.11721269916394371 0.9967557883443177 0 0 0 0.26 9 53 39 135 85 44 92 57 110 41 112 36 187 23 
136 0.05250543118167862 -0.1147495518751913 0.9977170519980783 0 0 0 0.3 9 54 13 36 28 47 39 136 93 41 98 54 112 37 124 80 187 24 
137 0.05261052234588479 -0.10019542988103491 0.9943074957113297 0 0 0 0.34 9 55 39 137 124 81 176 48 194 18 
138 -0.060974788432082205 -0.10286988459527788 0.9958540711255794 0 0 0 0.15 9 56 13 37 39 138 
139 0.10674381864381002 -0.09229077547632603 0.9904246193233635 0 0 0 0.24 9 57 36 25 39 139 110 42 124 82 
140 0.09604489551774441 -0.09222862997461272 0.9918962183333392 0 0 0 0.3 9 58 13 38 32 47 36 26 39 140 92 58 124 83 176 49 214 57 
141 0.10304879919561495 -0.08971756637119678 0.9900190839519671 0 0 0 0.23 9 59 19 29 28 48 36 27 39 141 44 60 112 38 124 84 135 30 146 73 164 51 176 50 
142 0.21481768310298432 -0.08408056161068764 0.9880805268312964 0 0 0 0.37 9 60 39 142 93 42 98 55 112 39 124 85 146 74 200 62 213 52 
143 0.10268675997466721 -0.08758295640914134 0.989936056654127 0 0 0 0.28 9 61 13 39 16 38 39 143 44 61 93 43 112 40 124 86 146 75 157 68 194 19 214 58 
144 0.09998670128538205 -0.08755894230190196 0.9902059360198306 0 0 0 0.19 9 62 36 28 39 144 93 44 112 41 124 87 157 69 214 59 
145 0.10002857370746097 -0.08758217046444731 0.9901922315786248 0 0 0 0.18 9 63 13 40 39 145 93 45 124 88 214 60 
146 0.12177212400649706 -0.0829503931473067 0.9877497126231546 0 0 0 0.15 9 64 13 41 33 46 39 146 44 62 92 59 93 46 98 56 124 89 157 70 175 16 194 20 200 63 
147 -0.09570716774515038 -0.07197963800884052 1.004816166699155 0 0 0 0.2 9 65 39 147 85 45 92 60 124 90 214 61 
148 -0.14272359039727459 -0.05890165114562691 1.010858626207839 0 0 0 0.4 9 66 13 42 16 39 39 148 60 33 61 33 77 51 98 57 124 91 146 76 157 71 176 51 214 62 
149 0.026635027096329745 -0.04763104550444889 0.9918742468492169 0 0 0 0.28 9 67 39 149 44 63 50 57 
150 -0.04474763547378143 -0.04581049924471501 0.9947133487517444 0 0 0 0.14 9 68 39 150 44 64 
151 0.08988023382663987 -0.02343982187682221 0.9959654041568046 0 0 0 0.58 9 69 39 151 44 65 
152 0.18844091976945687 -0.01125255226153506 0.9801552312258206 0 0 0 0.29 9 70 39 152 124 92 
153 -0.07768450664845492 -0.017885615339199783 0.9935295356724962 0 0 0 0.25 9 71 33 47 38 37 39 153 98 58 109 33 112 42 113 34 124 93 146 77 157 72 213 53 214 63 231 9 
154 0.061150781339497084 0.043900651978317516 0.9719455142880196 0 0 0 0.27 9 72 38 38 39 154 
155 0.18648248404788326 -0.14758152071004466 0.9955107864430588 0 0 0 0.26 9 73 36 29 39 155 44 66 
156 0.009296348144043577 -0.12090038352709437 0.9996980150108709 0 0 0 0.25 9 74 13 43 39 156 85 46 92 61 98 59 109 34 135 31 200 64 214 64 
157 0.09546722402931931 -0.11133616041736429 0.994527576265763 0 0 0 0.21 9 75 11 36 16 40 29 21 32 48 39 157 50 58 53 21 61 34 77 52 97 8 98 60 118 24 146 78 158 35 172 17 204 22 213 54 219 15 232 20 
158 0.08306948724093198 -0.11017950056725864 0.9954721282280754 0 0 0 0.29 9 76 13 44 16 41 28 49 29 22 39 158 44 67 50 59 53 22 60 34 61 35 77 53 92 62 93 47 98 61 112 43 124 94 135 32 146 79 157 73 176 52 185 26 187 25 204 23 214 65 232 21 
159 0.06776456837439176 -0.10772165133378045 0.9957196334408102 0 0 0 0.31 9 77 13 45 36 30 39 159 92 63 110 43 124 95 135 33 157 74 214 66 
160 0.09199782597804709 -0.09591242890255341 0.993251819835832 0 0 0 0.43 9 78 13 46 39 160 92 64 124 96 157 75 214 67 
161 0.12860919148592093 -0.08864563058991695 0.9878784262143173 0 0 0 0.3 9 79 39 161 112 44 124 97 146 80 219 16 
162 0.2243902382488625 -0.08125638582851608 0.9859047941511082 0 0 0 0.32 9 80 11 37 13 47 28 50 32 49 39 162 44 68 61 36 85 47 92 65 98 62 112 45 124 98 135 34 148 41 157 76 175 17 200 65 214 68 
163 0.0737352971084052 -0.08296465736809698 0.9898692068136141 0 0 0 0.23 9 81 13 48 39 163 50 60 124 99 164 52 
164 -0.003112244284696237 -0.0816059618004066 0.9944446395568906 0 0 0 0.33 9 82 32 50 39 164 92 66 113 35 124 100 214 69 
165 -0.046265702104427195 -0.08235910046183005 0.9971074446517629 0 0 0 0.26 9 83 32 51 36 31 39 165 44 69 110 44 124 101 
166 0.05399600137912507 -0.06743011840332887 0.9945747595327434 0 0 0 0.11 9 84 39 166 231 10 
167 0.05399600137912507 -0.06743011840332887 0.9945747595327434 0 0 0 0.11 9 85 39 167 231 11 
168 0.22198419792351468 -0.020461268090113987 0.9768152983519985 0 0 0 0.41 9 86 13 49 36 32 39 168 124 102 157 77 164 53 214 70 
169 0.22140574942740915 -0.01782904905108098 0.9768492747357623 0 0 0 0.27 9 87 32 52 39 169 44 70 92 67 164 54 
170 0.09118791761989375 -0.017106992292006688 0.9816256661849684 0 0 0 0.32 9 88 39 170 124 103 
171 -0.07681257842302641 -0.021479421269611557 0.9936234111197954 0 0 0 0.34 9 89 32 53 39 171 44 71 61 37 92 68 93 48 135 35 148 42 162 20 172 18 185 27 214 71 231 12 
172 -0.12172264901744347 -0.14791517930708029 1.0210826343292052 0 0 0 0.26 9 90 32 54 39 172 44 72 85 48 124 104 
173 0.01850814440306185 -0.12018732256705551 1.0009936714617957 0 0 0 0.22 9 91 39 173 124 105 
174 0.10404706304426055 -0.09429640753766397 0.9910496922004002 0 0 0 0.25 9 92 36 33 39 174 92 69 110 45 124 106 176 53 214 72 
175 0.17728197018626465 -0.08539322480798174 0.9886977088382424 0 0 0 0.27 9 93 11 38 13 50 28 51 32 55 38 39 39 175 44 73 53 23 77 54 85 49 92 70 93 49 110 46 112 46 148 43 164 55 185 28 194 21 196 24 214 73 
176 -0.08192574227809096 -0.028072659795971934 0.996139503635303 0 0 0 0.33 9 94 29 23 38 40 39 176 113 36 164 56 214 74 231 13 232 22 
177 -0.06387568429744227 -0.1644974773435908 1.0170155190566978 0 0 0 0.16 9 95 39 177 44 74 124 107 
178 0.04972362631402629 -0.129603499795709 0.9991326936573754 0 0 0 0.44 9 96 13 51 32 56 39 178 44 75 77 55 85 50 93 50 98 63 110 47 124 108 162 21 172 19 196 25 200 66 204 24 
179 0.166436718577549 -0.08575370039493038 0.9893050066324591 0 0 0 0.5 9 97 29 24 39 179 61 38 98 64 112 47 159 23 164 57 
180 0.14368590525773883 -0.1716884571190932 1.0057224835709977 0 0 0 0.2 9 98 32 57 39 180 44 76 50 61 61 39 77 56 112 48 135 36 146 81 214 75 
181 0.1437700364517816 -0.17174358099625248 1.0059213673194451 0 0 0 0.23 9 99 39 181 44 77 50 62 61 40 92 71 109 35 112 49 135 37 146 82 214 76 
182 0.01134624594691515 -0.1263255088389671 0.9994401944203052 0 0 0 0.34 9 100 13 52 29 25 32 58 36 34 39 182 44 78 71 18 77 57 85 51 92 72 97 9 109 36 112 50 118 25 124 109 148 44 157 78 159 24 164 58 176 54 185 29 187 26 196 26 204 25 214 77 219 17 
183 0.15676766447754534 -0.10182967606786399 0.983495026803331 0 0 0 0.47 9 101 39 183 44 79 92 73 
184 -0.07554892369961456 -0.08025219410025962 1.0016769879232301 0 0 0 0.39 9 102 29 26 33 48 39 184 60 35 77 58 92 74 124 110 136 17 158 36 162 22 164 59 176 55 185 30 200 67 204 26 219 18 232 23 
185 -0.03763096905358811 -0.03446768067570549 0.9891862313243801 0 0 0 0.31 9 103 39 185 113 37 196 27 231 14 
186 -0.08032064712886576 -0.024950580045502047 0.9924358202364036 0 0 0 0.55 9 104 29 27 33 49 39 186 71 19 77 59 124 111 148 45 159 25 164 60 185 31 194 22 214 78 
187 -0.09041649061190965 -0.0732688071618774 1.0066114273161963 0 0 0 0.48 9 105 29 28 39 187 44 80 77 60 113 38 136 18 162 23 
188 0.08266573358660126 -0.1523548613101768 1.0098551185946507 0 0 0 1.16 9 106 32 59 39 188 135 38 214 79 
189 -0.005655794813852628 -0.15437796657177677 1.0165502712104812 0 0 0 0.91 9 107 32 60 39 189 44 81 92 75 135 39 
190 0.13618301523575777 -0.14389224088917915 0.998449732405626 0 0 0 0.35 11 39 13 53 28 52 33 50 38 41 39 190 50 63 110 48 112 51 124 112 136 19 157 79 187 27 213 55 214 80 
191 0.09389991797273387 -0.11356664091227855 0.9953256164789519 0 0 0 0.34 11 40 16 42 19 30 28 53 33 51 38 42 39 191 61 41 92 76 98 65 109 37 112 52 146 83 148 46 159 26 176 56 187 28 213 56 214 81 
192 -0.04761714534515029 -0.009798782255129099 0.9889936295087517 0 0 0 0.17 11 41 39 192 146 84 
193 0.02162745314441483 0.03409398817165007 0.9815316933684988 0 0 0 0.16 11 42 39 193 146 85 
194 -0.16757091553468784 -0.08688701237417855 1.0199907021328245 0 0 0 0.3 11 43 19 31 29 29 38 43 39 194 60 36 71 20 77 61 85 52 97 10 148 47 162 24 164 61 204 27 
195 -0.15539709719652822 -0.026890575032799072 1.0082642674586608 0 0 0 0.6 11 44 39 195 85 53 113 39 124 113 200 68 
196 0.18655536605799597 -0.027595787057388566 0.9797175254321907 0 0 0 0.23 11 45 13 54 28 54 36 35 39 196 50 64 112 53 146 86 172 20 176 57 
197 0.019573537736178277 -0.006380516656508556 0.9856895223419176 0 0 0 0.15 11 46 16 43 36 36 39 197 
198 0.19102731122712213 -0.12081801289968527 0.9952591727588299 0 0 0 0.36 11 47 36 37 39 198 44 82 146 87 172 21 
199 0.21292383430767622 -0.08534645263897521 0.9879995334373377 0 0 0 0.19 11 48 29 30 38 44 39 199 71 21 77 62 124 114 159 27 
200 -0.06051789051689775 -0.050864318166331336 0.9935363804716127 0 0 0 0.73 11 49 29 31 38 45 39 200 50 65 71 22 77 63 118 26 124 115 157 80 158 37 159 28 204 28 219 19 
201 0.0041645901129418045 -0.04824099779662743 0.9907119485215291 0 0 0 0.28 11 50 39 201 77 64 109 38 118 27 176 58 185 32 214 82 232 24 
202 0.003976027339171831 -0.0480738717595006 0.9894734911927083 0 0 0 0.21 11 51 39 202 77 65 118 28 176 59 232 25 
203 -0.057426600862508885 -0.1832231357861568 1.01527082466272 0 0 0 0.22 13 55 39 203 124 116 
204 -0.011190360093445064 -0.13465487214410932 0.9951276789437673 0 0 0 0.38 13 56 39 204 53 24 97 11 109 39 
205 0.033417405391631086 -0.117107798736887 0.998564385061726 0 0 0 0.2 13 57 16 44 39 205 109 40 124 117 157 81 176 60 214 83 
206 0.03344307783040292 -0.11696494375306452 0.9982463375896813 0 0 0 0.26 13 58 16 45 28 55 39 206 98 66 109 41 112 54 124 118 146 88 157 82 200 69 
207 -0.01654447755246984 -0.10267193965249281 0.9983998335077918 0 0 0 0.27 13 59 39 207 124 119 
208 -0.018287846107633524 -0.10068381408293507 0.9991167109108039 0 0 0 0.24 13 60 32 61 36 38 39 208 92 77 113 40 124 120 194 23 214 84 
209 0.007501107705987965 -0.09848952284288899 0.9969224381356829 0 0 0 0.26 13 61 32 62 39 209 124 121 
210 0.07250189149297073 -0.10065810578280822 0.9945810970006176 0 0 0 0.39 13 62 39 210 93 51 109 42 112 55 124 122 136 20 187 29 214 85 
211 -0.03692193895471325 -0.0896395824589179 0.9975763974687465 0 0 0 0.36 13 63 39 211 112 56 
212 -0.03714227447683004 -0.08932188649874521 0.9962801079589371 0 0 0 0.44 13 64 39 212 200 70 231 15 
213 -0.037607258162047866 -0.0880111251072133 0.9978453429368028 0 0 0 0.21 13 65 39 213 124 123 157 83 214 86 
214 0.11542736372173289 -0.08547925692389104 0.9895769563049801 0 0 0 0.28 13 66 39 214 146 89 157 84 175 18 194 24 200 71 214 87 
215 0.15265127661217479 -0.08660754051942934 0.9897608828950827 0 0 0 0.24 13 67 39 215 112 57 200 72 
216 0.1355418150725174 -0.08476588494734794 0.9880535341514691 0 0 0 0.2 13 68 16 46 33 52 39 216 109 43 112 58 157 85 175 19 194 25 200 73 
217 0.13925679999228746 -0.08297023269730855 0.9874113968134502 0 0 0 0.35 13 69 39 217 124 124 146 90 214 88 
218 -0.17383725997385932 -0.06487808693317397 1.0184670102199325 0 0 0 0.34 13 70 39 218 93 52 124 125 
219 0.2185039624696721 -0.08595389312019037 0.9875739496910603 0 0 0 0.13 13 71 39 219 175 20 194 26 
220 0.2498753821743631 -0.08564841788762488 0.9855866620544491 0 0 0 0.28 13 72 39 220 214 89 
221 0.24583692359028186 -0.08326312858859715 0.9860567240947421 0 0 0 0.32 13 73 39 221 124 126 175 21 194 27 200 74 214 90 
222 -0.13402931707460214 -0.02906438103963989 1.0067307091871043 0 0 0 0.46 13 74 39 222 124 127 
223 -0.021315763870104688 -0.02902482155265496 0.9893956584892997 0 0 0 0.26 13 75 39 223 98 67 
224 -0.13236307624159838 -0.019484034316056335 1.0057975150758705 0 0 0 0.28 13 76 28 56 39 224 98 68 124 128 176 61 
225 0.1611865020609567 0.03882363694602272 0.973536175215772 0 0 0 0.61 13 77 39 225 175 22 
226 0.008401876529340643 0.050058350337610594 0.9723283303805371 0 0 0 0.3 13 78 39 226 124 129 146 91 
227 0.1652329088118078 0.04699394546764796 0.9765910197201387 0 0 0 0.48 13 79 39 227 124 130 
228 0.11369375918021331 0.05094652651711303 0.9679005209582259 0 0 0 0.47 13 80 39 228 124 131 200 75 
229 -0.06561606416540755 0.06032593933854573 0.9709303044284816 0 0 0 0.36 13 81 39 229 98 69 124 132 200 76 
230 -0.010467924081914347 -0.1368218746693096 0.9953124315867046 0 0 0 0.47 13 82 39 230 92 78 109 44 
231 0.19748553825419893 -0.12935653485048745 0.9926587574643617 0 0 0 0.39 13 83 39 231 112 59 146 92 157 86 
232 0.10538846797851688 -0.10401736729519213 0.9932899819226212 0 0 0 0.26 13 84 39 232 112 60 187 30 213 57 214 91 
233 0.11351815102079235 -0.09378993524803399 0.9905318495232869 0 0 0 0.35 13 85 39 233 124 133 135 40 176 62 
234 0.10445174099265762 -0.08315434149652347 0.9885325107299283 0 0 0 0.22 13 86 16 47 28 57 39 234 187 31 200 77 
235 0.12180850823711066 -0.08299828019329107 0.9879367485951184 0 0 0 0.12 13 87 16 48 38 46 39 235 92 79 93 53 157 87 194 28 
236 0.17321848383273858 -0.08653533944862161 0.9891536229372978 0 0 0 0.22 13 88 39 236 50 66 98 70 112 61 124 134 157 88 175 23 
237 0.13579869587271057 -0.08262724844902876 0.9868534090575148 0 0 0 0.22 13 89 16 49 28 58 39 237 44 83 92 80 98 71 112 62 124 135 135 41 146 93 157 89 158 38 175 24 176 63 200 78 214 92 
238 0.23322946846697962 -0.08123312291748092 0.9856802572198317 0 0 0 0.3 13 90 33 53 39 238 93 54 124 136 135 42 146 94 164 62 175 25 200 79 
239 0.18938651250915534 -0.032058136202894535 0.9842511460551011 0 0 0 0.33 13 91 39 239 124 137 200 80 
240 0.19156111486069208 -0.030647835155553742 0.9841605319304008 0 0 0 0.22 13 92 39 240 44 84 164 63 
241 0.11884699380062788 -0.023169848844653677 0.9798807352077782 0 0 0 0.15 13 93 39 241 124 138 
242 0.22138760671021657 -0.017887766724179244 0.9770242771052132 0 0 0 0.36 13 94 32 63 39 242 214 93 
243 0.013480575210401356 0.04377499412900772 0.9763461237165122 0 0 0 0.33 13 95 39 243 176 64 
244 0.07539842365813657 0.04618409323018473 0.9670946460646483 0 0 0 0.54 13 96 39 244 175 26 176 65 231 16 
245 0.12392559910101932 0.04472509084469224 0.9711613088509528 0 0 0 0.3 13 97 39 245 124 139 157 90 
246 0.012873923213831167 0.04943700205449663 0.9724800343361889 0 0 0 0.24 13 98 39 246 124 140 231 17 
247 -0.06336028324842569 0.06030500618595594 0.9702433379655148 0 0 0 0.36 13 99 16 50 33 54 39 247 93 55 98 72 146 95 200 81 
248 0.06311849178620225 -0.10912858839362531 0.997110650440267 0 0 0 0.31 13 100 39 248 61 42 124 141 146 96 200 82 204 29 
249 -0.04212305668596756 -0.09313696985947176 0.9980906517500635 0 0 0 0.26 13 101 39 249 124 142 
250 -0.08303839986012665 -0.0817765495731559 1.0035285232427336 0 0 0 0.31 13 102 28 59 38 47 39 250 44 85 92 81 98 73 112 63 124 143 135 43 136 21 146 97 148 48 185 33 214 94 
251 0.1710216066999448 -0.08195412707038206 0.9872928687036346 0 0 0 0.25 13 103 38 48 39 251 44 86 92 82 93 56 112 64 124 144 146 98 164 64 175 27 176 66 187 32 213 58 214 95 234 10 
252 0.17538522055013825 -0.08204363982361257 0.9876787480062753 0 0 0 0.24 13 104 29 32 39 252 92 83 118 29 124 145 214 96 
253 0.18911507480640108 -0.12409018355821412 0.9963141655824131 0 0 0 0.41 13 105 32 64 39 253 124 146 
254 0.001743428480918113 -0.07869589077828526 0.9939539815067219 0 0 0 0.25 13 106 32 65 39 254 92 84 93 57 113 41 176 67 214 97 231 18 
255 -0.06641810530884942 -0.07485861552701138 0.9947677267481563 0 0 0 0.32 13 107 28 60 32 66 36 39 39 255 98 74 113 42 124 147 146 99 
256 -0.10034907648740236 -0.05120848392845676 1.0008834709845085 0 0 0 0.55 13 108 29 33 38 49 39 256 50 67 71 23 92 85 232 26 
257 -0.10047168548896783 -0.05143918499780952 1.001749588836825 0 0 0 0.47 13 109 29 34 38 50 39 257 71 24 97 12 176 68 204 30 
258 0.0919322231197292 -0.11201252772488678 0.9954698171138553 0 0 0 0.17 16 51 28 61 33 55 38 51 39 258 112 65 136 22 187 33 213 59 
259 -0.04447730641234399 -0.08778140663875028 0.9979548688668307 0 0 0 0.18 16 52 33 56 39 259 109 45 124 148 146 100 214 98 
260 0.1078575168097369 -0.08750938523380537 0.9897719014229014 0 0 0 0.41 16 53 33 57 39 260 157 91 187 34 213 60 214 99 
261 0.13050808938913153 -0.08491787560225188 0.9880179800921927 0 0 0 0.24 16 54 39 261 93 58 109 46 146 101 200 83 214 100 
262 0.0013800737298820206 -0.08135011029096754 0.9934379793441648 0 0 0 0.2 16 55 39 262 187 35 
263 -0.1780535474539001 -0.058637109905767315 1.0163752006657811 0 0 0 0.31 39 263 50 68 60 37 92 86 124 149 146 102 157 92 213 61 
264 -0.0038787302091129864 -0.02562211614580295 0.9889165643053248 0 0 0 0.33 16 56 39 264 92 87 124 150 157 93 176 69 213 62 214 101 
265 -0.11129407842396294 -0.023777747773556023 1.0019209281606691 0 0 0 0.15 16 57 28 62 39 265 146 103 213 63 
266 -0.005404345166608256 -0.024367084076010143 0.9895776059789965 0 0 0 0.21 16 58 39 266 157 94 213 64 
267 -0.017715397092505653 -0.02227797456355021 0.9891091501055381 0 0 0 0.19 16 59 39 267 124 151 176 70 
268 0.09526148450986299 -0.02324917447851102 0.9829276997182701 0 0 0 0.21 16 60 39 268 112 66 
269 0.05989599602433469 0.04080811361899431 0.9740368578164029 0 0 0 0.23 16 61 39 269 124 152 157 95 213 65 
270 -0.06726969327317887 0.04572308991153936 0.973081386268233 0 0 0 0.26 16 62 39 270 124 153 146 104 213 66 
271 -0.1255174573849661 -0.13485823960905113 1.0195855276185366 0 0 0 0.36 39 271 44 87 110 49 124 154 146 105 176 71 
272 0.1294175160677393 -0.08277587349301643 0.9877529089732804 0 0 0 0.32 16 63 39 272 77 66 85 54 92 88 109 47 112 67 146 106 148 49 164 65 187 36 194 29 200 84 213 67 214 102 
273 0.06051623431795548 -0.013058133571020135 0.9867358698404791 0 0 0 0.32 16 64 39 273 61 43 124 155 146 107 175 28 
274 0.022277905313088125 -0.008263727120472046 0.9871851428832609 0 0 0 0.2 16 65 36 40 39 274 146 108 213 68 
275 0.12471203939435793 0.040635857279205094 0.9681952233604136 0 0 0 0.31 16 66 39 275 110 50 200 85 
276 0.026357437743752758 0.048068883373660345 0.9708548852487366 0 0 0 1.9 16 67 39 276 
277 -0.07412294283003208 0.05826015216920293 0.9749472035656596 0 0 0 0.38 16 68 39 277 113 43 
278 0.008978677866115274 -0.0784703905686974 0.992853470364712 0 0 0 0.36 16 69 39 278 92 89 110 51 113 44 124 156 146 109 176 72 214 103 
279 0.027801030684941764 0.002546681348041981 0.9845768764380509 0 0 0 0.19 16 70 39 279 146 110 
280 0.06207681096589643 0.057192929359093723 0.9739360276267832 0 0 0 0.41 16 71 39 280 53 25 118 30 219 20 
281 0.1015607649057132 -0.11205601131628314 0.994357378917817 0 0 0 0.43 16 72 29 35 32 67 38 52 39 281 44 88 50 69 53 26 61 44 77 67 93 59 97 13 109 48 110 52 112 68 124 157 135 44 146 111 148 50 157 96 164 66 172 22 176 73 196 28 204 31 213 69 214 104 219 21 
282 0.1316183924339791 -0.09005008501286792 0.9890023628549587 0 0 0 0.44 16 73 32 68 39 282 44 89 92 90 93 60 109 49 124 158 204 32 214 105 219 22 
283 -0.16745428278280197 -0.08688687285675864 1.0196570150784365 0 0 0 0.24 19 32 39 283 60 38 162 25 172 23 
284 -0.060012180859776644 -0.1734133705560299 1.017242991643206 0 0 0 0.4 19 33 28 63 32 69 39 284 44 90 92 91 112 69 124 159 176 74 200 86 214 106 
285 0.1262891815942048 -0.09571526683313164 0.9913187937787532 0 0 0 0.36 19 34 32 70 39 285 71 25 124 160 164 67 
286 0.19262712115316993 -0.08528714154468221 0.9879450039759744 0 0 0 0.28 28 64 29 36 39 286 93 61 118 31 164 68 172 24 185 34 194 30 204 33 
287 0.08043835023826776 -0.12189090188083475 0.997478365197295 0 0 0 0.42 29 37 32 71 38 53 39 287 44 91 77 68 85 55 93 62 98 75 148 51 159 29 164 69 176 75 185 35 187 37 232 27 
288 0.17563028566538771 -0.047394937560439436 0.984858358484121 0 0 0 0.34 39 288 158 39 187 38 234 11 
289 -0.06488847658379661 -0.18134932557555253 1.0192039188800557 0 0 0 0.24 28 65 39 289 124 161 
290 -0.12071180308027409 -0.15530426715366633 1.0227665096648793 0 0 0 0.23 28 66 39 290 124 162 
291 -0.05402348674185959 -0.14368764909207807 1.008944818590502 0 0 0 0.44 28 67 39 291 112 70 124 163 
292 -0.10305583498291371 -0.12211888497354528 1.0141746810559031 0 0 0 0.16 28 68 39 292 98 76 124 164 
293 0.043096203534132634 -0.14177283911355376 0.9951207165306002 0 0 0 0.21 28 69 39 293 112 71 124 165 146 112 176 76 200 87 
294 -0.004704099901982853 -0.12871018482528349 1.0004559433197322 0 0 0 0.18 28 70 39 294 98 77 187 39 200 88 
295 -0.14302893518652113 -0.10063944111522272 1.0113905160686478 0 0 0 0.4 28 71 39 295 98 78 124 166 
296 -0.10460215252534885 -0.09929142104933986 1.0053269281110935 0 0 0 0.12 28 72 39 296 98 79 124 167 
297 -0.10564685038354571 -0.09805048809209704 1.005610716810571 0 0 0 0.13 28 73 39 297 124 168 
298 -0.007808126454238066 -0.11551739601182098 1.0008420942366663 0 0 0 0.17 28 74 39 298 109 50 124 169 187 40 
299 -0.0704342092781476 -0.09960040485168008 0.9964726552346463 0 0 0 0.36 28 75 39 299 112 72 
300 -0.07920178796255645 -0.09799080105936242 1.000579645537154 0 0 0 0.21 28 76 39 300 98 80 112 73 124 170 
301 0.04266945593310015 -0.11862837549426188 0.9988248919502759 0 0 0 0.28 28 77 39 301 124 171 146 113 157 97 176 77 214 107 
302 -0.12503029850102818 -0.08550236329429738 1.0104604063114049 0 0 0 0.18 28 78 39 302 124 172 
303 0.02754166642167814 -0.10069873144061434 0.9958303538094809 0 0 0 0.16 28 79 39 303 98 81 112 74 124 173 146 114 187 41 
304 0.08374345298819896 -0.10935572651146791 0.9952779139732492 0 0 0 0.3 28 80 39 304 112 75 146 115 157 98 187 42 
305 -0.02271388805227614 -0.08446731098236863 0.9957641158042979 0 0 0 0.27 28 81 39 305 112 76 187 43 
306 -0.14275288303750053 -0.062453660796967195 1.011783791975427 0 0 0 0.22 28 82 39 306 124 174 
307 -0.17440444479356557 -0.059281923666536465 1.0205200155243077 0 0 0 0.41 28 83 39 307 124 175 
308 0.03644525794412865 -0.08098002375787106 0.9916617008481965 0 0 0 0.29 28 84 33 58 39 308 146 116 
309 -0.10222309610634675 -0.06104151969577165 1.0041371889196267 0 0 0 0.25 28 85 39 309 98 82 
310 0.14007496889519191 -0.09161036432740206 0.9857864390197879 0 0 0 0.11 28 86 39 310 175 29 
311 -0.06310331147418048 -0.06006013473506145 0.9936842995559442 0 0 0 0.43 28 87 39 311 98 83 112 77 231 19 
312 0.14509732062422043 -0.07986919661695015 0.9866964350280559 0 0 0 0.33 28 88 39 312 124 176 
313 -0.07130678160010295 -0.01782155344212025 0.9920604098932544 0 0 0 0.41 28 89 39 313 112 78 124 177 187 44 231 20 
314 0.14480276020507063 0.03482891374151599 0.964074411821553 0 0 0 0.47 28 90 39 314 124 178 175 30 187 45 
315 -0.014881539973323123 0.04239436042352926 0.9730365188359756 0 0 0 0.38 28 91 39 315 175 31 187 46 
316 0.09320882992158602 0.04185027750996964 0.9677245125085707 0 0 0 0.21 28 92 39 316 124 179 175 32 187 47 
317 0.09251893573600074 0.04357728917495125 0.9685460961655833 0 0 0 0.29 28 93 39 317 93 63 124 180 136 23 175 33 200 89 
318 -0.10837609889780182 0.06224811312722134 0.9815060599796467 0 0 0 0.21 28 94 39 318 124 181 
319 -0.12824534548516728 -0.1534999325137339 1.0226920126069976 0 0 0 0.38 28 95 39 319 93 64 98 84 124 182 146 117 200 90 214 108 
320 -0.008817692686966064 -0.13294906504816112 0.9967552028619966 0 0 0 0.16 28 96 39 320 112 79 
321 -0.03344604969497133 -0.1157706453320382 0.9993293850270997 0 0 0 0.35 28 97 39 321 112 80 
322 0.19482635843362425 -0.16078413881554413 1.000911479946564 0 0 0 0.36 28 98 36 41 39 322 124 183 187 48 
323 0.19285318396129675 -0.15167309590746397 0.9978642531174619 0 0 0 0.33 28 99 29 38 36 42 39 323 92 92 98 85 112 81 124 184 187 49 234 12 
324 0.1831189849978253 -0.14859070067163427 0.9979492392770241 0 0 0 0.15 28 100 39 324 234 13 
325 0.20027254674452824 -0.14796417585723617 0.9965699154386166 0 0 0 0.29 28 101 187 50 200 91 234 14 
326 0.094577939931482 -0.11806468562790758 0.9961678057920993 0 0 0 0.25 28 102 39 325 112 82 146 118 213 70 
327 0.02465135857662506 -0.10040011129269573 0.9967036904695773 0 0 0 0.38 28 103 36 43 39 326 124 185 146 119 187 51 
328 -0.06366271706579996 -0.08463064876140432 0.9987022125833066 0 0 0 0.46 28 104 39 327 214 109 
329 -0.06564658918222843 -0.08194150715018102 0.9973565803551596 0 0 0 0.36 28 105 39 328 124 186 200 92 
330 -0.011480630857026681 -0.08134312286058984 0.994287843464565 0 0 0 0.16 28 106 39 329 112 83 187 52 231 21 
331 0.035542844151567034 -0.08813358150319238 0.9925983644989897 0 0 0 0.26 28 107 39 330 124 187 187 53 
332 -0.09872311598913064 -0.06428148488216551 1.0039131379771826 0 0 0 0.19 28 108 39 331 124 188 200 93 
333 0.14744833065400315 -0.08595199584842061 0.9886613069881085 0 0 0 0.39 28 109 32 72 39 332 98 86 112 84 118 32 124 189 146 120 157 99 
334 0.15317805735949128 -0.07970848358137082 0.9877019472105677 0 0 0 0.23 28 110 39 333 98 87 112 85 124 190 146 121 157 100 175 34 187 54 234 15 
335 0.1329269942987605 -0.06079106501859389 0.9861955695782814 0 0 0 0.22 28 111 39 334 112 86 124 191 146 122 157 101 176 78 
336 -0.1562399448457051 -0.019055256660638113 1.010275836910438 0 0 0 0.45 28 112 39 335 124 192 214 110 
337 -0.1322850271477866 -0.019356140245190924 1.0050198500461995 0 0 0 0.38 28 113 39 336 124 193 176 79 213 71 
338 -0.003380917073544402 0.041339646596310155 0.9716548160225104 0 0 0 0.25 28 114 39 337 98 88 146 123 214 111 
339 -0.012003476037788997 0.04226669278052733 0.9756232191699377 0 0 0 0.27 28 115 39 338 146 124 176 80 187 55 
340 0.036431978713578866 0.05073094977925193 0.9654944348491656 0 0 0 0.08 28 116 39 339 187 56 
341 -0.11181733001387262 0.05698026094576924 0.9817947125776422 0 0 0 0.21 28 117 39 340 124 194 146 125 214 112 231 22 
342 -0.10607355268947825 0.06232538688408382 0.9785999240450104 0 0 0 0.22 28 118 39 341 231 23 
343 -0.10607355268947762 0.06232538688408452 0.9785999240449974 0 0 0 0.22 28 119 39 342 231 24 
344 -0.1025183406169982 0.062164266997510965 0.9800864998339329 0 0 0 0.31 28 120 39 343 98 89 124 195 
345 -0.100693939119093 -0.08723196622753518 1.008573358423832 0 0 0 0.39 28 121 39 344 53 27 93 65 98 90 124 196 159 30 185 36 
346 0.1931140137644314 -0.12419504660122636 0.9944734775815743 0 0 0 0.21 28 122 32 73 36 44 39 345 53 28 92 93 124 197 146 126 157 102 
347 0.15640230444446698 -0.08525530367168813 0.9875353390564886 0 0 0 0.37 28 123 39 346 92 94 164 70 
348 -0.12311589359608537 0.04433947643850495 0.9902124259054252 0 0 0 0.14 28 124 39 347 98 91 124 198 136 24 
349 -0.04075461156153965 0.0432312681275096 0.9781312375025942 0 0 0 0.18 28 125 39 348 124 199 157 103 176 81 213 72 
350 -0.12353046202946702 0.049672539459286714 0.9878517263495916 0 0 0 0.21 28 126 39 349 113 45 124 200 146 127 
351 0.09063695316798097 -0.1319001251897248 0.9911050279108811 0 0 0 0.18 28 127 39 350 93 66 
352 0.11307226049940267 -0.11646814292979031 0.9903205645666071 0 0 0 0.37 28 128 39 351 124 201 157 104 
353 0.09921255325710504 -0.10256601973781149 0.9934614399647951 0 0 0 0.53 28 129 39 352 98 92 109 51 124 202 157 105 187 57 214 113 
354 -0.0147009675716869 -0.07767684590505017 0.9940348186331214 0 0 0 0.48 28 130 39 353 85 56 98 93 109 52 113 46 118 33 
355 -0.12013091982920186 -0.1601848094049156 1.0238080496218518 0 0 0 0.22 28 131 39 354 124 203 
356 -0.11136435386231885 -0.15396052442526575 1.0187370636231021 0 0 0 0.29 28 132 39 355 98 94 124 204 200 94 
357 0.08491449314815351 -0.13337661506472753 0.9907641650279498 0 0 0 0.23 28 133 39 356 124 205 
358 -0.05656147249674497 -0.1675822942786973 1.0121557318161152 0 0 0 0.65 28 134 36 45 39 357 98 95 
359 -0.04252205904255698 -0.08088355437057249 0.9942495747223972 0 0 0 1.04 28 135 36 46 39 358 124 206 185 37 214 114 232 28 
360 0.16100918543756276 -0.07935869708640048 0.9844853002733488 0 0 0 0.67 28 136 29 39 38 54 39 359 53 29 112 87 118 34 146 128 232 29 234 16 
361 -0.060460520250587554 -0.050787919616128725 0.9958641898001185 0 0 0 0.63 28 137 29 40 38 55 39 360 50 70 71 26 77 69 118 35 157 106 158 40 204 34 
362 0.1904407289133097 -0.1270302926018917 0.9943246265629492 0 0 0 0.28 29 41 39 361 50 71 92 95 93 67 98 96 146 129 187 58 234 17 
363 0.07817010955132596 0.04330405128633471 0.9679113744457917 0 0 0 0.26 29 42 39 362 158 41 175 35 
364 0.13016523818724107 -0.09795003091738358 0.9894061353265143 0 0 0 0.38 29 43 39 363 85 57 97 14 98 97 109 53 124 207 176 82 219 23 
365 0.0244518203185686 -0.0917984070184501 0.994717001597857 0 0 0 0.55 29 44 32 74 36 47 39 364 97 15 112 88 124 208 159 31 185 38 232 30 
366 -0.08737669566045246 -0.03355977427687604 1.0002241022612828 0 0 0 0.28 29 45 32 75 39 365 124 209 
367 0.12462844977785366 -0.0780411422809643 0.9861250061769267 0 0 0 0.59 29 46 32 76 36 48 39 366 50 72 124 210 146 130 175 36 176 83 204 35 
368 -0.09004469124506734 -0.034961255106972004 0.9974755202736603 0 0 0 0.57 29 47 32 77 39 367 71 27 77 70 110 53 113 47 148 52 200 95 214 115 
369 0.15858304725246156 -0.07764510029731449 0.9849264538834565 0 0 0 0.56 29 48 39 368 53 30 97 16 110 54 148 53 159 32 162 26 172 25 185 39 194 31 204 36 219 24 232 31 
370 0.14627015089991177 -0.09200259965495983 0.9879706510171015 0 0 0 0.45 29 49 32 78 36 49 38 56 39 369 146 131 213 73 232 32 
371 -0.028126945957533258 -0.04848417795900462 0.9876870619230361 0 0 0 1.21 29 50 39 370 77 71 124 211 
372 -0.028126945957533258 -0.04848417795900462 0.9876870619230361 0 0 0 1.21 29 51 39 371 77 72 124 212 
373 0.156609841671043 0.007500949573338339 0.9688606873968518 0 0 0 0.46 29 52 39 372 97 17 
374 0.093661969593774 -0.1259503583005584 0.9930775378654464 0 0 0 0.23 32 79 39 373 98 98 146 132 
375 0.1953632103367387 -0.12204630438761842 0.9968589885999546 0 0 0 0.51 32 80 36 50 39 374 61 45 
376 -0.1762587796611063 -0.12363480689658918 1.0256932497467999 0 0 0 0.28 32 81 36 51 39 375 
377 -0.004146946519839914 -0.10376767919605288 0.9991787129753876 0 0 0 0.21 32 82 36 52 39 376 61 46 110 55 159 33 214 116 
378 0.13597346562748192 -0.09657088615281642 0.987517774054101 0 0 0 0.24 32 83 36 53 39 377 44 92 112 89 200 96 
379 -0.013135240204300805 -0.09517754546001818 0.9964193321342241 0 0 0 0.13 32 84 36 54 39 378 
380 -0.03409950379607634 -0.09098222673282984 1.0003972554137266 0 0 0 0.24 32 85 36 55 39 379 92 96 
381 0.07627265266560504 -0.08297867907911807 0.9899448439785695 0 0 0 0.41 32 86 36 56 39 380 50 73 109 54 158 42 187 59 
382 0.15595506701924156 -0.027981187318835903 0.979019940693074 0 0 0 0.17 32 87 39 381 157 107 
383 0.21934097106320496 -0.027042605393200976 0.9776773592980732 0 0 0 0.45 32 88 39 382 112 90 187 60 213 74 
384 0.1541672047507929 -0.02468929252477091 0.9789047071680097 0 0 0 0.25 32 89 39 383 110 56 124 213 
385 0.08221713707497036 -0.02116826158563838 0.9831081426221626 0 0 0 0.36 32 90 39 384 50 74 98 99 124 214 176 84 200 97 214 117 
386 -0.03508231202889858 -0.02170055212260573 0.9863508042952439 0 0 0 0.34 32 91 39 385 85 58 110 57 113 48 124 215 176 85 
387 -0.01072766448626097 0.025706399750078317 0.9837356923742583 0 0 0 0.1 32 92 39 386 124 216 157 108 
388 -0.010739409920936475 0.029460556989423518 0.9835383795768998 0 0 0 0.12 32 93 39 387 124 217 
389 -0.013343938577805525 0.031117249438264806 0.98142849799137 0 0 0 0.2 32 94 39 388 50 75 124 218 
390 -0.005614302998001436 0.04148743906733656 0.9729045615433086 0 0 0 0.27 32 95 39 389 44 93 92 97 113 49 124 219 
391 -0.09974459784168863 0.04174590840356434 0.9807426680316742 0 0 0 0.2 32 96 39 390 113 50 
392 -0.10353157882665573 0.04260421228363375 0.9773806447277643 0 0 0 0.24 32 97 36 57 39 391 113 51 
393 -0.15683180681820333 0.05395357793372837 0.9872049408326528 0 0 0 0.68 32 98 39 392 53 31 
394 -0.12036533473320656 -0.13280420301136825 1.0186749554284207 0 0 0 0.38 32 99 39 393 113 52 118 36 
395 -0.12037909916449331 -0.13277672104423247 1.0184936556927393 0 0 0 0.39 32 100 39 394 92 98 110 58 113 53 118 37 
396 0.10143561500577544 -0.11744723529850057 0.9932841347818769 0 0 0 0.45 32 101 39 395 157 109 
397 0.026710559986173298 -0.1051622293427405 0.9968611704836724 0 0 0 0.17 32 102 36 58 39 396 
398 -0.022444205404076187 -0.09614368749903239 0.9981383758046075 0 0 0 0.17 32 103 36 59 39 397 92 99 124 220 
399 0.001923965723220951 -0.09292082738202694 1.0008644117253847 0 0 0 0.2 32 104 36 60 39 398 
400 0.1924470219661821 -0.08897352154927848 0.9880101116352383 0 0 0 0.2 32 105 39 399 157 110 
401 0.07414638075649249 -0.08629099586625229 0.9920008755196301 0 0 0 0.16 32 106 36 61 39 400 
402 0.11432401292818803 -0.02369063363902439 0.9810579217959582 0 0 0 0.22 32 107 36 62 39 401 97 18 
403 0.11087461193576552 0.0013845797553161993 0.9771683055619068 0 0 0 0.07 32 108 36 63 39 402 
404 -0.0130879858948124 0.023567548765692923 0.9850214069244648 0 0 0 0.36 32 109 39 403 124 221 
405 -0.030905475478206323 0.02926245207896604 0.9756580149028382 0 0 0 0.42 32 110 39 404 85 59 213 75 
406 -0.02717670702815387 0.02939979562104694 0.9788227993798053 0 0 0 0.41 32 111 39 405 213 76 
407 -0.03190021554215373 0.03739658362341625 0.972323872444117 0 0 0 0.13 32 112 39 406 113 54 124 222 
408 -0.02865620371128896 0.04043388187107945 0.9685368482587436 0 0 0 0.24 32 113 39 407 113 55 
409 -0.14297610136678038 0.04099523566749188 0.9889850450812799 0 0 0 0.22 32 114 39 408 113 56 
410 -0.023743942253386937 0.04393903440490707 0.9737251426406586 0 0 0 0.25 32 115 36 64 39 409 113 57 
411 -0.1399940050477233 0.04230964475772861 0.9890509455481172 0 0 0 0.14 32 116 39 410 113 58 
412 -0.006128578446882624 0.046634869196704384 0.9727705419703214 0 0 0 0.37 32 117 39 411 97 19 113 59 124 223 
413 -0.030691946703310474 0.05549688270329947 0.9703976151831815 0 0 0 0.22 32 118 39 412 113 60 124 224 204 37 214 118 231 25 
414 -0.025534697341520304 0.05559468898810261 0.9709833214956086 0 0 0 0.21 32 119 36 65 39 413 113 61 
415 0.135373478849819 -0.14131267714155166 0.9988516257482256 0 0 0 0.09 32 120 39 414 97 20 124 225 
416 -0.1286389350424251 -0.10449197844056374 1.0117946451172641 0 0 0 0.28 32 121 39 415 146 133 
417 0.002479786496664403 -0.09987468692195989 0.9981340884704014 0 0 0 0.4 32 122 39 416 110 59 113 62 124 226 194 32 214 119 
418 -0.003182362889486503 -0.021963922809459118 0.9895477023582954 0 0 0 0.29 32 123 39 417 97 21 
419 -0.056187582831418635 -0.015838479205869286 0.9874085353318646 0 0 0 0.35 32 124 36 66 39 418 110 60 112 91 113 63 124 227 
420 -0.002582501015521465 0.03563816173416155 0.9735354936219106 0 0 0 0.29 32 125 36 67 39 419 
421 0.0031893434647419167 0.040594114002267555 0.9659829937765488 0 0 0 0.16 32 126 36 68 39 420 
422 -0.10183305164705841 0.03972648515736258 0.9792641123488085 0 0 0 0.24 32 127 36 69 39 421 113 64 
423 -0.06037987704154703 -0.17435023246254835 1.0192679258889432 0 0 0 0.24 32 128 39 422 124 228 
424 -0.12387819661354883 -0.13277401191635563 1.020208943104848 0 0 0 0.28 32 129 39 423 124 229 
425 -0.04860035175505828 -0.09817140226228796 1.0010744627001904 0 0 0 0.21 32 130 36 70 39 424 
426 -0.06874762040752665 -0.024182530459935944 0.9901816266321555 0 0 0 0.26 32 131 39 425 113 65 124 230 
427 -0.15069905157976313 -0.014315856808155397 1.0034715541626282 0 0 0 0.25 32 132 39 426 44 94 
428 0.19677488185209654 -0.04176629566120312 0.9898290566936024 0 0 0 0.29 32 133 39 427 234 18 
429 0.07248703665791653 -0.10069666789589903 0.9946764834132249 0 0 0 0.32 33 59 39 428 93 68 109 55 112 92 124 231 214 120 
430 0.13161278162784432 -0.08718063048901441 0.989605020417988 0 0 0 0.3 33 60 39 429 200 98 
431 0.020184799416776495 0.043866295041092934 0.9741958301959306 0 0 0 0.16 33 61 39 430 124 232 157 111 
432 0.15730896401351213 0.047445173286758055 0.9663401633080744 0 0 0 0.44 33 62 39 431 157 112 
433 -0.05466039324250481 -0.015398539133108933 0.9870736243022964 0 0 0 0.41 33 63 38 57 39 432 109 56 124 233 214 121 
434 -0.08306934409422825 0.05339445028835056 0.9783601925993487 0 0 0 0.2 33 64 39 433 44 95 200 99 
435 0.03131636007198953 0.05818262325235282 0.9662421409510525 0 0 0 0.27 33 65 39 434 157 113 164 71 
436 -0.014478800488929439 -0.0901577435002092 0.9955900464617686 0 0 0 0.33 36 71 39 435 92 100 110 61 
437 0.10561186622600195 -0.08759311626006874 0.9893406726856113 0 0 0 0.34 36 72 39 436 77 73 135 45 148 54 200 100 213 77 
438 0.03141176025183481 -0.08852023449017739 0.9934255870334581 0 0 0 0.23 36 73 39 437 176 86 187 61 231 26 
439 -0.018858600738420387 -0.08822251878083806 0.996420732739963 0 0 0 0.19 36 74 39 438 124 234 204 38 214 122 
440 0.17039149183643246 -0.05962559957610322 0.9854119402302519 0 0 0 0.09 36 75 39 439 124 235 
441 0.05028686291800676 -0.024093504518439973 0.9833929556877418 0 0 0 0.29 36 76 39 440 110 62 113 66 
442 0.05035974829675811 -0.024193297720727328 0.9837061509954412 0 0 0 0.23 36 77 39 441 110 63 124 236 
443 0.00945152629595427 -0.03768680060179575 0.9893782869409272 0 0 0 0.23 36 78 39 442 113 67 
444 -0.020824287659363807 -0.015306934044326379 0.9880214540483755 0 0 0 0.08 36 79 39 443 113 68 
445 0.031108089195058527 0.04250984897070287 0.9664303373134902 0 0 0 0.63 36 80 39 444 124 237 
446 -0.10913811290585151 -0.10024134175531228 1.0042577686508602 0 0 0 0.32 36 81 39 445 77 74 113 69 159 34 185 40 214 123 
447 -0.10702292689445876 -0.0746884772797079 1.0051776923873224 0 0 0 0.27 36 82 39 446 77 75 92 101 146 134 172 26 176 87 214 124 
448 0.12358386886882144 -0.1028693754128757 0.9909667026700489 0 0 0 0.44 36 83 39 447 98 100 110 64 146 135 176 88 185 41 213 78 214 125 219 25 
449 -0.056599575998513646 -0.006755521841561257 0.9871274218486684 0 0 0 0.4 36 84 39 448 71 28 113 70 
450 -0.06118984323876102 0.03970079296129237 0.9711650650888765 0 0 0 0.39 36 85 39 449 113 71 124 238 
451 -0.11685961637612477 -0.13224622362682464 1.0162336981519675 0 0 0 0.58 36 86 39 450 200 101 214 126 
452 0.16212373542732575 -0.11201575269992363 0.9967276359186671 0 0 0 0.76 36 87 39 451 44 96 
453 0.19139141706497356 -0.005308532339594208 0.9769330726341339 0 0 0 0.84 36 88 39 452 187 62 
454 0.009918497812237009 -0.11812318777953576 0.9993214533362792 0 0 0 0.45 38 58 39 453 98 101 109 57 157 114 
455 0.09195843728895392 -0.11190704209088685 0.9952799645651605 0 0 0 0.21 38 59 39 454 98 102 112 93 200 102 214 127 
456 0.08579866742029495 -0.018329607371387707 0.981885230611174 0 0 0 0.21 38 60 39 455 214 128 
457 -0.13304877398081721 -0.08166873347210993 1.0118891008372115 0 0 0 0.19 38 61 39 456 60 39 85 60 92 102 113 72 136 25 157 115 213 79 
458 -0.1054029489051396 -0.06453515103926749 1.005263345836903 0 0 0 0.25 38 62 39 457 50 76 124 239 157 116 200 103 214 129 
459 -0.006717529616309512 -0.13242661980041634 0.9967324936810321 0 0 0 0.49 39 458 98 103 112 94 124 240 187 63 
460 -0.006346230559940339 -0.13149295231716218 0.9976097218206424 0 0 0 0.29 39 459 112 95 124 241 
461 0.08003790947176308 -0.13299196652817108 0.9929202179879312 0 0 0 0.14 39 460 112 96 124 242 187 64 
462 0.08003790947176308 -0.13299196652817108 0.9929202179879312 0 0 0 0.14 39 461 112 97 124 243 187 65 
463 -0.020617823049609112 -0.12101730783132159 0.9995809632711314 0 0 0 0.41 39 462 112 98 124 244 
464 0.05302414786336253 -0.11192623341681128 0.9959171411852973 0 0 0 0.14 39 463 124 245 187 66 
465 0.055506015704666005 -0.11209468209630277 0.9962994673545198 0 0 0 0.21 39 464 112 99 187 67 
466 0.08945240608063738 -0.10949984475159326 0.9960504779755711 0 0 0 0.21 39 465 109 58 112 100 
467 0.07549961549162684 -0.09793929607107206 0.9947893859483214 0 0 0 0.19 39 466 112 101 124 246 
468 -0.13661345634733385 -0.08611440010140309 1.0147182369064427 0 0 0 0.38 39 467 98 104 124 247 
469 0.02991089644238802 -0.0612175149462607 0.9914609930256568 0 0 0 0.2 39 468 112 102 124 248 
470 0.0980574795406483 -0.03155201769907791 0.9825914190890632 0 0 0 0.21 39 469 112 103 231 27 
471 -0.10959098305246881 -0.019093574190232783 0.9996875199160333 0 0 0 0.28 39 470 124 249 231 28 
472 0.017080279434037005 -0.019943892488780705 0.9836544141761094 0 0 0 0.09 39 471 112 104 175 37 
473 0.017080279434037005 -0.019943892488780705 0.9836544141761094 0 0 0 0.09 39 472 112 105 175 38 
474 0.055918580427920334 -0.016590542678820507 0.9825585950809548 0 0 0 0.24 39 473 175 39 187 68 
475 0.09481691279658874 0.03945392923059326 0.9690000959760057 0 0 0 0.44 39 474 124 250 175 40 
476 -0.06413711138080401 0.05242488064387576 0.9680096376963837 0 0 0 0.72 39 475 112 106 187 69 
477 -0.14400911586611442 -0.11975664499216723 1.0206595514501922 0 0 0 0.39 39 476 124 251 146 136 
478 -0.10307615259626439 -0.12054043060239698 1.014371503973234 0 0 0 0.28 39 477 124 252 146 137 
479 0.07897323301834235 -0.1280067687459423 0.9974884352964206 0 0 0 0.23 39 478 93 69 124 253 
480 0.04232947952302792 -0.12371976634566562 0.9999639640178967 0 0 0 0.27 39 479 93 70 112 107 
481 0.05534360497073122 -0.11405916409777776 0.9966541566177142 0 0 0 0.19 39 480 157 117 187 70 200 104 214 130 
482 0.02773165410066657 -0.11187595980309052 0.9981416199650653 0 0 0 0.2 39 481 112 108 124 254 214 131 
483 0.09601525066659937 -0.10945191893091007 0.9949184694808562 0 0 0 0.13 39 482 109 59 124 255 175 41 
484 -0.01693499018175394 -0.09925613288215876 0.9986013491142537 0 0 0 0.41 39 483 124 256 146 138 214 132 
485 -0.00024489313373405935 -0.09867837927543972 0.9980763326346834 0 0 0 0.14 39 484 124 257 213 80 
486 0.06786184511871057 -0.10296725965247142 0.9950652377961411 0 0 0 0.28 39 485 187 71 194 33 214 133 
487 0.05105680654959068 -0.10103790875108248 0.9956178938887348 0 0 0 0.16 39 486 124 258 176 89 
488 0.1029757213289299 -0.10158212170748326 0.9933100413486721 0 0 0 0.27 39 487 112 109 187 72 
489 -0.1393479204987043 -0.08622267375086626 1.0151161632524592 0 0 0 0.25 39 488 98 105 124 259 
490 -0.1272151494840636 -0.08571390403169338 1.0115336736570086 0 0 0 0.46 39 489 98 106 200 105 
491 0.03632730740679705 -0.0948259993806653 0.9977076144527938 0 0 0 0.18 39 490 146 139 176 90 
492 0.17183845927947955 -0.10273342226133518 0.9895296123529224 0 0 0 0.16 39 491 124 260 175 42 
493 0.14973062979244725 -0.09110647726613186 0.9869631144549279 0 0 0 0.25 39 492 93 71 124 261 
494 0.022256256633431035 -0.0807502021736118 0.9919811069875263 0 0 0 0.09 39 493 112 110 136 26 
495 0.022107505271613776 -0.08075480564903227 0.9915366245113377 0 0 0 0.29 39 494 98 107 112 111 146 140 187 73 200 106 
496 0.11823243911637565 -0.08528159501310568 0.9889222415396377 0 0 0 0.14 39 495 112 112 124 262 146 141 157 118 175 43 
497 0.028787860678050493 -0.07460989409112011 0.9909167800568641 0 0 0 0.24 39 496 124 263 231 29 
498 0.1651280349505475 -0.08400733475868181 0.9878148929035333 0 0 0 0.35 39 497 112 113 175 44 
499 -0.14131519541227586 -0.060906711537389496 1.0110179137122586 0 0 0 0.39 39 498 98 108 124 264 146 142 
500 0.09860151258111342 -0.05917911966674904 0.9876997789216805 0 0 0 0.25 39 499 98 109 124 265 146 143 157 119 187 74 
501 0.1387974330663639 -0.058908052156886485 0.9840393521440878 0 0 0 0.17 39 500 112 114 175 45 200 107 
502 0.09765351092066997 -0.04359168692583355 0.9833715802776778 0 0 0 0.08 39 501 124 266 231 30 
503 -0.0038254553849811686 -0.028737846960395892 0.9882662549006844 0 0 0 0.08 39 502 124 267 146 144 231 31 
504 -0.05069388197023352 -0.018222955755011 0.9898071699603566 0 0 0 0.45 39 503 124 268 187 75 
505 0.08020878108054613 -0.018497552799073717 0.982597008256938 0 0 0 0.09 39 504 124 269 157 120 231 32 
506 0.1915455673746082 -0.018131096975621458 0.979238637214768 0 0 0 0.43 39 505 93 72 200 108 
507 0.08834309179242163 0.04335795720735622 0.9693913225664117 0 0 0 0.18 39 506 112 115 187 76 
508 0.06705237921216803 0.04492296676845647 0.9641241407634167 0 0 0 0.31 39 507 124 270 157 121 175 46 
509 0.09380629074308208 0.04615679757241687 0.9680657866418065 0 0 0 0.21 39 508 112 116 175 47 
510 0.09370297845106287 0.04615371123995547 0.9678917560746829 0 0 0 0.21 39 509 112 117 124 271 175 48 
511 0.0360422551141333 0.04917116386441455 0.9664297947379791 0 0 0 0.25 39 510 124 272 187 77 
512 0.018438263109873433 0.04991068563637322 0.9741378935019935 0 0 0 0.19 39 511 124 273 175 49 
513 0.03934317532521003 0.0534185052306881 0.9649718414681883 0 0 0 0.18 39 512 112 118 187 78 
514 -0.06476888039666559 0.05878372690181787 0.9711350659825635 0 0 0 0.44 39 513 98 110 124 274 200 109 
515 -0.0633192413080565 -0.1847223877083192 1.0182991149877978 0 0 0 0.47 39 514 124 275 214 134 
516 -0.12818798035419768 -0.15345088197843335 1.0223757668618991 0 0 0 0.24 39 515 146 145 214 135 
517 0.1966264867815928 -0.14777607647329985 0.9960306296479727 0 0 0 0.25 39 516 124 276 157 122 
518 -0.002314099011810005 -0.11428121020380215 1.0010034243500356 0 0 0 0.16 39 517 157 123 214 136 
519 0.17869492783014407 -0.12146939359523092 0.9919885551725137 0 0 0 0.7 39 518 124 277 146 146 196 29 
520 0.2071301528759649 -0.12011119415469557 0.9929167031953997 0 0 0 0.17 39 519 124 278 157 124 213 81 
521 0.0677428282625293 -0.10774810410867842 0.9959561748845741 0 0 0 0.37 39 520 61 47 85 61 92 103 
522 -0.0005766970385385231 -0.10222221876052699 0.9975969332958654 0 0 0 0.11 39 521 109 60 110 65 113 73 124 279 
523 0.08215595723057434 -0.10042021785219589 0.9943427293207929 0 0 0 0.2 39 522 109 61 124 280 214 137 
524 -0.19742502265763454 -0.08409623901796763 1.0264439226680493 0 0 0 0.32 39 523 98 111 124 281 
525 -0.04716162314870133 -0.0878276668269528 0.9978229355756987 0 0 0 0.17 39 524 110 66 112 119 124 282 146 147 214 138 
526 -0.08143470789745913 -0.08652997885529291 1.0048277147325535 0 0 0 0.36 39 525 93 73 98 112 112 120 124 283 200 110 
527 -0.06648815746778872 -0.08412211572023387 0.9985008400402755 0 0 0 0.12 39 526 113 74 124 284 146 148 185 42 213 82 214 139 
528 0.19666853942772328 -0.10293167162065732 0.9905921082134775 0 0 0 0.39 39 527 71 29 124 285 135 46 
529 -0.1582723191483376 -0.0813267764023232 1.0164181194123638 0 0 0 0.17 39 528 109 62 164 72 
530 0.014331405314550757 -0.08836931371447473 0.9936729676776398 0 0 0 0.17 39 529 146 149 194 34 214 140 
531 -0.02811974862527092 -0.08156744860873678 0.9951728253302777 0 0 0 0.17 39 530 109 63 112 121 187 79 
532 0.04787344082562814 -0.0864344411686703 0.9930324749103325 0 0 0 0.18 39 531 124 286 146 150 214 141 
533 0.09892758726924139 -0.08976271240310102 0.9908717860780998 0 0 0 0.5 39 532 109 64 159 35 194 35 
534 0.1284843922196931 -0.08842389383725476 0.9884161528791159 0 0 0 0.19 39 533 109 65 157 125 214 142 
535 0.1273947493742049 -0.08662136703195403 0.9880205590994722 0 0 0 0.44 39 534 93 74 98 113 112 122 124 287 146 151 187 80 200 111 213 83 
536 -0.17204702975039682 -0.06360246206462673 1.0184011668704243 0 0 0 0.35 39 535 124 288 214 143 
537 0.22844937870047233 -0.08334160000077194 0.9851113486571726 0 0 0 0.24 39 536 44 97 200 112 
538 0.21543911380264003 -0.0819620337583514 0.9886960197848079 0 0 0 0.18 39 537 124 289 200 113 
539 0.21997958454104105 -0.08160652859970927 0.9861566436664417 0 0 0 0.23 39 538 44 98 61 48 93 75 146 152 187 81 200 114 
540 0.2508897997705702 -0.08320088692857067 0.9861459849601288 0 0 0 0.2 39 539 92 104 112 123 
541 0.20433450448362578 -0.05977538514416699 0.9842176523844085 0 0 0 0.18 39 540 93 76 124 290 
542 0.020804110979471043 -0.046044998587270645 0.9946384083135096 0 0 0 0.32 39 541 135 47 231 33 
543 -0.11124676073537919 -0.02370992431122112 1.0014810950756878 0 0 0 0.13 39 542 146 153 213 84 
544 -0.13374409015946012 -0.020528804214632563 1.0049177865120644 0 0 0 0.14 39 543 124 291 214 144 
545 -0.019225555766865323 -0.024706989242569123 0.9905769618915388 0 0 0 0.17 39 544 124 292 146 154 
546 -0.019451915119474087 -0.024443314901477015 0.989149075687797 0 0 0 0.31 39 545 187 82 200 115 
547 -0.11135912798109027 -0.019512319852525776 1.0005352884384846 0 0 0 0.2 39 546 124 293 200 116 
548 -0.11135912798109027 -0.019512319852525776 1.0005352884384846 0 0 0 0.2 39 547 124 294 200 117 
549 -0.003920780229048595 -0.022254038889631053 0.9887074684082037 0 0 0 0.08 39 548 92 105 213 85 
550 0.09510660655456711 -0.02317642209929399 0.9824701384448434 0 0 0 0.23 39 549 124 295 213 86 
551 0.030849325613674282 -0.018467647109333876 0.9862088889870302 0 0 0 0.24 39 550 124 296 146 155 157 126 
552 0.08505971249568585 -0.017934719992708063 0.9794413607235243 0 0 0 0.31 39 551 124 297 231 34 
553 0.1538461035299118 -0.02167225755567449 0.978659356677354 0 0 0 0.11 39 552 157 127 214 145 
554 0.06463359719249505 -0.016803947005919657 0.9824981185672845 0 0 0 0.19 39 553 124 298 231 35 
555 0.1585783336480341 -0.019782429213559726 0.9779329930537699 0 0 0 0.13 39 554 110 67 124 299 
556 0.04611498511369407 -0.012780169204955298 0.9834466197511682 0 0 0 0.25 39 555 124 300 175 50 
557 0.2347550548073341 -0.015919256268386764 0.9763916500879081 0 0 0 0.84 39 556 124 301 214 146 
558 0.028172711296592726 -0.0023431378839218852 0.9842953330933075 0 0 0 0.34 39 557 146 156 214 147 
559 0.19899535234341545 -0.006420009868241843 0.9782493997214183 0 0 0 0.31 39 558 93 77 214 148 
560 0.1854603987305437 0.008267737866771353 0.9766123662464953 0 0 0 0.33 39 559 124 302 157 128 
561 0.012540625158221257 0.0342380177256699 0.979592435101223 0 0 0 0.34 39 560 124 303 146 157 
562 0.1665151805043534 0.032951191343178546 0.9708396759219622 0 0 0 0.42 39 561 175 51 200 118 
563 -0.0791276435506509 0.043676093459096774 0.9827074481511026 0 0 0 0.27 39 562 124 304 136 27 
564 -0.11733720812361287 0.045073001540862905 0.9899326085494643 0 0 0 0.49 39 563 98 114 157 129 
565 -0.08771808244921352 0.04537509535773308 0.983362103567472 0 0 0 0.18 39 564 176 91 200 119 
566 -0.08771808244921352 0.04537509535773308 0.983362103567472 0 0 0 0.18 39 565 176 92 200 120 
567 0.13083636951959557 0.03790183997389418 0.9720810352058579 0 0 0 0.39 39 566 146 158 200 121 
568 0.06003692973698403 0.0408221421386864 0.9743826609657279 0 0 0 0.19 39 567 124 305 157 130 
569 -0.08781424819399171 0.047189052263193594 0.9828560164825699 0 0 0 0.05 39 568 124 306 200 122 
570 -0.08785584058314558 0.04711475354292154 0.9834322538574695 0 0 0 0.19 39 569 124 307 146 159 200 123 
571 -0.08436785155726706 0.047089315421729054 0.9821044445998341 0 0 0 0.22 39 570 146 160 200 124 
572 -0.0861711929484985 0.047840154207712794 0.9826818654271655 0 0 0 0.25 39 571 124 308 200 125 
573 -0.08268397185724577 0.04765975776145853 0.9823913148318065 0 0 0 0.29 39 572 124 309 157 131 213 87 
574 -0.07917886514630124 0.04750874325785458 0.9805636766853011 0 0 0 0.14 39 573 146 161 200 126 
575 -0.06934587301813026 0.04749831849195054 0.9728778282713573 0 0 0 0.22 39 574 124 310 213 88 
576 0.03941732056765141 0.04515889086939317 0.9692546438813903 0 0 0 0.34 39 575 124 311 146 162 175 52 213 89 
577 0.020428720182168198 0.047072091078948886 0.9750138344905053 0 0 0 0.07 39 576 124 312 175 53 
578 0.020261807876250933 0.04931732589117697 0.9740843580676158 0 0 0 0.22 39 577 93 78 146 163 175 54 
579 0.10128844203231568 0.048637700652012596 0.9619919788862887 0 0 0 0.27 39 578 98 115 124 313 
580 0.055858574730862136 0.049761097729131704 0.9792486858723295 0 0 0 0.19 39 579 50 77 146 164 
581 -0.10075415913306954 0.06055862969318242 0.9795321308085172 0 0 0 0.16 39 580 176 93 213 90 
582 -0.059638157250154485 0.06162582736464227 0.9699331278821668 0 0 0 0.37 39 581 85 62 146 165 214 149 
583 0.14371767319359688 -0.18781368426616474 1.0085341963195544 0 0 0 0.35 39 582 92 106 172 27 
584 0.14385847850822925 -0.18809385316256072 1.0089973853392553 0 0 0 0.21 39 583 61 49 214 150 
585 -0.10941168763555889 -0.15068562421859513 1.0197621758955393 0 0 0 0.18 39 584 124 314 157 132 200 127 
586 -0.12832080879234997 -0.13899671999745056 1.024753500593848 0 0 0 0.16 39 585 124 315 200 128 
587 0.17656889082868404 -0.12201901896721477 0.9932787529372605 0 0 0 0.17 39 586 92 107 93 79 124 316 
588 0.06969291017784242 -0.10120331224761349 0.9951468466719947 0 0 0 0.42 39 587 124 317 176 94 
589 0.06969552890688081 -0.10106236191300039 0.9948345361407042 0 0 0 0.42 39 588 92 108 124 318 
590 -0.04186747653915973 -0.08789181147585534 0.9972055044244096 0 0 0 0.3 39 589 110 68 113 75 124 319 194 36 
591 0.08324888070287713 -0.09290688773459735 0.9933131602856562 0 0 0 0.29 39 590 53 32 61 50 109 66 157 133 158 43 176 95 
592 0.09832567709786508 -0.09261759794829733 0.9906959232979287 0 0 0 0.46 39 591 92 109 98 116 124 320 176 96 
593 0.0052169391462944855 -0.08185581437016091 0.994655794174981 0 0 0 0.26 39 592 92 110 124 321 214 151 
594 -0.17497985430491764 -0.06661166848110908 1.016718063988676 0 0 0 0.34 39 593 110 69 113 76 124 322 
595 -0.13666410974972384 -0.06681546371985032 1.010433107740091 0 0 0 0.26 39 594 60 40 113 77 124 323 
596 0.10052326164062689 -0.07774156473607545 0.9865151672932079 0 0 0 0.33 39 595 124 324 204 39 
597 0.19953801530065568 -0.0816490980499468 0.9868243909950334 0 0 0 0.25 39 596 44 99 93 80 124 325 157 134 162 27 200 129 214 152 
598 -0.009668669896617415 -0.06658177640285463 0.996704893911341 0 0 0 0.31 39 597 200 130 231 36 
599 0.2191403531831578 -0.07926367586987337 0.9865795439370593 0 0 0 0.28 39 598 98 117 200 131 
600 -0.1408645310170615 -0.056498812091437235 1.010204906604796 0 0 0 0.32 39 599 113 78 124 326 157 135 176 97 214 153 
601 0.053953748465469964 -0.06489408879088059 0.9939989417193408 0 0 0 0.07 39 600 124 327 231 37 
602 0.06258907038358334 -0.06269726358017416 0.992558911167381 0 0 0 0.53 39 601 50 78 124 328 157 136 
603 0.02823886650264763 -0.05909466504382172 0.992902972712659 0 0 0 0.19 39 602 124 329 231 38 
604 0.16849045718037955 -0.06042339630794463 0.9866539909677878 0 0 0 0.2 39 603 112 124 124 330 176 98 
605 0.027967480095276546 -0.045331530342697934 0.991035015157567 0 0 0 0.22 39 604 50 79 60 41 124 331 157 137 
606 -0.15138734942179372 -0.026229931147534052 1.007808378857431 0 0 0 0.5 39 605 124 332 176 99 
607 0.02671025465773786 -0.03448252770978204 0.9914113738682624 0 0 0 0.27 39 606 124 333 175 55 
608 -0.07213129107412596 -0.027374259387310047 0.9935921441128313 0 0 0 0.24 39 607 50 80 92 111 98 118 124 334 146 166 176 100 200 132 214 154 
609 -0.15660408491190958 -0.02064620701333518 1.0084002550868558 0 0 0 0.57 39 608 44 100 93 81 148 55 214 155 
610 0.09941489503506644 -0.029680634965806533 0.9821994380065578 0 0 0 0.44 39 609 112 125 213 91 231 39 
611 -0.03652427522430268 -0.01830331929116206 0.9867632571903548 0 0 0 0.35 39 610 92 112 231 40 
612 -0.09128768818284848 -0.012607158174336464 0.9974763007005564 0 0 0 0.4 39 611 164 73 214 156 
613 -0.08778979464443609 -0.0129674598499245 0.9977328014305149 0 0 0 0.32 39 612 85 63 214 157 
614 0.05086302475137617 -0.01318745546562166 0.9872160875509655 0 0 0 0.18 39 613 50 81 124 335 157 138 175 56 231 41 
615 0.09506342787321637 -0.008672695878636184 0.982389541782508 0 0 0 0.25 39 614 61 51 124 336 158 44 
616 -0.01573593015080158 0.0165557152609758 0.9847021769479308 0 0 0 0.12 39 615 124 337 158 45 
617 0.02717778632840569 0.01945383609849866 0.9804008304463006 0 0 0 0.09 39 616 118 38 213 92 
618 -0.006429614889803718 0.025680426016202337 0.9846939475434979 0 0 0 0.09 39 617 146 167 213 93 
619 -0.02002953821529245 0.03352242035700514 0.9809260540945002 0 0 0 0.14 39 618 124 338 146 168 
620 -0.046082551317169235 0.04464037836745496 0.9752033429732823 0 0 0 0.09 39 619 124 339 200 133 
621 -0.003393162346288831 0.04349694032180844 0.9699527328786879 0 0 0 0.21 39 620 44 101 124 340 176 101 
622 0.016498183403934795 0.04394393347236772 0.9736488029207548 0 0 0 0.17 39 621 60 42 175 57 
623 -0.0034159851638425665 0.04634209804522466 0.9701164036303477 0 0 0 0.14 39 622 113 79 124 341 214 158 
624 0.12112878445025768 0.04247811665739058 0.9635941441619713 0 0 0 1.23 39 623 60 43 85 64 
625 0.013084649821059401 0.04718257015335393 0.9739510343741159 0 0 0 0.19 39 624 175 58 231 42 
626 0.03355583399086962 0.05067029301713003 0.9649983912018889 0 0 0 0.17 39 625 110 70 113 80 124 342 
627 -0.03318388135775097 0.05777168954169937 0.9730130434201151 0 0 0 0.24 39 626 176 102 231 43 
628 -0.06298979797478753 -0.17163392550584966 1.0214556948516542 0 0 0 0.38 39 627 124 343 200 134 
629 -0.1309379219558358 -0.15361336864782602 1.0215236606943245 0 0 0 0.35 39 628 98 119 124 344 
630 0.20301028673620902 -0.15164653704008077 0.9966425198366468 0 0 0 0.18 39 629 44 102 124 345 187 83 200 135 
631 -0.06636676033513715 -0.12259676260179715 1.0078888862728874 0 0 0 0.3 39 630 124 346 135 48 214 159 
632 0.06327686366136093 -0.12319774629922019 0.9988479490278546 0 0 0 0.26 39 631 53 33 61 52 77 76 92 113 98 120 124 347 187 84 
633 0.08510144934425473 -0.10655804671556945 0.9953716561444869 0 0 0 0.36 39 632 53 34 61 53 85 65 93 82 109 67 110 71 124 348 135 49 146 169 176 103 187 85 194 37 214 160 
634 -0.09132283748136781 -0.08770614759481449 1.0071685405711321 0 0 0 0.36 39 633 93 83 162 28 200 136 
635 0.03393761238971855 -0.09225414804582144 0.9976193254725699 0 0 0 0.38 39 634 50 82 112 126 118 39 157 139 232 33 
636 -0.06268574117504448 -0.07487798739441703 0.9942000117525421 0 0 0 0.21 39 635 110 72 124 349 
637 0.2411652898613453 -0.09396064312048874 0.9863254974493627 0 0 0 0.52 39 636 146 170 187 86 234 19 
638 0.13580947839802293 -0.07728717768284898 0.9861628674042123 0 0 0 0.41 39 637 97 22 124 350 
639 -0.17578728084368336 -0.05953716872448472 1.0173552634198817 0 0 0 0.38 39 638 60 44 110 73 113 81 124 351 146 171 157 140 159 36 
640 -0.1417262300505759 -0.051431534149434535 1.0096519401222666 0 0 0 0.19 39 639 85 66 110 74 124 352 157 141 
641 0.009041600943520998 -0.032955404719697885 0.9880560113734406 0 0 0 0.17 39 640 110 75 113 82 124 353 
642 -0.02682717914070575 -0.02824543878790153 0.9891175847689958 0 0 0 0.21 39 641 113 83 124 354 
643 -0.16785891480226905 -0.020596593875095732 1.009756090877289 0 0 0 0.45 39 642 85 67 109 68 110 76 124 355 214 161 
644 -0.09305316959970314 -0.015390263931921838 0.9965067820680358 0 0 0 0.18 39 643 92 114 113 84 124 356 214 162 
645 0.061535680014953846 -0.01456618034457439 0.9825763908796517 0 0 0 0.21 39 644 44 103 124 357 158 46 
646 0.06252720705283746 -0.0064849234098938585 0.9846576402415668 0 0 0 0.09 39 645 146 172 172 28 219 26 
647 0.09603426858247736 0.007746821521066106 0.9778242193339632 0 0 0 0.17 39 646 124 358 176 104 
648 0.06451656537671516 0.029880542168651974 0.9742150025319776 0 0 0 0.11 39 647 172 29 176 105 219 27 
649 0.06209941523071601 0.034182776461315345 0.9782753551852268 0 0 0 0.2 39 648 50 83 124 359 146 173 
650 0.023389617996782013 0.03644356905248169 0.9787692065347564 0 0 0 0.24 39 649 50 84 92 115 213 94 
651 0.023458760661676875 0.0364179018854383 0.9791232249059987 0 0 0 0.28 39 650 50 85 213 95 
652 -0.007778437951854694 0.039010572340347494 0.9747719631603589 0 0 0 0.48 39 651 110 77 124 360 
653 -0.08398134863715007 0.05572941908328117 0.9794739602022443 0 0 0 0.24 39 652 92 116 93 84 
654 -0.07193125816119338 0.06065078788518591 0.9713801743430021 0 0 0 0.18 39 653 92 117 124 361 
655 0.20118478013848892 -0.14512947985989771 0.9975261894139126 0 0 0 0.2 39 654 124 362 200 137 
656 -0.0037047894377316122 -0.12246698984754195 0.9991423476336028 0 0 0 0.64 39 655 92 118 172 30 
657 -0.08019553008289435 -0.09639157640051067 1.0025476582351176 0 0 0 0.27 39 656 98 121 124 363 200 138 
658 -0.008826889325568093 -0.0994253463137082 0.9978608739157195 0 0 0 0.36 39 657 97 23 219 28 
659 0.13449507977915312 -0.10629010626490952 0.985267123830531 0 0 0 0.27 39 658 50 86 124 364 146 174 157 142 158 47 176 106 
660 0.20199703043487183 -0.10531388131267484 0.9925391226865566 0 0 0 0.66 39 659 44 104 109 69 124 365 135 50 
661 0.17339119989168442 -0.09866114434105357 0.9840808384108864 0 0 0 0.72 39 660 112 127 124 366 200 139 234 20 
662 -0.09545187157008576 -0.07512514604314575 1.0049503834012041 0 0 0 0.38 39 661 98 122 157 143 176 107 
663 -0.15567122369675412 -0.02714329017671029 1.0084392592994302 0 0 0 0.54 39 662 204 40 219 29 
664 0.1448593703542529 0.030440475514096958 0.9659443889620074 0 0 0 0.21 39 663 175 59 231 44 
665 0.018723012163749733 0.036118639575225625 0.9791317463632183 0 0 0 0.27 39 664 175 60 187 87 
666 -0.06605974007964263 0.041751500758303396 0.9712847172343841 0 0 0 0.33 39 665 97 24 113 85 
667 -0.011911646527966259 0.03924338784137647 0.9762765726272725 0 0 0 0.76 39 666 113 86 158 48 214 163 231 45 
668 0.13254169416292444 0.03652080276158648 0.966163697216236 0 0 0 0.23 39 667 53 35 97 25 
669 0.09536159268065722 0.04343395990290234 0.9686126692852195 0 0 0 0.34 39 668 50 87 61 54 97 26 98 123 112 128 124 367 157 144 175 61 176 108 187 88 219 30 231 46 
670 0.16845525011144658 0.04445797850815834 0.9674139592643273 0 0 0 0.16 39 669 124 368 176 109 
671 -0.0676810380218522 -0.11455067395183857 1.0085623966227115 0 0 0 0.76 39 670 92 119 124 369 
672 -0.06997023603453487 -0.07428153614190514 1.003505884550704 0 0 0 0.29 39 671 146 175 158 49 
673 0.02762995198544627 -0.07364481097420703 0.9954182396390263 0 0 0 0.33 39 672 146 176 231 47 
674 0.04793376409433966 -0.07319610707782892 0.9936573300675455 0 0 0 0.33 39 673 146 177 176 110 187 89 
675 -0.05568381453936077 -0.0371049739806491 0.9911667752282547 0 0 0 0.25 39 674 110 78 113 87 124 370 
676 -0.01950974512807615 -0.03435412113672066 0.9907182858417152 0 0 0 0.27 39 675 85 68 113 88 
677 -0.035945646662896534 -0.024633023100742144 0.9884158381380322 0 0 0 0.24 39 676 97 27 110 79 
678 0.09827314362212168 0.03686985155213392 0.9669716532932362 0 0 0 0.14 39 677 97 28 124 371 
679 0.09040568444789467 0.04487738308533928 0.9697302278955123 0 0 0 0.29 39 678 97 29 124 372 146 178 
680 0.09376830001901221 0.048683609121860226 0.9654032263159157 0 0 0 0.48 39 679 60 45 85 69 97 30 110 80 124 373 
681 0.13934660117214023 -0.17587496590355645 0.999795524939512 0 0 0 0.35 39 680 112 129 124 374 
682 0.07690139365953162 -0.10860198530411522 0.9940863068216532 0 0 0 0.33 39 681 98 124 214 164 
683 -0.14476526833356662 -0.06514358303285037 1.0125311119809601 0 0 0 0.21 39 682 85 70 124 375 
684 0.2037517404549657 -0.15022172169555806 0.9992462856683528 0 0 0 0.46 39 683 124 376 187 90 200 140 
685 -0.17728725008696353 -0.1113909795792143 1.02602703997177 0 0 0 0.72 39 684 85 71 124 377 
686 0.11113487782326437 -0.08923376808507326 0.9923581193145844 0 0 0 0.57 39 685 44 105 61 55 124 378 135 51 158 50 162 29 
687 0.034623749872615704 -0.08160380834788927 0.9903224873096824 0 0 0 0.27 39 686 85 72 97 31 
688 -0.07147519876055101 -0.015612015289689427 0.9942774923006229 0 0 0 0.41 39 687 97 32 231 48 
689 -0.0847549388404643 -0.09522034899187866 1.000149396750426 0 0 0 0.49 39 688 92 120 146 179 176 111 214 165 
690 -0.09009087113499585 0.04377988972590592 0.9825162012026941 0 0 0 0.28 39 689 92 121 124 379 
691 -0.005103029142755554 -0.13376115008621806 1.0038230536805337 0 0 0 0.31 39 690 124 380 214 166 
692 0.10519286890596585 -0.046663255546077385 0.9838193963989298 0 0 0 0.72 39 691 97 33 187 91 232 34 
693 0.10433741693770063 -0.04600256657250171 0.9804761848910027 0 0 0 0.56 39 692 97 34 232 35 
694 0.157407775123567 0.00812829535248804 0.971940083690739 0 0 0 1.36 39 693 97 35 109 70 
695 -0.07400765451280954 0.04383391149578341 0.9805312870454033 0 0 0 0.8 39 694 113 89 124 381 
