# Image list with two lines of data per image:
#   IMAGE_ID, QW, QX, QY, QZ, TX, TY, TZ, CAMERA_ID, NAME
#   POINTS2D[] as (X, Y, POINT3D_ID)
# Number of images: 236, mean observations per image: 18.733
128 0.9999736664620766 0.0041967746852291645 0.005840205718529596 -0.0009740345271797349 -0.01297075795032743 0.005086144992806277 0.0022342406018986505 128 image_000128.jpg
 493.819 457.180 0 475.553 483.832 1 524.903 488.848 2 621.660 490.068 3 434.844 491.835 4 502.575 497.930 5 581.030 503.767 6 638.600 506.902 7 456.373 507.438 8 497.332 508.169 9 511.952 508.568 10 536.565 553.883 11 537.946 577.720 12 446.999 578.650 13 463.615 578.700 14 469.147 578.386 15 382.991 580.473 16 498.708 584.106 17 712.641 637.844 18 428.775 640.017 19 653.438 639.924 20 614.553 640.729 21 439.729 642.136 22 439.729 642.136 23 651.484 641.875 24 483.566 642.625 25 506.629 643.095 26 395.596 644.837 27 395.596 644.837 28 481.032 651.300 29 398.907 710.639 30 520.692 482.901 31 496.402 490.520 32 641.039 503.615 34 510.188 511.671 35 484.842 512.233 36 629.390 568.241 37 420.447 573.080 38 408.776 573.423 39 481.096 578.929 40 603.828 578.861 41 441.886 583.802 42 509.677 637.415 43 608.642 641.699 44 578.578 641.830 45 541.463 642.671 46 655.274 655.934 47 442.746 658.787 48 474.255 658.927 49 794.777 688.173 50 376.837 688.379 51 651.780 688.979 52 761.574 691.450 53 573.368 465.224 54 433.837 578.488 55 489.202 579.182 56 498.030 579.005 57 515.927 578.801 58 581.434 634.391 59 468.370 635.596 60 487.196 639.987 61 602.948 643.829 62 602.948 643.829 63 544.054 459.647 64 449.817 490.841 65 634.408 499.307 66 706.185 580.027 67 503.798 581.290 68 612.168 634.878 69 390.793 638.282 70 422.147 707.993 71 422.147 707.993 72 403.569 708.645 73 386.056 724.204 74 457.469 507.806 75 691.394 647.749 76
164 0.9800263897605934 0.1172345641702815 0.15980283269410367 -0.016351790065820226 -0.349580679854162 0.009849334550338418 -0.016167044251743784 164 image_000164.jpg
 468.051 200.594 0 446.456 232.374 1 618.102 233.736 3 399.484 243.284 4 423.583 259.879 8 470.005 259.557 9 397.735 407.335 23 354.891 409.068 28 497.997 229.844 31 640.996 249.254 34 642.166 425.893 47 400.463 425.243 48 817.549 465.718 50 561.943 205.749 54 417.367 241.824 65 633.017 244.202 66 343.238 490.668 74 470.487 230.442 78 493.240 235.841 80 452.218 237.722 83 417.922 247.820 88 602.849 253.923 92 556.465 291.941 100 412.024 327.582 102 599.619 484.415 109 599.591 500.283 111 565.643 202.400 113 472.896 204.978 114 484.591 212.514 115 526.240 211.438 116 574.597 226.887 120 643.080 238.085 122 406.296 245.386 123 564.783 255.205 126 669.363 261.296 127 361.345 425.574 131 496.893 225.157 133 584.043 224.779 134 392.244 244.117 135 717.871 248.263 139 509.283 200.892 141 588.947 215.478 143 477.471 209.730 149 441.522 226.318 150 500.477 327.627 173 600.693 333.701 175 516.441 335.120 176 594.329 464.505 178 559.326 471.746 180 547.276 334.547 183 556.512 455.789 184 559.380 460.808 185 683.918 464.023 187 359.517 466.809 188 556.273 469.608 189 404.039 411.826 191 375.714 454.666 192 512.929 216.068 197 512.867 258.571 229 617.328 326.392 249 404.242 418.335 274 430.260 486.453 319 639.884 234.903 332 607.883 253.849 335 615.109 253.560 336 495.456 259.397 341 553.177 312.244 353 763.431 332.289 361 498.166 426.332 376 717.025 429.012 377 392.694 428.254 388 497.309 429.047 392 774.885 462.495 399 438.500 460.866 403 359.512 458.901 404 434.263 460.909 405 643.987 468.953 406 433.997 465.262 408 365.070 466.168 411 433.484 470.129 412 553.421 476.421 416 480.761 483.394 419 602.045 502.524 428 430.035 502.904 430 382.997 244.903 435 391.717 409.289 451 596.942 425.482 459 435.126 425.631 465 441.091 425.443 466 354.994 424.710 467 378.990 425.740 469 374.114 425.838 471 329.157 425.896 472 477.098 437.999 474 477.098 437.999 475 431.790 445.236 476 456.074 457.029 479 559.518 480.695 484 475.352 488.628 486 347.252 486.096 487 432.525 489.244 488 556.716 506.996 495 644.225 245.035 497 621.324 325.470 503 474.754 403.064 509 730.778 425.675 512 473.505 426.018 514 731.119 441.588 517 476.434 459.073 520 595.838 506.532 528 350.029 504.188 529 434.745 333.851 535 468.642 476.667 545 486.703 205.971 546 506.474 214.334 547 730.007 274.440 549 419.095 469.521 551 475.091 442.902 568 411.328 210.512 570 464.172 243.618 571 631.952 468.897 576 394.612 441.409 591 602.045 502.524 596 433.844 396.267 599 456.013 463.763 600 429.037 449.773 602 633.162 256.122 607 523.417 225.196 644 594.859 222.324 645 410.163 404.673 649 587.799 220.129 685 572.635 230.679 686 621.061 237.378 687 629.479 245.970 688 479.587 259.185 689 595.959 285.307 690 556.199 310.161 691 558.905 447.726 692 356.549 472.046 693 599.619 484.415 694 553.385 504.092 695 371.108 457.050 696 556.326 461.011 697 478.076 233.818 698 577.776 483.367 699
196 0.943918559070944 0.11615759581982195 0.30141913044789176 -0.06834968907516728 -0.62345406615398 0.032888259699877895 0.2168762919137416 196 image_000196.jpg
 468.030 174.185 0 601.884 189.490 3 412.905 220.571 4 478.234 216.977 5 471.844 228.984 9 496.320 198.395 31 428.609 217.686 65 728.801 193.480 93 589.483 447.858 111 554.151 165.253 113 419.268 221.667 123 717.794 190.476 138 694.766 193.585 139 588.200 287.979 175 553.466 423.056 180 550.791 407.537 184 550.958 420.941 189 789.858 366.767 278 470.423 226.604 334 511.508 381.584 371 449.934 388.233 385 625.759 438.016 421 585.373 446.363 424 400.654 223.803 435 416.919 225.418 437 628.609 438.366 485 628.809 444.214 491 709.492 191.241 499 709.888 384.328 517 482.482 414.650 520 485.345 176.900 546 481.255 399.282 567 481.255 399.282 568 624.448 377.725 594 551.854 394.142 617 520.205 401.700 678 551.854 394.142 680 608.854 430.589 681 550.763 412.190 697 418.597 418.056 709
200 0.9942314682493116 0.061799665539603865 0.08660973614324208 -0.013540194471826696 -0.19976789077160045 -0.11621411483699604 -0.49923587712512274 200 image_000200.jpg
 471.843 91.099 0 443.274 131.240 1 484.287 149.767 5 475.894 165.105 9 308.970 365.875 28 513.947 128.796 31 475.081 139.334 32 705.545 156.473 34 337.438 262.779 39 648.611 364.179 44 598.908 101.614 54 451.897 360.434 61 639.156 366.488 62 639.156 366.488 63 402.452 142.637 65 694.572 150.482 66 477.903 93.376 77 479.432 134.798 79 507.211 136.533 80 451.012 137.832 83 473.416 144.444 85 471.891 147.963 86 412.629 148.549 87 608.176 153.909 89 539.010 154.341 90 650.462 161.071 91 655.876 161.317 92 849.016 164.298 93 716.128 165.391 94 716.128 165.391 95 337.324 166.045 98 423.382 165.086 99 595.709 208.451 100 589.243 250.176 101 394.376 253.152 102 303.289 409.897 108 861.738 470.634 110 669.651 490.818 111 604.287 97.166 113 478.289 97.612 114 552.012 107.635 116 607.911 122.479 118 708.421 140.744 122 387.822 145.719 123 690.336 161.401 125 605.045 161.607 126 354.571 252.085 128 317.625 390.163 131 628.577 125.241 134 534.063 149.250 137 832.954 159.358 138 839.722 458.538 140 527.763 93.580 141 633.014 113.741 143 448.997 145.350 144 669.434 500.469 146 474.307 106.183 147 524.180 110.920 148 436.059 123.768 150 358.318 171.520 151 567.527 113.523 153 464.982 118.967 157 623.137 123.903 158 623.137 123.903 159 516.742 165.318 162 410.549 454.821 168 477.187 115.003 172 519.308 253.995 173 658.425 262.753 174 609.909 451.695 180 548.706 73.009 194 563.198 107.182 195 497.551 111.477 196 569.051 116.632 198 454.614 134.128 204 525.030 136.488 206 562.495 136.500 207 643.035 137.110 209 596.116 139.528 211 538.134 145.976 216 408.359 157.479 227 534.921 164.988 229 713.147 168.259 231 643.074 198.944 235 812.909 197.035 236 712.079 200.169 237 531.916 248.599 243 570.626 250.022 246 592.602 252.609 247 680.171 253.751 249 691.103 253.708 250 539.235 271.754 259 476.324 362.598 264 269.048 375.148 269 793.408 392.128 282 903.178 392.506 283 671.338 498.023 324 704.329 136.904 332 472.871 162.189 334 662.231 161.339 335 671.721 161.190 336 713.760 161.493 338 461.971 165.596 339 591.479 223.403 351 591.917 228.581 352 592.411 234.347 353 565.082 253.518 356 593.086 274.967 362 413.563 358.800 364 543.260 390.851 383 364.892 391.237 388 663.513 488.747 424 420.331 500.399 430 699.604 151.900 438 485.474 161.689 440 709.551 164.973 442 512.978 257.886 445 364.220 364.245 451 831.669 367.611 452 822.205 158.983 499 918.745 159.086 500 685.463 252.868 503 665.502 500.615 528 679.708 131.714 532 587.333 446.285 541 477.183 460.590 545 402.769 451.477 551 686.887 459.240 554 428.013 410.432 566 394.400 103.253 570 351.945 256.764 572 367.729 409.949 591 654.010 372.929 610 563.198 107.182 619 502.896 117.877 620 555.545 125.732 621 474.025 136.552 623 462.514 147.892 626 765.221 201.252 629 822.971 201.786 630 526.217 252.771 632 396.411 265.804 635 612.900 262.285 636 468.150 165.017 646 569.304 120.528 658 272.402 371.980 667 946.347 438.247 675 340.333 169.395 683 633.263 119.834 685 613.552 132.379 686 689.640 152.634 688 488.867 164.851 689 315.120 232.210 705 535.959 272.158 711 597.261 451.084 712 762.273 191.047 717 767.933 203.597 719 693.898 252.871 720 635.273 361.275 721 643.517 364.218 722 877.998 295.425 724 846.466 394.733 727 876.537 438.832 728 400.720 256.084 730 632.603 160.657 731 645.137 195.502 734 522.670 253.905 735 691.103 253.708 743 636.553 370.946 754 548.746 428.335 756 776.466 432.686 759 880.694 434.573 761 621.522 157.874 766 652.247 277.032 771 898.112 360.535 780 938.011 467.698 784 567.589 147.648 806 645.400 240.803 811 655.752 279.321 812 308.094 416.675 819 598.948 149.868 821 531.192 154.049 822 417.505 435.516 829 299.971 495.742 830 543.952 199.162 839 766.085 181.940 842 522.670 253.905 844 476.332 128.845 847 888.697 430.086 851 835.161 401.378 874
176 0.9915340004905958 0.12851081612214876 0.017644938636884072 0.0058276932540074645 -0.02685323989143259 -0.019543864532026264 -0.15687883063705813 176 image_000176.jpg
 500.606 94.986 0 675.673 144.145 3 512.111 151.551 5 618.809 161.997 6 697.734 167.679 7 448.329 163.459 8 504.863 165.387 9 525.029 166.206 10 435.826 258.848 13 457.880 259.559 14 349.441 260.537 16 411.040 338.303 19 706.653 345.776 24 483.081 342.570 25 367.624 343.256 27 367.624 343.256 28 480.262 354.228 29 372.042 427.371 30 536.572 131.765 31 701.380 163.248 34 481.443 260.204 40 517.721 336.522 43 649.837 345.634 44 609.686 344.000 45 560.359 343.683 46 711.838 364.508 47 429.393 362.738 48 343.102 398.652 51 417.952 258.319 55 492.022 260.929 56 504.392 260.645 57 642.468 347.863 62 642.468 347.863 63 438.802 141.556 65 691.383 157.620 66 784.323 267.922 67 511.775 263.944 68 402.715 424.218 71 402.715 424.218 72 377.686 424.463 73 760.487 354.763 76 504.294 130.663 78 507.023 136.294 79 439.978 148.136 88 820.858 172.602 93 379.216 159.930 98 607.796 208.350 100 602.155 246.289 101 436.611 245.076 102 622.632 99.008 112 615.642 104.215 113 505.631 100.610 114 629.888 126.421 117 618.422 127.739 118 626.495 133.852 120 705.125 150.303 122 494.889 352.968 130 535.620 126.336 133 636.450 132.589 134 408.574 142.247 135 408.574 142.247 136 808.857 167.281 138 782.997 166.722 139 549.864 98.490 141 500.476 108.900 147 513.054 105.651 149 632.490 129.440 159 492.754 126.386 161 438.407 418.447 167 543.369 248.198 173 659.644 258.639 174 659.644 258.639 175 562.903 257.618 176 695.022 259.087 182 598.033 257.916 183 375.170 414.062 188 345.442 419.932 190 431.783 346.877 191 394.998 399.257 192 638.591 123.572 199 595.034 138.057 205 558.724 148.741 216 441.149 155.382 223 694.393 198.608 233 697.144 199.092 234 612.912 234.197 239 596.132 248.508 248 677.664 250.836 249 485.405 253.231 253 505.214 253.597 254 398.286 256.169 257 426.825 332.077 261 497.189 344.117 266 329.752 349.703 269 711.273 356.905 270 421.541 355.069 273 432.792 354.811 274 889.090 368.946 278 477.972 369.466 287 475.840 383.615 294 471.551 394.189 299 470.505 425.824 311 473.383 430.667 313 473.383 430.667 314 475.707 433.204 316 473.096 434.220 318 369.302 438.585 321 470.633 457.966 325 520.818 110.131 327 665.052 166.593 335 672.630 166.755 336 708.466 167.929 338 531.331 166.617 340 535.946 166.910 341 353.449 163.684 342 627.696 168.694 343 680.678 170.536 345 680.678 170.536 346 528.598 246.949 355 582.164 248.924 356 833.335 262.113 361 457.006 338.424 364 547.907 342.740 366 513.997 343.846 367 800.849 362.198 369 501.713 363.782 372 512.255 363.423 373 465.000 363.573 374 465.000 363.573 375 658.328 367.833 379 662.815 367.900 380 662.815 367.900 381 475.849 366.793 385 427.387 366.616 389 497.891 367.832 390 366.103 366.770 393 372.118 372.990 394 375.566 394.905 398 369.046 401.852 401 476.041 405.530 403 374.997 404.704 404 471.386 406.423 405 467.988 411.889 407 471.245 411.246 408 381.693 413.688 411 470.909 416.530 412 487.386 418.638 414 502.589 419.045 415 364.957 437.941 422 655.173 113.099 431 420.115 148.958 437 507.517 162.400 439 512.959 162.844 440 629.077 258.769 446 796.382 350.448 452 560.097 349.988 453 758.416 364.648 455 768.407 364.888 456 614.309 363.428 457 614.309 363.428 458 660.725 364.143 459 471.979 363.487 465 478.164 363.340 466 368.627 362.687 467 506.963 364.673 468 391.390 364.062 471 332.128 364.269 472 467.885 387.764 476 467.989 406.464 480 437.151 415.491 483 470.461 439.860 488 359.976 454.770 494 705.748 158.508 497 748.448 165.202 498 556.703 171.470 501 553.384 176.825 502 493.352 334.391 507 649.364 352.238 510 805.104 365.015 512 435.554 362.540 513 516.905 363.487 514 516.905 363.487 515 521.945 404.064 520 360.322 465.071 530 465.508 253.599 535 611.235 268.335 537 523.912 102.667 546 546.207 114.368 547 451.653 416.377 551 497.725 416.421 552 399.492 417.252 553 458.660 422.674 556 539.010 362.462 561 389.009 402.076 574 558.401 254.090 578 549.281 261.063 580 429.012 416.204 582 377.686 424.463 586 405.931 345.703 590 466.547 155.598 592 709.345 368.641 594 369.303 369.326 595 468.260 328.112 599 495.417 409.538 600 464.617 392.521 602 368.417 457.219 603 743.021 260.422 609 557.232 336.604 615 548.867 247.112 632 590.750 249.690 633 621.361 256.017 636 444.948 341.246 638 532.968 342.516 639 848.515 362.908 641 413.669 248.963 648 437.882 338.382 649 475.036 351.818 650 653.530 150.883 652 725.077 168.965 654 452.523 338.661 656 348.736 364.617 657 505.639 310.191 660 598.425 139.781 682 678.914 148.641 687 608.095 230.561 691 372.333 421.195 693 551.055 335.684 703 558.055 264.557 711 402.613 248.868 713 442.298 247.164 730 561.087 270.573 741 660.833 344.204 753 629.951 162.277 766 704.475 196.138 769 656.359 363.988 790 583.661 151.119 806 563.840 199.125 807 655.641 201.526 808 699.536 201.446 809 518.918 209.048 810 648.874 238.159 811 657.679 272.436 812 552.931 342.607 813 542.942 342.853 814 537.923 346.558 815 547.916 346.335 816 540.434 348.448 817 647.761 361.961 818 369.014 386.882 819 724.035 152.561 820 610.637 154.577 821 553.149 156.589 822 625.031 165.473 823 618.269 169.006 824 634.696 168.917 825 522.982 269.538 826 535.367 339.705 827 495.560 363.791 828 464.091 403.282 829 365.383 452.710 830 469.623 130.828 831 550.628 286.860 832 550.686 311.182 833 383.661 363.633 834 611.266 262.519 835 517.819 278.338 836
146 0.9974741344118406 0.059728330563182955 0.037910680338240105 -0.00637641427163498 -0.08594101880678416 -0.06797797439508457 -0.2705021634213034 146 image_000146.jpg
 479.607 219.485 0 452.906 256.862 1 524.562 264.115 2 663.061 266.177 3 393.803 267.785 4 491.563 276.310 5 604.091 284.927 6 424.656 289.377 8 483.822 290.436 9 505.483 290.756 10 539.686 353.878 11 410.717 387.663 13 703.677 475.822 24 461.353 475.751 25 493.994 476.488 26 336.488 478.136 27 336.488 478.136 28 457.765 487.993 29 517.545 255.876 31 691.554 285.006 34 465.306 295.831 36 674.361 374.636 37 373.861 380.212 38 356.828 380.704 39 498.574 468.523 43 642.442 476.130 44 598.073 475.338 45 544.464 475.553 46 402.464 497.961 48 448.170 498.090 49 595.368 231.330 54 391.701 386.860 55 471.476 388.752 56 602.235 464.684 59 439.625 465.559 60 633.962 479.038 62 633.962 479.038 63 415.733 266.859 65 681.045 279.243 66 484.428 221.486 77 483.384 255.464 78 486.559 260.891 79 512.115 263.296 80 579.171 265.309 81 579.171 265.309 82 460.588 263.372 83 535.580 269.415 84 481.069 270.493 85 479.817 273.641 86 424.843 273.231 87 647.175 289.038 92 701.182 293.388 94 701.182 293.388 95 435.619 289.633 99 593.360 332.923 100 588.586 371.713 101 411.937 373.190 102 383.004 388.655 103 595.743 496.372 106 332.473 518.663 107 332.473 518.663 108 661.942 589.567 111 606.453 221.696 112 600.045 227.190 113 485.007 225.361 114 552.238 235.942 116 603.755 250.709 118 608.754 251.126 119 611.420 255.846 120 694.601 271.519 122 588.837 284.084 124 678.239 289.533 125 601.775 288.919 126 373.345 370.690 128 473.709 486.407 130 657.551 581.550 132 517.174 250.242 133 622.106 254.488 134 536.949 276.129 137 530.777 222.506 141 523.788 229.889 142 627.634 243.538 143 491.674 231.352 149 567.153 242.185 153 525.565 243.233 154 547.965 243.737 155 617.620 252.398 159 521.948 291.297 162 608.094 528.197 164 556.584 550.901 165 412.026 558.376 167 432.594 558.805 168 654.283 557.107 169 607.348 558.966 170 483.519 241.558 172 525.789 374.539 173 650.280 383.967 174 650.280 383.967 175 447.159 385.038 177 602.012 551.355 179 610.248 555.228 180 688.178 384.224 182 584.536 384.074 183 605.627 534.741 184 609.520 541.583 185 343.446 554.737 188 606.282 552.549 189 405.341 480.661 191 366.010 538.635 192 550.452 204.084 194 562.912 235.444 195 503.367 239.005 196 536.175 240.667 197 568.474 244.558 198 624.126 246.426 199 508.468 247.970 200 629.764 250.796 201 480.922 252.182 202 531.565 256.680 203 463.942 259.649 204 578.836 260.881 205 528.690 263.428 206 562.883 263.826 207 608.154 264.559 208 634.651 265.614 209 634.651 265.614 210 593.493 266.953 211 628.926 268.466 212 628.926 268.466 213 659.774 268.268 214 548.269 270.935 215 540.751 272.731 216 495.185 274.302 217 629.091 276.142 218 697.902 276.044 219 695.485 278.615 220 509.896 280.638 221 412.956 281.249 222 417.557 281.201 223 417.557 281.201 224 514.016 280.909 225 421.511 281.422 226 421.511 281.422 227 612.375 285.145 228 539.156 291.056 229 594.806 291.869 230 698.340 296.262 231 633.266 301.728 232 685.428 321.266 233 688.177 322.029 234 635.692 323.440 235 697.518 326.090 237 641.386 340.747 238 600.307 359.315 239 591.100 365.083 240 588.425 366.003 241 691.359 367.234 242 536.944 368.900 243 574.560 370.269 244 574.560 370.269 245 571.682 371.976 246 591.535 373.437 247 582.478 374.336 248 669.293 375.616 249 678.929 375.642 250 524.465 377.984 251 643.753 379.165 252 463.986 380.649 253 484.998 380.941 254 537.766 383.691 255 715.605 383.390 256 371.727 385.708 257 741.635 391.049 258 544.418 391.488 259 647.793 393.607 260 399.093 464.630 261 601.268 466.899 262 601.948 470.679 263 490.245 475.369 264 625.286 476.136 265 476.467 477.026 266 483.540 483.850 267 654.236 483.911 268 297.152 485.934 269 708.399 487.676 270 602.556 488.107 271 490.478 488.883 272 393.600 489.678 273 406.361 489.351 274 446.439 489.403 275 449.903 489.267 276 498.077 489.253 277 483.658 501.690 280 546.135 501.256 281 500.573 502.321 284 659.804 503.076 285 454.985 504.529 287 496.492 506.832 289 544.120 508.137 290 553.579 508.470 291 499.569 509.138 292 444.986 509.341 293 453.037 519.200 294 496.343 520.702 295 553.541 520.395 296 556.209 522.294 297 664.090 530.167 298 448.063 532.173 299 535.662 534.661 300 533.565 537.280 301 613.549 542.783 302 499.343 548.043 304 602.438 547.914 305 609.592 548.090 306 498.984 552.624 307 554.197 555.843 308 659.012 560.686 309 446.856 566.082 311 449.789 565.942 312 449.865 571.104 313 449.865 571.104 314 452.356 574.649 316 449.618 575.214 318 443.828 578.356 319 449.952 580.291 320 337.344 581.669 321 554.432 583.786 322 450.164 590.330 323 663.967 595.566 324 447.023 601.728 325 659.638 602.180 326 500.745 234.774 327 564.637 238.941 328 562.785 244.848 329 524.562 264.115 330 482.059 267.169 331 690.900 267.668 332 468.972 270.202 333 481.587 287.263 334 653.253 289.161 335 661.237 289.104 336 678.239 289.533 337 698.959 289.923 338 471.688 290.650 339 511.888 291.087 340 516.694 291.068 341 327.261 291.637 342 613.409 291.469 343 669.705 292.687 345 669.705 292.687 346 683.074 302.951 347 691.515 332.564 350 590.243 345.831 351 590.589 350.653 352 591.078 356.572 353 490.710 362.047 354 509.951 373.595 355 567.189 374.670 356 614.617 378.731 357 636.648 381.019 358 579.248 382.942 359 534.384 383.474 360 592.412 394.236 362 432.901 471.405 364 520.732 474.731 365 531.445 475.114 366 493.994 476.488 367 549.503 488.748 368 681.842 496.415 370 548.373 497.130 371 481.483 497.989 372 492.473 497.782 373 441.235 498.253 374 441.235 498.253 375 528.585 498.428 376 651.720 500.445 378 651.720 500.445 379 656.466 500.474 380 656.466 500.474 381 662.495 500.397 382 550.539 500.921 383 452.504 501.652 384 452.504 501.652 385 555.818 501.494 386 572.225 501.527 387 391.304 502.042 388 400.003 501.967 389 477.415 502.562 390 521.315 502.431 391 526.519 502.259 392 334.889 503.321 393 341.129 509.728 394 555.834 511.286 395 556.443 517.051 396 345.059 533.756 398 556.005 539.669 400 337.333 540.935 401 534.641 541.517 402 453.177 543.670 403 343.472 543.925 404 447.606 544.424 405 714.316 549.173 406 444.197 550.543 407 447.800 550.504 408 525.458 552.841 409 716.972 553.034 410 350.587 553.853 411 447.275 555.849 412 643.052 556.536 413 464.831 558.277 414 483.405 558.365 415 603.018 560.870 416 654.484 564.707 417 327.316 567.956 418 510.265 573.422 419 526.468 578.352 420 711.952 578.370 421 332.034 581.300 422 447.382 586.927 423 656.561 588.178 424 444.327 591.481 425 444.327 591.481 426 665.749 592.552 428 447.127 593.440 429 444.103 599.776 430 641.174 235.120 431 641.174 235.120 432 671.922 253.005 433 589.025 263.281 434 371.603 269.687 435 700.412 272.473 436 395.949 275.607 437 685.929 280.489 438 487.197 287.136 439 493.185 287.465 440 601.775 288.919 441 694.957 293.045 442 491.290 294.723 443 449.635 368.941 444 520.672 378.088 445 617.642 384.485 446 623.238 384.486 447 383.004 388.655 448 483.279 471.382 449 497.949 473.998 450 390.236 477.362 451 544.341 482.049 453 457.765 487.993 454 603.724 496.005 457 603.724 496.005 458 654.470 495.930 459 543.902 497.187 460 543.902 497.187 461 553.289 497.217 462 553.289 497.217 463 637.136 496.897 464 448.170 498.090 465 455.115 497.787 466 337.412 499.149 467 486.616 498.842 468 370.347 499.569 469 345.355 500.202 470 362.222 499.920 471 503.083 513.266 474 503.083 513.266 475 443.972 523.552 476 653.337 535.279 477 538.000 538.186 478 475.301 539.222 479 444.017 545.109 480 502.680 550.739 482 410.408 554.106 483 610.929 566.240 484 715.737 578.997 485 503.785 579.637 486 326.956 581.403 487 446.634 581.612 488 522.482 582.055 489 540.065 582.785 490 607.828 590.131 493 609.465 600.457 495 583.391 276.299 496 695.524 280.377 497 539.221 295.399 501 535.512 300.986 502 674.361 374.636 503 454.083 380.838 504 604.751 381.357 505 454.581 389.847 506 472.818 466.682 507 522.577 466.783 508 498.574 468.523 509 642.747 483.418 510 409.137 497.656 513 497.628 497.729 514 497.628 497.729 515 601.561 511.961 516 368.123 531.623 519 503.349 541.160 520 585.985 556.135 522 514.631 561.957 523 514.631 561.957 524 542.573 578.574 526 504.416 585.575 527 658.458 598.128 528 668.386 260.922 532 593.901 307.090 533 490.992 373.703 534 442.479 380.776 535 404.982 387.811 536 598.559 393.986 537 582.691 491.803 538 657.972 505.860 539 590.158 550.245 541 537.353 562.503 544 493.609 564.052 545 502.993 227.038 546 527.349 238.487 547 652.445 284.200 548 591.367 392.947 550 426.552 555.893 551 477.173 555.338 552 369.736 557.194 553 677.284 561.291 554 433.660 563.127 556 614.482 565.474 557 433.436 583.342 558 600.100 251.876 559 473.031 278.903 560 522.787 495.828 561 649.968 263.862 562 596.113 339.383 563 657.854 515.618 564 657.854 515.618 565 448.776 519.268 566 500.269 520.288 567 500.269 520.288 568 501.835 571.496 569
148 0.9600263385967431 0.12002307824877867 0.2507158772269845 -0.03294600387971711 -0.502448146306579 0.02943170610911684 0.425811062245407 148 image_000148.jpg
 482.718 204.534 0 462.506 237.540 1 415.529 250.186 4 582.377 254.905 6 439.858 266.618 8 513.627 233.708 31 433.984 247.907 65 397.982 485.701 71 397.982 485.701 72 362.356 501.465 74 771.212 251.405 93 570.598 297.302 100 609.350 510.901 111 581.143 203.749 113 488.283 208.749 114 541.611 213.935 116 644.941 255.698 125 393.404 338.667 129 379.856 436.365 131 410.011 250.691 135 759.523 246.927 138 734.691 248.167 139 604.980 216.553 143 467.586 248.898 144 595.905 224.754 159 614.323 339.793 175 530.351 342.326 176 454.342 345.044 177 604.943 474.230 178 568.027 465.689 184 570.956 470.909 185 694.724 473.953 186 694.724 473.953 187 567.634 479.855 189 419.497 421.859 191 408.512 474.934 193 601.206 219.362 199 631.112 332.558 249 570.718 476.617 306 483.296 262.523 334 629.443 256.127 336 644.941 255.698 337 636.254 258.978 345 636.254 258.978 346 524.756 435.150 371 452.968 438.211 384 452.968 438.211 385 371.878 438.730 393 377.978 469.911 404 653.860 478.846 406 649.870 502.326 421 612.072 513.178 428 662.238 239.515 436 607.926 434.551 459 446.415 455.956 476 445.621 472.195 480 446.778 500.284 488 652.975 508.771 491 649.526 511.960 492 658.754 246.019 497 750.841 247.125 499 635.010 331.224 503 743.384 450.389 517 743.187 456.773 518 489.405 469.174 520 365.659 519.200 530 502.264 209.097 546 476.672 255.762 560 488.535 452.428 567 488.535 452.428 568 428.750 215.043 570 455.464 258.630 592 529.644 344.960 593 651.302 438.384 594 374.086 440.961 595 612.072 513.178 596 679.405 546.205 597 448.586 266.313 598 448.413 405.689 599 470.269 474.783 600 567.634 479.855 601 443.131 460.251 602 371.652 512.954 603 526.089 454.884 604 545.926 491.501 605 526.367 495.593 606
157 0.9941565406070478 0.10343933474726995 0.02836335989635029 0.012189595541144013 0.017422436023062694 0.007464385448457978 0.05911558126628318 157 image_000157.jpg
 595.098 197.795 0 567.510 235.450 1 637.473 244.214 2 776.378 249.181 3 605.872 256.460 5 539.661 268.429 8 597.977 270.800 9 548.358 368.334 14 556.204 367.983 15 574.022 456.166 25 606.193 458.050 26 631.616 235.755 31 804.131 269.691 34 488.351 358.840 38 572.601 369.201 40 561.829 478.201 49 709.724 211.741 54 553.377 445.757 60 530.387 245.091 65 793.735 263.445 66 599.620 199.771 77 598.039 234.245 78 600.710 240.127 79 625.747 243.269 80 649.025 249.907 84 595.412 249.938 85 594.285 253.343 86 539.667 251.746 87 531.695 252.658 88 717.611 264.051 89 759.678 272.708 92 813.359 278.864 95 468.362 263.984 98 705.267 316.628 100 699.321 355.801 101 497.655 367.651 103 704.072 480.264 106 449.656 494.732 108 714.421 207.388 113 600.193 203.500 114 615.284 213.526 115 666.379 215.402 116 729.577 230.424 117 722.418 232.448 119 725.227 238.173 120 807.779 256.098 122 713.965 271.600 126 630.418 230.020 133 735.835 235.822 134 499.388 246.112 135 650.759 257.175 137 741.279 225.215 143 446.034 485.313 145 607.081 208.828 149 490.396 270.190 151 730.956 233.816 158 730.956 233.816 159 635.549 272.605 162 796.557 186.310 171 637.740 357.123 173 759.372 369.707 175 658.141 367.543 176 560.940 366.148 177 694.235 368.222 183 677.113 215.236 195 616.558 217.456 196 682.354 225.440 198 595.256 231.061 202 645.568 237.125 203 577.823 238.577 204 642.644 244.002 206 748.226 248.176 209 748.226 248.176 210 741.876 250.156 212 741.876 250.156 213 662.139 252.219 215 654.227 253.470 216 608.987 254.115 217 741.540 258.567 218 623.494 261.410 221 528.026 259.643 222 532.405 259.987 223 532.405 259.987 224 536.298 260.262 226 796.315 306.488 233 746.938 307.610 235 808.043 311.836 237 699.566 350.043 241 800.424 353.122 242 648.599 352.077 243 685.472 354.086 244 685.472 354.086 245 682.859 355.752 246 702.193 357.564 247 778.760 362.105 249 787.971 362.047 250 597.781 363.401 254 649.124 366.144 255 824.094 370.606 256 486.245 364.301 257 849.138 378.110 258 756.700 379.678 260 602.612 457.143 264 414.016 461.466 269 710.814 472.440 271 602.628 470.425 272 510.926 469.020 273 560.695 469.905 275 564.252 469.785 276 610.502 470.754 277 860.266 487.205 279 955.499 496.087 288 654.020 490.666 290 662.374 490.994 291 610.094 527.720 304 609.590 532.300 307 677.681 219.099 328 677.006 225.269 329 637.473 244.214 330 804.714 252.515 332 582.965 249.792 333 595.596 267.446 334 765.425 272.885 335 811.507 274.973 338 441.258 267.612 342 802.160 318.565 350 701.873 335.166 352 702.122 340.752 353 678.181 358.397 356 689.222 366.762 359 645.780 365.949 360 942.985 375.334 361 659.706 471.705 368 657.624 479.985 371 593.231 478.839 372 554.931 478.153 374 554.931 478.153 375 638.349 480.087 376 565.899 481.686 385 451.944 480.057 393 460.244 519.515 404 755.622 217.058 431 786.201 236.830 433 511.338 253.305 437 798.808 265.138 438 600.917 267.650 439 607.032 267.928 440 631.985 360.734 445 497.655 367.651 448 595.368 452.541 449 609.969 455.284 450 506.712 456.150 451 903.447 468.428 452 654.588 465.492 453 862.242 483.321 455 760.711 481.173 459 662.965 479.930 462 662.965 479.930 463 561.829 478.201 465 598.648 479.964 468 907.052 274.024 499 652.447 276.856 501 648.947 282.915 502 567.521 362.398 504 568.286 370.422 506 781.475 244.265 532 618.419 205.383 546 641.998 217.289 547 762.727 246.183 562 548.192 446.540 573 559.389 260.286 592 657.455 370.481 593 550.992 268.738 598 558.236 441.217 599 757.367 325.161 618 677.113 215.236 619 622.166 224.471 620 670.178 233.833 621 744.775 239.541 622 596.087 241.492 623 718.838 245.036 624 721.248 246.383 625 585.721 252.669 626 712.157 257.905 627 651.155 308.539 628 646.736 354.640 631 643.381 356.504 632 687.419 359.113 633 646.328 364.059 634 528.167 364.785 635 719.315 367.192 636 794.007 372.013 637 534.061 453.731 638 625.963 456.388 639 887.092 472.949 640 958.527 482.634 641 869.432 494.030 642 723.177 227.304 643 663.065 232.056 644 748.710 234.559 645 592.134 270.571 646 959.474 270.301 647 502.565 357.379 648 527.175 450.892 649 565.657 466.473 650 766.391 469.349 651 753.688 256.857 652 458.236 259.633 653 828.704 275.975 654 715.408 355.444 655 541.793 451.356 656 434.242 477.794 657 681.057 229.630 658 558.808 254.893 659 597.205 421.940 660 598.430 428.226 661 666.875 454.264 662
222 0.9745685532748015 0.1888598696154766 -0.1141282097256359 0.039023426803880136 -0.2601340189277291 0.000966107144303438 0.23022994743728395 222 image_000222.jpg
 76.168 107.892 0 58.997 129.615 1 192.995 145.208 3 31.961 209.364 13 23.580 261.036 23 61.090 270.007 29 101.411 132.453 31 78.390 136.890 32 209.395 157.486 34 195.351 210.834 37 26.705 213.710 42 146.364 266.803 45 114.320 266.148 46 211.188 281.082 47 151.130 119.869 54 33.913 134.789 65 203.573 153.811 66 41.236 150.090 75 97.174 137.332 80 154.120 118.028 113 90.458 117.842 115 123.999 121.117 116 159.451 132.996 119 167.429 135.894 134 12.840 134.592 136 84.132 115.446 149 203.595 216.569 182 28.608 264.636 191 90.458 117.842 327 170.446 312.358 413 161.059 214.526 446 109.520 300.233 478 58.992 206.816 504 71.055 257.929 507 172.336 272.475 510 269.987 282.820 512 85.511 276.685 514 269.790 293.195 517 88.331 301.754 520 111.588 322.721 526 88.755 325.721 527 42.033 307.591 551 7.208 307.350 553 45.776 323.132 558 154.030 133.953 559 184.631 142.716 562 114.384 209.091 578 108.435 213.853 579 108.435 213.853 580 26.163 307.064 582 51.759 211.945 585 176.174 135.278 645 33.315 259.462 649 133.139 130.179 658 64.178 268.610 668 109.245 260.221 703 55.250 128.728 704 55.250 128.728 831 78.142 124.208 857 164.576 214.870 859 52.591 296.995 864 89.984 315.419 866
224 0.8986108541400274 0.03758824684027786 0.4137452453758767 -0.14106921096527178 -0.3881234045465327 0.1351252273551214 0.4029565684037533 224 image_000224.jpg
 941.324 446.116 1 922.819 477.695 8 968.769 469.630 9 993.767 433.959 31 965.722 448.558 32 914.368 460.135 65 960.552 411.854 77 967.999 443.961 79 964.810 455.689 86 915.473 466.458 88 921.994 547.711 102 962.647 414.233 114 976.421 419.343 115 903.749 465.943 123 991.375 429.972 133 1011.143 448.262 137 999.372 403.090 141 995.103 410.770 142 999.626 464.590 162 949.841 446.603 204 987.989 457.465 221 1013.739 461.648 229 1006.057 688.408 307 965.380 449.736 331 966.188 467.462 334 995.470 465.013 341 916.296 653.542 388 1008.242 538.745 445 1008.613 686.525 482 903.595 429.781 570 953.613 615.726 599 983.738 426.763 620 936.900 446.008 831 965.371 439.530 847
227 0.9879853837028872 0.14525421144615827 -0.050672400546166195 0.01477827725945049 -0.06592821227273525 0.00841224115740509 0.20803464405069466 227 image_000227.jpg
 335.205 182.593 1 458.902 190.847 3 353.025 188.086 32 662.493 199.218 33 278.875 256.495 39 419.433 168.255 54 468.981 198.905 66 525.021 266.683 67 422.370 165.987 113 394.091 170.582 116 424.155 180.243 118 427.224 180.531 119 288.888 251.016 128 524.138 204.793 139 380.999 162.327 141 438.772 176.392 143 379.472 171.651 148 265.989 381.976 494 477.196 200.274 497 503.340 203.903 498 581.540 206.560 500 364.907 349.207 520 365.196 374.204 527 505.945 351.420 540 460.563 361.694 554 426.219 363.423 557 362.915 337.330 568 391.057 338.708 604 390.633 374.288 612 395.471 374.594 613 359.061 185.264 698 300.037 252.497 702 563.889 289.961 707 417.899 358.065 712 290.699 253.950 713 558.440 255.937 875 422.612 368.175 877
136 0.9845013978146502 0.09354715047017752 0.14742003330438752 -0.01653076855012783 -0.4669525720747206 0.08166683637439859 0.4924993755447534 136 image_000136.jpg
 206.482 331.052 1 273.664 327.899 31 376.965 566.313 63 168.864 341.532 65 116.555 647.370 71 347.153 410.598 100 160.291 454.751 102 79.183 601.454 107 79.183 601.454 108 396.084 659.756 109 240.544 295.471 114 364.347 319.818 118 154.790 346.232 123 284.151 307.937 148 326.165 311.174 153 282.389 313.548 154 305.637 313.665 155 383.114 317.143 156 227.349 317.413 157 379.608 321.113 158 379.608 321.113 159 389.188 320.966 160 226.056 323.241 161 274.691 367.269 162 293.188 463.020 163 345.578 616.521 164 292.118 638.019 165 374.634 639.897 166 151.570 642.378 167 171.639 643.094 168 390.024 646.492 169 342.703 647.129 170 451.233 266.625 171 238.569 313.441 172 274.333 455.873 173 402.120 465.218 174 402.120 465.218 175 294.574 465.951 176 194.354 467.120 177 390.164 633.485 178 337.731 639.524 179 345.735 643.671 180 506.182 647.181 181 443.293 464.741 182 334.680 464.937 183 342.425 622.606 184 346.150 629.252 185 502.510 634.563 186 502.510 634.563 187 88.708 637.051 188 341.755 640.853 189 60.103 642.955 190 147.204 564.959 191 109.868 621.431 192 131.786 634.539 193
232 0.991629321011156 0.1268453799777536 0.02263608013802997 0.008315831532274996 -0.12273502662956992 0.029604321147704213 0.2504825525756279 232 image_000232.jpg
 431.629 236.586 1 558.882 243.196 3 406.166 316.380 13 449.406 321.270 17 397.923 368.088 22 435.103 368.837 25 449.387 242.148 32 777.346 249.413 33 574.998 255.182 34 439.223 261.129 36 561.675 310.029 37 383.657 311.526 38 456.483 365.202 43 483.170 369.838 46 695.069 410.569 50 573.637 408.406 52 518.252 220.984 54 394.710 316.337 55 448.923 317.033 57 534.711 372.863 62 409.158 242.712 65 568.617 251.443 66 384.138 419.318 71 384.138 419.318 72 466.630 241.428 80 436.365 240.707 83 451.021 217.108 114 525.916 233.301 119 527.666 236.647 120 469.543 232.946 133 533.799 235.324 134 644.168 256.860 138 537.376 228.973 143 436.084 244.871 144 427.693 231.861 150 385.091 258.385 151 508.220 315.034 183 517.221 403.778 184 379.360 403.250 192 516.985 381.622 457 516.985 381.622 458 573.500 412.472 481 357.877 427.690 487 425.986 429.472 488 469.392 429.968 489 357.619 438.138 494 431.092 312.648 504 456.483 365.202 509 539.898 374.192 510 638.355 382.473 511 638.355 382.473 512 638.187 393.481 517 638.354 397.574 518 458.439 407.170 520 695.069 410.569 521 506.215 416.157 522 464.703 418.561 523 464.703 418.561 524 480.363 428.279 526 458.596 431.856 527 545.676 440.293 528 360.490 440.888 529 357.873 444.181 530 453.233 308.422 534 424.496 312.943 535 515.988 321.487 537 606.075 409.809 540 477.535 418.988 544 452.153 419.124 545 476.645 225.260 547 414.344 414.406 551 443.321 414.521 552 382.088 414.869 553 557.795 419.768 555 417.710 430.325 558 469.917 380.942 561 516.261 287.853 563 456.634 394.049 567 456.634 394.049 568 457.353 423.952 569 375.918 405.365 574 571.020 413.329 576 494.277 422.646 577 477.278 317.365 580 399.990 413.726 582 499.745 415.892 583 386.691 370.132 590 396.074 393.428 591 425.440 359.968 599 422.417 399.684 602 485.555 395.567 604 569.876 260.000 607 562.754 408.873 614 459.563 375.272 616 546.477 289.107 618 415.698 365.967 656 500.678 232.153 658 490.437 366.650 662 435.539 374.223 668 645.415 419.197 672 515.531 438.857 695 477.514 364.182 703 400.543 406.545 709 482.650 319.859 711 512.485 415.266 712 480.559 388.512 789 667.329 260.406 848 451.642 425.771 867 523.079 222.962 868 477.834 400.061 870 486.869 425.532 876 487.210 372.739 878 532.365 393.668 879
234 0.9521791780095422 0.088219604476395 -0.28818199753158946 0.05023206628721791 0.31382995716258144 -0.06518525346438092 -0.26284956128375353 234 image_000234.jpg
 105.903 140.925 1 146.730 168.781 5 250.589 197.756 6 161.070 185.612 10 193.064 250.702 11 334.185 370.388 20 289.866 368.547 21 173.093 154.729 31 138.242 156.709 32 529.552 243.861 33 321.246 211.390 34 157.371 188.869 35 307.155 285.205 37 276.037 294.212 41 281.742 369.738 44 246.912 366.656 45 199.111 363.516 46 335.419 388.957 47 466.035 429.103 50 437.019 432.221 53 243.558 147.724 54 250.324 357.425 59 275.414 371.301 62 275.414 371.301 63 204.606 131.248 64 313.957 205.229 66 386.180 309.285 67 146.668 280.277 68 167.144 160.578 80 134.238 163.400 86 286.762 208.311 92 328.579 219.786 94 328.579 219.786 95 241.234 239.189 100 236.667 273.566 101 187.734 360.168 105 244.431 385.275 106 298.798 466.609 111 254.654 141.275 112 248.204 145.089 113 140.415 117.089 114 205.029 142.945 116 260.579 167.793 117 325.400 200.387 122 344.931 229.093 127 294.903 460.295 132 265.580 173.756 134 189.972 177.357 137 401.646 229.422 138 382.714 225.503 139 402.256 442.184 140 271.239 165.462 143 147.057 124.729 149 423.051 473.111 152 201.298 149.590 155 265.328 168.250 156 255.273 440.687 170 137.745 133.043 172 179.777 268.762 173 288.396 290.832 174 288.396 290.832 175 199.841 280.041 176 291.938 429.479 178 256.989 437.369 180 317.865 294.581 182 233.062 284.263 183 252.659 419.236 184 256.316 425.160 185 253.574 434.784 189 206.203 112.415 194 135.667 142.800 202 186.032 158.571 203 183.144 164.171 206 194.307 175.209 216 150.361 167.621 217 165.312 176.811 221 170.079 177.934 225 257.787 199.229 228 192.998 192.094 229 243.001 202.585 230 274.881 217.461 232 315.559 241.468 233 239.368 267.521 240 222.719 271.866 246 239.490 275.586 247 231.528 275.057 248 303.446 285.668 249 283.446 286.638 252 356.685 305.188 258 197.445 286.505 259 250.994 362.413 263 200.838 387.481 281 154.439 390.910 289 189.287 418.243 300 256.612 432.016 306 215.608 148.290 328 215.320 153.602 329 136.147 158.121 331 322.630 197.064 332 137.140 177.467 334 291.473 209.182 335 297.862 210.360 336 327.014 216.409 338 167.210 187.083 340 172.443 188.196 341 354.671 223.014 344 304.476 214.797 345 304.476 214.797 346 314.799 225.355 347 393.253 250.575 349 238.424 251.015 351 239.343 260.401 353 146.026 252.243 354 164.692 265.448 355 276.544 287.019 358 423.723 356.219 363 175.153 361.549 365 185.155 363.073 366 151.427 361.554 367 402.749 389.381 369 203.296 383.842 371 183.173 384.334 376 391.804 395.155 377 290.352 390.858 379 294.252 390.980 380 294.252 390.980 381 204.688 387.551 383 209.447 388.102 386 209.492 397.231 395 209.729 402.789 396 338.251 432.907 406 179.822 434.802 409 282.514 438.834 413 167.572 453.093 419 184.503 457.971 420 336.446 456.101 421 294.281 464.923 424 339.967 467.841 427 283.172 159.585 431 283.172 159.585 432 238.238 174.867 434 329.557 202.006 436 249.613 200.956 441 324.385 218.611 442 265.381 288.746 447 156.205 359.644 450 371.278 390.481 455 378.530 390.764 456 251.918 385.126 457 251.918 385.126 458 293.098 387.240 459 207.632 384.153 462 207.632 384.153 463 277.414 387.356 464 291.128 420.595 477 339.315 457.205 485 161.915 459.727 486 196.485 462.304 490 254.804 467.689 493 232.686 185.755 496 324.424 207.650 497 393.777 227.612 499 447.355 239.196 500 189.879 200.813 502 307.155 285.205 503 405.565 391.988 511 405.565 391.988 512 249.515 399.252 516 405.486 406.637 517 405.837 412.267 518 466.035 429.103 521 198.765 458.069 526 162.840 465.266 527 295.158 473.354 528 303.531 187.017 532 242.522 216.700 533 145.788 262.789 534 244.896 293.981 537 294.523 395.756 539 450.133 438.958 542 407.929 443.620 543 290.886 205.330 548 238.482 292.936 550 310.191 442.466 554 310.191 442.466 555 260.481 446.334 557 248.074 169.758 559 288.015 186.997 562 236.068 422.074 575 326.333 433.287 576 219.465 449.642 577 185.603 282.504 580 287.632 398.259 581 225.571 438.278 583 221.701 445.260 588 239.227 443.529 589 333.292 392.570 594 361.709 498.362 597 203.456 406.336 604 230.965 449.662 605 210.534 454.519 606 314.977 216.846 607 503.531 247.629 608 355.446 299.897 609 286.881 377.872 610 205.792 465.395 612 213.556 465.137 613 314.847 427.510 614 195.017 357.954 615 161.483 371.753 616 252.389 402.857 617 284.703 253.160 618 163.119 142.216 620 208.745 160.252 621 135.933 153.162 623 192.141 224.447 628 254.043 285.398 636 255.120 164.076 643 202.334 157.213 644 277.969 173.960 645 428.023 230.477 647 298.451 376.745 651 339.167 219.600 654 250.688 275.381 655 210.791 360.390 662 346.605 223.941 663 314.977 216.846 665 118.173 368.704 668 379.749 303.965 670 390.334 382.662 671 416.494 441.412 672 414.684 444.661 673 148.202 353.940 674 457.233 428.659 675 396.128 441.375 676 252.389 402.857 680 318.751 446.972 681 232.191 174.196 682 191.625 384.843 684 269.870 170.008 685 254.916 177.059 686 151.988 183.494 689 280.657 239.719 690 242.146 258.760 691 297.879 450.063 694 252.812 474.603 695 433.153 345.308 707 465.432 421.502 708 245.604 437.080 712 174.849 282.625 714 242.780 394.200 725 233.230 233.183 733 318.174 241.970 737 351.015 233.863 738 210.801 276.865 739 396.443 243.619 742 192.097 326.728 744 240.673 318.939 746 279.864 362.099 748 198.932 390.232 749 235.440 377.722 750 235.440 377.722 751 207.139 400.277 755 289.960 438.266 758 403.485 415.348 760 422.968 426.858 761 422.968 426.858 762 254.560 192.706 764 260.914 199.940 765 260.914 199.940 766 285.335 232.644 767 324.118 228.855 768 324.043 240.174 769 355.144 249.374 770 283.983 302.037 771 195.414 334.476 772 411.425 300.752 773 185.784 381.217 774 256.613 368.154 775 232.788 375.703 776 243.258 389.202 777 433.268 369.979 778 435.285 377.078 780 362.992 423.952 781 448.408 394.571 782 419.747 450.494 783 453.727 447.882 784 330.127 223.499 785 187.734 360.168 786 204.464 362.138 787 204.464 362.138 788 408.910 472.267 791 232.447 288.782 792 255.465 291.838 793 195.196 372.940 795 192.518 459.222 796 413.733 399.508 797 299.441 442.794 798 163.628 354.426 799 389.355 367.754 801 406.850 381.230 802 371.874 405.992 803 405.126 407.922 804 405.126 407.922 805 218.947 181.906 806 190.158 363.018 813 177.583 367.990 817 280.390 384.722 818 339.386 205.361 820 257.373 202.010 823 250.801 204.126 824 265.271 206.590 825 187.009 307.596 832 186.032 158.571 837 358.215 226.867 841 360.530 238.963 842 196.869 252.612 843 208.125 437.501 845 138.417 146.321 847 425.178 238.129 848 291.682 412.947 850 427.924 423.387 851 376.728 434.372 853 342.859 437.311 854 336.401 449.026 855 346.776 461.070 856 137.518 136.230 857 240.775 151.974 858 177.777 380.906 860 207.054 421.137 861 171.216 172.941 862 283.300 388.079 863 228.681 421.611 865 250.966 152.763 868 287.978 408.013 869 190.236 413.119 870 325.127 415.737 871 139.155 302.312 873 399.713 403.623 874 424.536 299.677 875 255.021 453.438 877 203.978 367.860 878
213 0.9917867566974722 0.11828248076507912 0.04861668067308245 -0.0021702008611280653 -0.12389006751993878 0.050502048739727384 0.3921232175346375 213 image_000213.jpg
 427.838 192.038 1 497.314 198.511 2 634.677 198.751 3 370.815 204.509 4 465.372 211.313 5 575.541 218.876 6 400.394 225.295 8 457.804 225.787 9 478.607 225.992 10 387.887 321.928 13 410.576 322.041 14 458.551 328.546 17 667.443 404.652 20 466.266 407.374 26 319.573 408.336 27 319.573 408.336 28 324.509 492.593 30 491.056 190.381 31 661.645 217.976 34 640.931 307.795 37 380.665 329.008 42 606.619 406.681 44 512.994 405.715 46 669.463 425.569 47 380.834 427.454 48 296.115 463.320 51 568.078 163.743 54 445.638 322.661 56 457.842 322.299 57 415.606 397.086 60 598.165 409.979 62 598.165 409.979 63 391.655 202.774 65 611.595 397.424 69 354.507 489.047 71 354.507 489.047 72 329.626 488.805 73 401.597 226.181 75 457.812 190.065 78 460.343 195.619 79 485.305 197.815 80 435.305 198.501 83 507.787 203.535 84 455.408 205.495 85 392.455 209.952 88 617.332 222.457 92 788.712 223.878 93 331.977 222.844 98 563.651 266.909 100 557.959 305.288 101 561.898 425.992 106 316.492 445.864 107 316.492 445.864 108 621.534 512.321 111 572.258 159.707 113 459.488 159.667 114 474.572 169.037 115 524.826 168.968 116 587.631 181.730 117 664.550 204.825 122 378.123 207.065 123 648.945 222.718 125 572.473 223.054 126 339.589 310.218 129 328.161 428.370 131 617.233 504.890 132 489.991 184.922 133 594.292 186.935 134 775.753 218.581 138 761.425 485.557 140 312.718 437.041 145 520.630 177.047 155 593.143 181.060 156 589.416 184.900 158 589.416 184.900 159 516.088 315.379 163 523.712 476.439 165 390.099 482.816 167 457.732 176.050 172 497.341 308.949 173 617.262 317.343 174 617.262 317.343 175 517.323 318.225 176 422.398 319.654 177 614.769 471.576 178 566.174 477.060 179 574.005 480.625 180 720.216 480.872 181 654.755 316.677 182 553.903 317.332 183 569.910 461.607 184 573.544 467.809 185 716.658 469.316 186 716.658 469.316 187 327.552 479.207 188 570.074 478.294 189 298.615 484.783 190 383.426 411.402 191 346.949 463.485 192 535.785 168.652 195 475.975 172.889 196 596.463 178.885 199 481.660 182.404 200 437.292 195.042 204 501.480 198.001 206 579.778 197.450 208 606.345 198.486 209 565.380 200.416 211 468.876 209.104 217 599.827 208.842 218 482.419 215.772 221 389.315 217.287 222 393.523 217.237 223 393.523 217.237 224 397.844 217.479 226 397.844 217.479 227 511.161 225.968 229 657.825 299.894 242 544.405 304.376 244 636.362 309.061 249 458.717 314.982 254 508.845 317.368 255 707.046 323.133 258 514.828 325.414 259 614.677 326.586 260 377.741 396.704 261 282.608 414.594 269 384.353 419.507 274 469.814 419.355 277 514.848 430.328 281 621.858 432.300 285 814.614 433.161 286 811.380 435.099 288 521.396 437.504 291 420.926 437.737 293 427.927 447.489 294 468.270 448.596 295 521.388 448.479 296 523.501 451.071 297 624.842 457.944 298 504.834 461.081 300 502.902 463.531 301 576.972 469.456 302 768.623 473.540 303 470.748 473.501 304 470.408 477.817 307 619.508 485.517 309 769.606 490.273 310 422.284 490.241 311 425.110 490.206 312 425.126 494.292 313 425.126 494.292 314 777.798 496.016 315 427.555 498.047 316 769.762 499.555 317 424.798 498.641 318 419.252 500.996 319 425.091 502.701 320 425.215 511.908 323 474.572 169.037 327 535.402 178.392 329 497.314 198.511 330 443.700 205.403 333 455.376 222.724 334 623.428 222.431 335 631.487 222.392 336 648.945 222.718 337 668.621 222.801 338 489.537 226.386 341 584.517 225.308 343 712.455 245.642 348 482.422 307.957 355 537.319 308.689 356 549.159 316.471 359 801.055 317.093 361 409.243 402.088 364 491.638 404.551 365 466.266 407.374 367 518.349 418.914 368 516.896 426.725 371 454.781 426.937 372 498.917 427.403 376 751.713 428.808 377 618.906 429.695 380 618.906 429.695 381 427.739 430.785 385 371.136 431.258 388 318.382 431.654 393 324.408 437.983 394 523.828 439.859 395 719.126 460.077 397 327.957 459.374 398 816.611 466.194 399 321.648 466.791 401 503.917 467.533 402 327.124 469.268 404 423.069 469.881 405 671.878 475.404 406 423.139 475.542 408 494.900 477.551 409 674.159 478.720 410 333.940 478.288 411 422.604 480.487 412 439.023 482.629 414 455.834 482.686 415 312.860 490.984 418 480.487 496.590 419 317.130 502.862 422 422.795 509.257 423 616.200 510.492 424 419.977 513.084 425 419.977 513.084 426 624.582 515.001 428 422.596 515.256 429 419.770 520.936 430 561.288 196.583 434 349.217 205.745 435 670.481 205.742 436 372.694 211.663 437 460.968 222.672 439 466.482 222.925 440 491.479 312.158 445 369.753 408.484 451 759.432 409.525 452 513.428 412.562 453 718.297 425.092 455 569.053 425.737 457 569.053 425.737 458 616.965 425.694 459 512.531 426.777 460 512.531 426.777 461 521.761 426.591 462 521.761 426.591 463 600.120 426.340 464 320.970 427.987 467 350.711 428.143 469 328.161 428.370 470 344.074 428.623 471 711.605 434.510 473 419.705 451.516 476 506.978 464.218 478 448.261 465.319 479 419.654 470.946 480 661.837 474.758 481 473.652 476.110 482 388.629 479.032 483 574.488 490.801 484 312.848 502.727 487 422.301 504.350 488 491.997 504.941 489 570.658 512.533 493 312.623 519.315 494 571.970 521.893 495 665.580 213.200 497 711.036 218.102 498 765.678 218.370 499 428.505 315.036 504 493.797 397.094 508 768.069 424.605 511 387.439 427.408 513 469.449 427.187 514 469.449 427.187 515 768.407 442.855 517 768.496 449.613 518 349.721 457.192 519 474.408 467.460 520 484.787 486.687 523 630.253 501.753 525 475.004 507.946 527 617.197 520.232 528 317.695 524.301 529 464.122 308.041 534 417.735 316.142 535 382.411 322.402 536 619.674 434.788 539 555.492 476.015 541 767.709 487.678 543 465.550 488.548 545 476.682 161.162 546 501.156 171.597 547 403.700 480.436 551 351.424 481.487 553 409.907 487.224 556 447.325 213.947 560 492.648 425.395 561 620.242 197.091 562 619.517 443.727 564 619.517 443.727 565 471.622 447.042 567 471.622 447.042 568 472.915 495.342 569 411.091 397.854 573 341.439 466.968 574 554.324 464.574 575 512.543 315.114 578 611.365 438.095 581 541.716 481.080 583 629.795 508.252 584 329.626 488.805 586 555.020 488.186 589 373.486 446.942 591 667.448 429.705 594 321.695 434.232 595 411.692 225.606 598 448.032 473.430 600 518.626 449.168 604 653.127 225.977 607 705.606 316.642 609 481.267 179.533 620 455.933 197.364 623 445.668 208.279 626 510.207 260.293 628 503.211 307.882 632 546.544 308.877 633 397.006 404.954 638 521.818 185.190 644 607.121 184.506 645 452.389 225.569 646 365.667 313.093 648 426.864 416.069 650 322.493 218.702 653 686.901 222.885 654 404.693 402.392 656 301.373 429.735 657 540.063 182.736 658 285.354 411.924 667 436.773 414.646 668 339.589 310.218 669 464.106 399.141 674 638.164 203.322 687 470.203 226.024 689 609.961 259.927 690 324.599 486.263 693 341.439 466.968 696 344.791 308.960 710 512.051 325.535 711 562.524 480.046 712 589.987 206.175 715 589.987 206.175 716 563.059 198.706 729 394.606 310.056 730 661.107 205.745 732 499.772 318.601 736 646.352 312.956 745 521.396 437.504 752 521.379 443.087 755 782.444 480.815 763 579.852 211.945 764 625.139 461.526 779 517.997 404.486 788 612.351 425.747 790 504.062 502.662 796 492.333 481.253 800 539.229 208.627 806 518.560 258.300 807 659.165 257.430 809 496.744 404.883 814 491.656 408.991 815 501.579 408.639 816 321.384 451.694 819 684.529 206.567 820 591.003 225.383 825 448.627 427.323 828 415.634 467.522 829 317.995 517.668 830 505.375 372.572 833 336.057 428.305 834 504.326 190.995 837 516.023 260.453 840 712.937 226.976 841 673.924 429.796 849 722.734 466.935 852 723.924 476.655 853 676.984 480.462 854 565.905 169.425 858 492.954 424.240 860 520.939 464.109 861 607.128 426.675 863 419.926 460.971 864 477.153 490.877 866 463.107 498.155 867 500.019 492.995 872 570.412 498.087 877 595.093 443.994 879
152 0.9817812486242204 0.1884236174634602 0.007784284482287795 0.023270730427624616 0.05039281430297989 -0.014165278954945765 0.26217579731121726 152 image_000152.jpg
 539.527 96.346 1 575.276 97.034 31 854.894 118.071 33 670.876 118.283 34 560.953 218.784 43 636.357 225.887 44 585.489 223.707 46 619.128 83.510 54 631.964 227.088 62 518.293 101.714 65 665.625 114.519 66 639.570 220.473 69 699.429 233.033 76 595.404 85.268 116 627.449 99.686 120 636.367 91.639 143 561.609 81.181 149 535.507 91.604 150 667.499 114.875 438 579.522 256.874 478 561.680 277.768 486 673.140 115.206 497 774.497 124.097 500 657.273 169.728 503 560.953 218.784 509 636.058 229.731 510 603.908 267.071 522 581.919 278.240 526 561.812 280.965 527 844.735 98.038 531 659.080 103.200 532 550.576 109.889 560 599.033 266.975 583 665.355 122.596 607 828.775 124.068 608 692.469 176.987 609 638.965 230.793 610 678.377 238.507 611 585.496 281.852 612 590.167 282.184 613 655.509 262.118 614 583.314 219.070 615 563.341 229.064 616 615.497 247.243 617 643.665 148.691 618
185 0.9618752108913405 0.0668482013636429 0.25754759910315894 -0.06321901932092802 -0.37369543111895 0.02616550622332948 0.11843748710137188 185 image_000185.jpg
 624.720 347.348 1 582.611 360.109 4 646.758 370.051 9 618.277 443.365 15 550.100 510.925 28 806.036 349.903 34 563.233 441.960 39 623.355 522.805 49 728.975 315.795 54 598.384 358.039 65 606.091 373.694 75 667.226 347.299 80 630.075 351.492 83 736.679 307.786 112 732.483 312.192 113 646.522 321.223 114 696.114 323.109 116 588.635 361.885 123 795.523 354.640 125 564.834 438.703 129 904.384 341.781 138 880.374 344.024 139 679.287 315.229 141 754.112 322.256 143 620.713 341.365 150 772.480 430.730 175 593.687 511.409 191 658.156 326.943 327 644.838 367.764 334 795.523 354.640 337 670.297 368.290 341 626.275 525.070 384 626.275 525.070 385 553.805 532.799 394 558.279 547.865 398 561.862 562.697 411 569.378 362.352 435 584.837 365.106 437 800.639 346.923 438 773.628 517.093 459 623.355 522.805 465 566.867 525.488 471 808.273 345.495 497 895.997 342.031 499 791.425 422.283 503 618.273 439.223 535 659.238 320.893 546 638.411 362.236 560 760.402 328.423 645 786.136 339.991 687 583.428 435.874 702 548.140 421.677 705 897.357 358.824 742 658.290 401.759 810 770.961 442.035 812 562.244 525.582 834 732.170 436.274 835
158 0.9974440134651915 0.046476530511778094 -0.05213752505559868 0.015068201830592542 0.07315637278521384 -0.036883129008425886 -0.016766532790909252 158 image_000158.jpg
 434.153 348.794 1 455.269 373.592 9 422.147 442.425 14 428.085 442.344 15 464.843 506.253 26 595.974 374.156 34 443.110 377.245 36 378.903 435.713 38 367.546 435.789 39 467.577 500.165 43 563.576 507.146 44 498.980 505.309 46 530.585 333.581 54 456.026 443.324 57 427.306 498.049 60 558.174 508.775 62 558.174 508.775 63 408.139 355.334 65 588.947 369.750 66 415.310 371.932 75 439.670 353.502 83 679.554 384.258 96 679.554 384.258 97 422.572 371.859 99 456.261 327.034 114 466.814 334.068 115 536.506 347.672 118 540.423 347.876 119 598.433 364.900 122 399.472 357.122 123 535.511 374.786 126 369.230 432.343 129 574.879 580.510 132 670.432 377.973 138 672.345 565.720 140 487.445 325.779 141 482.825 331.108 142 552.609 343.127 143 438.889 358.812 144 577.037 591.785 146 484.951 337.135 148 524.014 441.919 183 540.129 560.365 189 403.998 508.518 191 684.354 573.578 315 466.814 334.068 327 344.209 370.690 342 512.853 435.096 356 491.286 551.795 402 527.536 355.545 434 394.854 361.121 437 461.940 371.597 440 535.511 374.786 441 432.636 429.509 444 546.250 443.029 446 668.259 510.855 452 498.954 510.904 453 439.854 513.804 454 437.994 520.948 466 637.202 528.673 473 598.811 370.781 497 664.002 377.776 499 584.273 436.436 503 538.046 439.809 505 436.069 444.160 506 379.836 544.963 519 471.336 551.105 520 498.906 577.809 526 580.639 356.488 532 427.990 437.574 535 720.856 563.657 542 677.348 567.387 543 468.612 328.613 546 587.846 566.858 555 433.635 536.036 566 468.494 536.574 567 468.494 536.574 568 469.786 570.183 569 376.949 432.457 572 495.756 438.792 578 488.878 443.760 579 396.662 535.871 591 428.516 365.999 592 422.572 371.859 598 429.993 493.919 599 540.129 560.365 601 502.896 538.818 604 590.398 379.259 607 696.839 375.301 647 436.229 512.156 650 340.578 522.574 657 512.004 345.741 658 428.549 362.205 659 507.805 502.161 662 388.585 368.931 664 590.398 379.259 665 528.273 407.390 666 327.723 508.802 667 442.491 511.633 668 369.230 432.343 669 650.994 445.384 670 660.557 514.497 671 685.781 565.331 672 684.555 568.390 673 462.609 499.188 674 730.274 554.015 675 667.231 565.375 676 433.010 496.743 677 508.849 541.295 678 611.120 513.645 679 539.334 535.392 680 594.963 571.286 681
187 0.9906667617555592 0.015182632916586256 -0.1282819839993212 0.043503712151349884 0.19761872564561472 -0.19541455851698553 -0.574234271732398 187 image_000187.jpg
 400.956 137.172 2 566.989 177.792 3 357.166 141.607 5 499.501 183.613 6 594.797 209.378 7 375.540 163.630 10 417.682 251.684 11 418.909 294.396 12 709.271 438.141 18 624.391 428.898 20 557.585 424.016 21 619.909 431.934 24 393.309 125.520 31 345.784 126.694 32 892.877 260.132 33 597.955 205.257 34 371.140 168.018 35 581.181 304.938 37 535.647 316.690 41 545.476 426.611 44 492.550 418.889 45 421.288 411.835 46 626.618 457.859 47 826.803 528.476 50 621.459 516.093 52 783.786 531.507 53 489.425 120.202 54 338.439 285.559 57 374.543 291.171 58 498.027 404.488 59 535.931 428.528 62 535.931 428.528 63 437.614 98.073 64 586.868 196.623 66 695.680 344.877 67 350.083 289.864 68 553.224 414.153 69 684.291 448.678 76 385.644 132.910 80 469.650 154.788 81 469.650 154.788 82 415.257 146.475 84 500.862 179.998 89 423.188 162.004 90 544.882 197.638 91 549.697 199.541 92 723.899 243.004 93 609.231 216.929 94 609.231 216.929 95 723.632 246.580 96 723.632 246.580 97 486.133 238.371 100 479.364 285.374 101 622.805 417.051 104 404.770 407.251 105 489.437 447.029 106 571.829 552.436 109 751.597 558.822 110 572.855 579.094 111 504.837 111.018 112 495.962 116.552 113 351.841 78.057 114 372.245 94.733 115 437.953 112.753 116 512.641 146.444 117 498.589 145.328 118 505.223 146.488 119 507.614 153.816 120 535.201 166.152 121 603.168 189.164 122 481.490 178.319 124 584.767 207.178 125 497.509 187.456 126 631.349 231.225 127 566.874 567.544 132 391.563 118.900 133 520.054 154.471 134 417.445 155.484 137 710.690 235.035 138 684.885 228.746 139 731.979 544.513 140 411.363 90.103 141 402.886 97.371 142 526.978 143.240 143 313.357 125.705 144 571.742 591.425 146 406.386 108.130 148 361.432 87.461 149 767.296 596.027 152 456.002 124.240 153 403.771 113.225 154 431.903 120.088 155 519.087 147.137 156 334.169 98.215 157 514.997 150.638 158 514.997 150.638 159 526.292 152.907 160 331.826 105.519 161 397.846 169.019 162 423.785 288.521 163 504.200 492.269 164 434.918 520.121 165 537.722 526.501 166 562.524 534.221 169 504.298 534.472 170 585.079 116.950 171 397.842 275.151 173 553.839 311.634 174 553.839 311.634 175 425.699 291.740 176 561.383 517.759 178 496.348 523.314 179 507.209 529.508 180 688.335 537.183 181 596.706 319.137 182 473.399 300.145 183 500.947 500.721 184 506.415 510.274 185 683.495 520.568 186 683.495 520.568 187 501.887 525.472 189 439.083 71.671 194 450.611 115.964 195 374.336 100.450 196 417.404 113.304 197 457.437 127.505 198 522.504 145.434 199 381.288 113.058 200 529.394 150.727 201 410.954 130.803 203 469.453 149.408 205 406.939 137.708 206 450.065 148.196 207 503.930 161.852 208 535.366 170.238 209 535.366 170.238 210 486.762 160.795 211 528.066 171.778 212 528.066 171.778 213 562.845 178.958 214 432.229 152.966 215 422.276 152.557 216 527.941 180.011 218 605.952 196.164 219 603.208 198.160 220 381.897 152.571 221 387.871 154.381 225 508.766 185.950 228 418.952 173.298 229 488.609 189.235 230 605.675 219.269 231 533.331 210.979 232 591.418 245.274 233 594.906 246.473 234 535.268 237.476 235 694.534 269.157 236 605.505 252.951 237 543.575 258.369 238 493.464 271.726 239 483.776 277.091 240 479.420 278.272 241 599.828 299.504 242 412.290 271.007 243 462.178 280.138 244 462.178 280.138 245 458.489 281.251 246 483.616 288.014 247 471.322 286.575 248 575.730 305.424 249 586.211 307.007 250 395.718 279.785 251 546.801 305.086 252 310.350 270.536 253 340.669 274.950 254 413.067 289.786 255 625.935 323.047 256 653.093 336.293 258 422.233 301.325 259 551.323 323.209 260 496.599 407.872 262 498.937 412.411 263 524.067 424.529 265 321.585 404.963 266 332.288 415.636 267 563.449 436.974 268 626.177 447.100 270 498.933 436.362 271 343.561 423.061 272 816.931 477.957 278 678.810 467.332 279 331.145 442.400 280 422.223 448.388 281 689.160 470.903 282 780.417 478.703 283 357.603 444.130 284 568.817 462.524 285 777.053 481.365 286 774.036 483.458 288 351.538 450.488 289 419.294 458.117 290 431.345 459.644 291 355.605 454.090 292 350.006 471.183 295 431.440 476.670 296 434.821 479.636 297 573.785 499.132 298 404.380 495.866 300 400.525 499.439 301 511.116 512.938 302 738.288 529.357 303 352.684 512.262 304 496.768 518.829 305 506.418 519.754 306 431.605 526.911 308 569.265 539.262 309 742.236 551.570 310 751.597 558.822 315 743.235 563.676 317 431.167 567.868 322 574.703 587.748 324 569.786 596.539 326 372.245 94.733 327 451.874 119.892 328 451.211 125.915 329 400.956 137.172 330 599.294 184.733 332 343.836 152.721 334 556.540 200.769 335 565.528 202.583 336 584.767 207.178 337 606.665 212.143 338 383.764 165.626 340 390.935 167.299 341 510.567 193.686 343 645.475 223.571 344 574.898 208.631 345 574.898 208.631 346 589.664 223.777 347 652.557 248.979 348 701.425 262.709 349 599.258 259.909 350 482.209 253.742 351 482.540 259.699 352 483.063 266.703 353 351.255 250.360 354 376.489 270.426 355 451.852 284.095 356 510.247 299.995 357 536.675 306.226 358 467.391 297.347 359 408.758 288.517 360 744.941 345.797 361 484.452 313.423 362 754.809 415.285 363 385.795 408.343 365 400.730 411.079 366 349.875 405.885 367 428.883 430.626 368 728.115 462.486 369 592.871 456.538 370 426.030 442.544 371 346.108 436.051 373 396.433 443.011 376 711.394 471.788 377 558.732 458.586 378 558.732 458.586 379 564.754 459.041 380 564.754 459.041 381 572.263 459.376 382 428.309 448.524 383 435.402 449.707 386 455.770 452.977 387 321.447 442.882 390 385.755 448.271 391 393.504 448.679 392 434.876 463.546 395 435.423 472.454 396 684.818 508.817 397 783.290 522.830 399 434.402 503.711 400 401.689 506.201 402 633.392 527.386 406 388.643 521.076 409 637.073 531.315 410 546.403 533.603 413 497.478 536.044 416 563.138 545.216 417 392.906 558.094 420 631.635 564.339 421 565.727 576.388 424 637.462 583.109 427 577.160 582.917 428 544.227 135.401 431 544.227 135.401 432 578.457 163.528 433 482.132 154.338 434 609.669 191.830 436 592.375 199.396 438 351.029 153.716 439 359.007 155.771 440 497.509 187.456 441 602.451 215.001 442 356.888 164.874 443 290.744 250.628 444 390.643 278.638 445 513.811 307.087 446 520.571 308.253 447 355.666 402.578 450 720.429 446.911 452 421.054 422.117 453 681.104 462.269 455 692.089 463.134 456 499.650 447.588 457 499.650 447.588 458 562.630 452.713 459 419.356 441.949 460 419.356 441.949 461 432.823 443.110 462 432.823 443.110 463 538.579 453.048 464 674.227 474.289 473 560.647 505.388 477 407.044 501.025 478 622.049 525.041 481 508.367 545.096 484 636.102 565.163 485 411.549 565.359 490 636.953 574.896 491 632.731 580.585 492 503.910 578.445 493 506.085 593.659 495 475.256 168.208 496 603.049 200.557 497 647.992 219.221 498 700.168 232.179 499 776.477 251.020 500 420.417 179.120 501 415.130 184.438 502 581.181 304.938 503 295.972 266.935 504 499.292 299.860 505 315.797 390.865 507 387.481 398.591 508 357.105 395.194 509 546.198 435.648 510 732.307 466.673 511 732.307 466.673 512 496.340 468.909 516 733.363 489.384 517 734.405 498.485 518 826.803 528.476 521 473.377 530.326 522 374.864 533.932 524 583.341 562.828 525 415.738 558.698 526 567.928 591.018 528 864.256 230.760 531 573.495 172.981 532 487.784 206.988 533 350.530 266.168 534 491.250 315.990 537 470.846 439.979 538 565.578 466.713 539 681.328 521.532 540 476.633 522.160 541 803.702 543.189 542 740.838 547.685 543 405.667 536.674 544 406.386 108.130 547 555.593 195.333 548 701.970 263.737 549 482.091 312.272 550 590.754 541.443 554 590.754 541.443 555 512.844 544.267 557 496.090 145.098 559 333.081 139.825 560 388.418 438.315 561 552.048 172.315 562 488.807 246.656 563 564.520 478.749 564 564.520 478.749 565 335.792 130.847 571 475.935 504.587 575 614.924 526.986 576 448.655 547.160 577 419.093 286.009 578 405.400 295.566 579 405.400 295.566 580 554.969 469.906 581 458.816 529.479 583 583.344 573.703 584 278.226 278.274 585 453.001 540.666 587 453.001 540.666 588 479.975 538.840 589 424.941 295.503 593 623.975 463.468 594 577.160 582.917 596 671.987 635.033 597 501.887 525.472 601 433.015 553.095 606 589.889 211.940 607 856.107 265.718 608 651.316 329.241 609 553.465 438.046 610 642.230 459.581 611 426.227 571.105 612 438.620 571.357 613 596.981 517.607 614 416.077 402.632 615 363.950 421.465 616 500.855 475.692 617 548.787 260.157 618 450.611 115.964 619 380.838 109.621 620 442.109 134.039 621 530.897 160.801 622 500.739 159.795 624 503.930 161.852 625 493.827 172.060 627 417.388 216.172 628 653.699 264.373 629 703.478 275.308 630 409.942 274.574 631 405.925 275.100 632 464.131 286.183 633 409.645 285.581 634 504.091 303.298 636 592.244 320.483 637 378.092 409.055 639 703.169 452.342 640 776.848 466.980 641 688.504 476.446 642 505.532 141.461 643 433.187 130.299 644 536.386 155.130 645 748.555 237.985 647 570.247 436.966 651 541.555 180.225 652 624.466 218.124 654 499.806 288.282 655 455.562 132.051 658 336.990 357.017 660 338.597 365.615 661 438.337 407.800 662 634.925 224.165 663 589.889 211.940 665 482.312 238.898 666 686.395 336.714 670 708.474 452.342 671 753.458 544.855 672 751.620 550.315 673 720.786 544.404 676 630.758 444.115 679 500.855 475.692 680 602.714 549.925 681 473.644 153.123 682 409.122 443.946 684 525.730 149.145 685 505.193 157.411 686 571.403 183.827 687 582.102 197.380 688 363.250 160.655 689 542.389 241.520 690 486.793 265.345 691 504.439 487.064 692 571.829 552.436 694 500.320 588.994 695 501.140 509.594 697 360.634 123.013 698 538.664 549.896 699 772.587 254.797 700 825.094 274.776 701 405.490 401.247 703 298.348 103.378 704 500.228 316.689 706 768.277 399.819 707 417.991 300.948 711 491.062 528.643 712 389.967 293.828 714 516.098 174.711 715 516.098 174.711 716 650.371 253.506 717 480.457 297.335 718 656.081 267.312 719 588.992 307.057 720 530.888 422.561 721 540.810 426.253 722 511.328 437.429 723 753.037 377.774 724 486.254 459.935 725 547.589 445.484 726 735.146 477.481 727 758.322 526.084 728 484.167 157.893 729 525.869 193.125 731 598.559 190.720 732 475.027 229.727 733 538.406 234.266 734 401.593 276.012 735 400.379 289.869 736 594.906 246.473 737 641.455 237.789 738 441.405 288.294 739 460.137 296.755 740 422.292 309.454 741 706.045 252.860 742 586.211 307.007 743 412.939 358.896 744 587.329 312.360 745 484.099 349.518 746 438.379 420.033 747 542.645 415.323 748 419.318 451.881 749 475.805 436.172 750 475.805 436.172 751 431.345 459.644 752 562.771 423.827 753 532.784 433.762 754 431.524 467.977 755 434.981 496.971 756 685.841 473.500 757 558.953 532.835 758 674.492 514.066 759 731.476 502.516 760 760.866 521.978 761 760.866 521.978 762 754.261 540.278 763 503.973 177.196 764 513.913 187.106 765 513.913 187.106 766 548.028 231.436 767 603.080 228.105 768 603.768 243.461 769 647.485 259.188 770 548.167 327.067 771 417.164 369.759 772 731.582 333.496 773 400.320 438.346 774 506.625 421.511 775 471.800 433.601 776 487.191 453.329 777 771.570 435.426 778 574.411 503.835 779 775.231 445.732 780 670.304 514.307 781 794.897 473.666 782 759.221 559.280 783 811.589 557.249 784 610.939 221.777 785 404.770 407.251 786 428.364 408.961 787 428.364 408.961 788 414.863 457.846 789 556.785 452.344 790 744.220 593.867 791 472.366 307.002 792 506.538 312.434 793 337.509 376.112 794 415.095 425.849 795 405.789 560.393 796 745.439 479.667 797 573.355 541.014 798 367.957 396.028 799 384.288 526.649 800 705.257 429.830 801 734.014 450.089 802 683.153 486.081 803 732.456 490.634 804 732.456 490.634 805 455.776 162.430 806 428.276 215.589 807 546.113 240.191 808 598.061 249.299 809 364.514 218.014 810 538.918 284.795 811 551.992 329.407 812 408.361 411.042 813 393.260 410.303 814 385.565 415.302 815 400.517 416.414 816 389.179 418.144 817 543.613 448.761 818 623.763 197.982 820 489.411 173.366 821 414.642 159.775 822 508.356 189.336 823 499.142 191.764 824 519.120 195.709 825 367.447 300.479 826 382.446 404.585 827 406.347 331.387 832 405.470 365.877 833 491.625 306.724 835 357.942 314.868 836 410.954 130.803 837 329.499 153.845 838 428.276 215.589 839 424.932 217.596 840 651.204 228.959 841 654.439 244.598 842 422.140 254.405 843 401.593 276.012 844 431.605 526.911 845 631.646 545.645 846 744.882 247.852 848 632.902 464.258 849 561.560 492.549 850 767.043 517.267 851 690.063 518.745 852 691.978 531.304 853 640.810 534.351 854 631.490 553.006 855 648.030 572.404 856 486.183 125.790 858 520.555 308.207 859 388.185 437.165 860 430.672 500.516 861 391.217 148.711 862 548.023 454.319 863 464.429 503.729 865 362.046 540.559 866 499.864 127.029 868 556.007 484.923 869 406.871 488.140 870 611.960 497.668 871 395.010 545.376 872 338.193 321.835 873 724.486 482.956 874 750.866 333.953 875 433.015 553.095 876 505.215 555.780 877 431.136 419.769 878
175 0.9722509828323971 0.10551449179244758 -0.10535473672880391 0.18026390109230458 0.1411320177525181 -0.04775043056445705 -0.4733576743461175 175 image_000175.jpg
 425.273 88.040 3 350.524 77.497 6 243.816 127.584 11 480.073 385.792 18 391.710 353.048 20 327.486 328.842 21 386.622 353.624 24 448.102 124.839 34 392.933 221.995 37 344.396 221.298 41 315.945 328.733 44 265.396 307.257 45 199.435 282.114 46 189.897 154.435 58 305.701 327.821 62 305.701 327.821 63 439.694 112.645 66 326.803 318.438 69 398.134 106.134 92 573.684 196.530 93 455.084 139.941 94 455.084 139.941 95 295.829 175.805 101 394.531 340.854 104 253.369 332.520 106 478.632 509.676 110 293.756 473.210 111 458.080 109.177 122 346.470 80.682 126 292.177 461.806 132 562.644 184.741 138 535.867 171.619 139 463.676 490.916 140 390.396 51.163 160 181.763 382.309 165 362.559 221.666 174 362.559 221.666 175 239.691 168.999 176 245.863 410.778 180 286.034 188.766 183 242.350 405.998 189 394.105 50.036 201 363.218 55.159 208 393.474 71.631 209 345.230 50.116 211 385.392 71.267 212 385.392 71.267 213 419.920 88.150 214 382.052 80.419 218 458.533 116.868 219 455.621 118.927 220 337.087 80.701 230 450.706 141.464 231 376.848 114.054 232 530.440 215.792 236 437.297 175.965 237 370.239 165.651 238 314.588 166.273 239 302.031 168.983 240 298.053 169.010 241 414.836 221.500 242 233.430 144.478 243 279.892 166.835 245 275.716 167.198 246 298.763 179.847 247 287.297 175.590 248 387.282 220.918 249 397.645 225.860 250 228.314 163.760 255 232.848 177.134 259 355.619 232.116 260 272.701 298.453 262 272.968 303.278 263 295.881 320.719 265 114.618 262.581 267 327.957 343.200 268 265.690 325.111 271 122.493 272.337 272 578.664 455.530 278 435.400 403.768 279 106.643 286.737 280 189.301 315.126 281 445.256 410.516 282 539.527 445.444 283 535.323 446.903 286 531.258 447.933 288 195.210 328.485 291 190.622 343.223 296 161.113 353.327 300 156.595 355.443 301 475.956 478.600 303 107.247 353.799 304 471.654 499.868 310 468.224 511.266 317 164.509 422.983 322 285.931 487.319 326 455.788 103.688 332 404.642 109.326 335 454.742 134.636 338 493.331 155.996 344 421.291 122.400 345 421.291 122.400 346 490.957 183.810 348 540.243 211.108 349 308.729 145.441 351 307.020 151.927 352 305.204 158.944 353 268.670 167.947 356 323.252 197.840 357 280.046 184.671 359 555.193 307.107 361 291.640 204.876 362 538.875 377.847 363 200.655 301.570 368 194.182 311.527 371 195.266 317.248 383 202.443 320.501 386 155.993 361.873 402 139.082 371.681 409 287.908 468.570 424 354.665 495.994 427 463.835 113.609 436 443.561 116.328 438 346.470 80.682 441 196.235 291.398 453 439.544 400.223 455 451.099 404.353 456 261.997 335.135 457 261.997 335.135 458 200.886 313.795 462 200.886 313.795 463 356.963 488.311 491 454.985 121.629 497 392.933 221.995 503 310.887 195.293 505 106.174 235.214 507 172.520 260.790 508 142.549 249.692 509 482.737 449.736 518 152.969 411.649 526 432.799 83.894 532 329.443 99.545 533 540.557 511.913 542 470.591 495.661 543 290.324 203.138 550 322.726 445.431 554 161.216 298.342 561 185.696 410.223 577 237.515 171.776 593 297.052 477.706 596 400.141 386.733 611 392.610 60.294 622 360.514 52.162 624 363.218 55.159 625 348.448 63.429 627 486.589 200.112 629 537.150 224.580 630 230.000 148.249 631 225.453 147.601 632 279.563 173.382 633 225.958 158.728 634 315.612 199.644 636 400.246 240.779 637 468.293 397.296 640 540.174 433.401 641 471.754 144.514 654 480.857 154.363 663 313.690 130.294 666 473.910 398.838 671 487.118 497.903 672 393.299 368.745 679 306.387 211.985 706 371.242 71.556 715 371.242 71.556 716 487.117 188.092 717 293.039 188.242 718 488.005 203.513 719 400.554 226.789 720 303.339 320.795 721 311.010 326.729 722 277.772 329.578 723 550.624 341.112 724 247.512 343.055 725 310.812 346.357 726 490.936 430.154 727 500.504 482.587 728 343.522 46.760 729 374.088 93.600 731 453.198 109.580 732 310.117 118.545 733 374.005 139.556 734 216.381 160.275 736 429.545 166.482 737 483.742 169.027 738 257.040 169.251 739 273.099 182.573 740 231.265 184.966 741 547.907 202.705 742 397.645 225.860 743 207.539 229.847 744 397.243 231.076 745 279.987 239.722 746 212.291 294.318 747 317.380 317.306 748 185.531 317.975 749 245.620 318.495 750 245.620 318.495 751 195.210 328.485 752 331.892 330.925 753 301.000 331.490 754 193.056 335.600 755 187.688 363.028 756 441.551 411.945 757 294.577 428.457 758 415.703 445.832 759 478.852 452.396 760 504.831 479.402 761 504.831 479.402 762 488.388 493.295 763 358.264 72.072 764 384.617 139.597 767 444.140 150.160 768 439.458 166.447 769 482.047 193.105 770 351.155 235.161 771 208.286 241.608 772 544.920 291.458 773 172.927 300.340 774 278.359 313.454 775 242.756 315.436 776 250.322 337.494 777 546.630 401.494 778 318.940 406.530 779 546.412 412.979 780 412.450 444.229 781 559.604 445.657 782 486.502 512.492 783 455.457 145.583 785 186.009 273.008 786 205.846 281.747 787 205.846 281.747 788 180.236 322.317 789 317.592 355.415 790 458.923 538.521 791 283.409 195.221 792 314.605 209.369 793 130.346 227.736 794 189.653 293.510 795 142.948 409.928 796 500.898 435.014 797 306.926 440.803 798 133.066 374.440 800 480.158 377.641 801 499.652 405.080 802 434.105 422.771 803 483.803 442.420 804 483.803 442.420 805
214 0.9819615536386592 0.11819037298049336 0.14520640641732527 -0.026412880381231317 -0.34645849481903235 -0.02724815172886963 -0.21256378728089667 214 image_000214.jpg
 600.437 137.315 3 333.869 156.427 4 428.701 158.710 5 364.049 175.681 8 351.135 271.918 13 628.970 155.140 34 607.598 247.900 37 382.266 375.746 49 531.867 106.338 54 356.083 154.424 65 617.865 149.643 66 294.397 439.829 73 448.514 144.342 80 539.981 157.065 89 582.725 161.962 92 527.128 209.760 100 280.579 396.935 107 280.579 396.935 108 585.601 441.422 109 585.893 460.431 111 437.652 116.629 115 523.367 160.819 124 615.309 160.472 125 536.381 164.703 126 581.769 452.540 132 472.060 155.825 137 554.453 125.987 158 554.453 125.987 159 457.315 171.892 162 484.126 424.072 165 562.804 423.431 166 349.925 432.540 167 579.151 428.647 169 582.345 258.299 175 479.335 263.007 176 384.509 267.912 177 578.944 417.093 178 536.121 427.455 180 517.250 261.276 183 531.930 407.930 184 688.297 413.159 186 291.221 429.813 188 532.041 424.912 189 344.133 360.150 191 310.050 413.784 192 504.390 122.270 198 565.092 141.191 213 445.822 162.068 221 524.160 250.553 247 602.521 249.266 249 612.453 248.423 250 457.508 258.399 251 477.221 270.260 259 579.814 267.812 260 422.486 352.940 264 554.633 350.510 265 634.729 360.259 270 380.084 367.702 275 384.009 367.318 276 428.568 366.255 277 687.461 370.708 279 697.759 372.839 282 431.808 378.469 284 586.113 376.141 285 388.902 381.655 287 482.120 383.971 291 430.648 385.387 292 379.720 386.249 293 589.579 402.971 298 382.564 407.033 299 464.613 411.221 301 528.495 420.641 305 535.631 421.769 306 429.493 426.464 307 482.038 428.743 308 380.995 439.376 311 383.775 439.207 312 383.671 443.889 313 383.671 443.889 314 383.373 448.021 318 377.975 450.262 319 383.582 452.030 320 283.978 454.195 321 383.738 461.805 323 380.697 472.657 325 437.652 116.629 327 418.306 170.302 334 588.730 161.717 335 615.309 160.472 337 408.207 174.395 339 452.427 172.080 341 609.620 369.113 370 476.974 372.731 371 424.214 374.273 373 459.840 374.298 376 578.377 373.738 378 578.377 373.738 379 583.256 373.667 380 583.256 373.667 381 589.099 373.506 382 386.820 378.940 384 386.820 378.940 385 502.236 376.450 387 329.963 380.652 388 337.187 380.360 389 411.630 379.177 390 453.472 378.260 391 458.529 377.944 392 282.359 382.576 393 691.211 403.845 397 290.782 420.178 404 381.846 419.176 405 639.358 420.506 406 378.712 424.833 407 382.063 424.727 408 642.070 424.119 410 381.465 429.970 412 399.047 431.795 414 276.240 441.558 418 381.168 458.766 423 580.367 458.503 424 378.403 462.721 425 378.403 462.721 426 589.517 463.075 428 381.082 464.699 429 378.033 470.883 430 314.933 159.419 435 337.277 163.937 437 429.169 169.811 440 427.593 177.290 443 530.827 370.559 458 580.709 369.186 459 472.670 372.902 461 382.266 375.746 465 418.797 375.631 468 306.726 378.764 471 434.145 388.827 474 434.145 388.827 475 379.130 400.527 476 409.482 413.766 479 432.744 424.370 482 536.596 438.512 484 380.764 454.164 488 275.568 469.941 494 533.685 470.908 495 428.630 374.375 514 428.630 374.375 515 745.281 384.422 517 433.685 415.318 520 433.503 457.569 527 582.078 468.695 528 379.753 265.021 535 424.363 436.650 545 464.157 117.914 547 363.113 430.295 551 313.256 432.152 553 452.781 372.103 561 586.348 136.005 562 431.317 395.550 567 431.317 395.550 568 371.042 346.852 573 304.990 417.353 574 294.397 439.829 586 478.752 266.113 593 634.373 372.607 594 589.517 463.075 596 374.562 175.364 598 532.041 424.912 601 375.540 405.233 602 620.063 163.552 607 353.240 268.828 635 358.454 353.849 638 697.058 377.292 642 384.960 363.916 650 502.782 126.307 658 467.039 374.159 684 585.601 441.422 694 304.990 417.353 696 524.502 427.141 712 462.713 264.481 736 484.265 409.212 756 694.346 375.125 757 551.975 160.041 765 551.975 160.041 766 578.261 198.826 808 546.018 163.511 823 555.625 166.375 825 409.310 375.154 828 280.567 468.533 830 300.117 378.808 834 408.207 174.395 838 481.618 203.068 839 478.633 205.024 840 477.368 233.925 843 482.038 428.743 845 636.652 434.430 846 695.335 411.017 852 696.421 421.217 853 453.108 371.226 860
221 0.9882806752642115 0.11633408717697746 0.09811246792102256 -0.011900619419553272 -0.16720315126186558 -0.020215303268795122 0.16768078047576596 221 image_000221.jpg
 641.072 212.087 3 480.445 339.924 22 480.445 339.924 23 550.918 208.252 31 529.576 214.582 32 657.638 223.680 34 623.502 339.857 44 483.911 353.040 48 618.368 341.794 62 651.945 220.209 66 626.619 334.953 69 467.456 390.715 71 439.263 402.153 74 495.556 231.185 75 572.003 194.864 116 607.238 203.517 119 729.931 223.188 138 535.525 192.753 149 484.958 343.145 191 686.865 226.548 344 529.642 337.600 449 659.963 220.249 497 724.085 223.291 499 726.016 350.848 512 725.830 366.248 518 589.147 386.077 522 638.137 397.770 525 560.570 389.112 544 542.219 190.586 546 557.105 196.609 547 497.884 385.473 551 465.907 386.328 553 501.447 389.259 556 632.697 210.662 562 539.252 364.767 568 577.159 392.941 577 559.268 288.316 580 579.132 390.331 587 579.132 390.331 588 479.520 364.897 591 843.373 219.232 608 541.328 345.835 616 434.860 354.626 657 534.587 335.270 674 778.654 378.091 675 774.976 225.994 700 596.074 385.436 712 614.197 285.833 859 560.914 370.809 870
223 0.970761631528583 0.08767008661092254 0.21757780988031455 -0.05094819981299388 -0.49407544595528385 -0.041251660573544624 -0.15848191981675386 223 image_000223.jpg
 661.596 122.200 3 457.059 150.671 4 527.716 146.641 5 546.752 128.762 31 521.606 139.788 32 629.523 293.901 63 474.228 147.844 65 523.923 135.931 79 480.933 151.323 87 691.255 140.776 95 646.539 378.787 111 614.248 92.704 112 610.485 97.720 113 522.507 109.215 114 623.109 113.103 117 610.140 145.953 126 561.157 142.124 137 633.863 107.644 143 494.775 131.827 150 470.565 358.321 167 645.971 217.416 174 645.971 217.416 175 677.459 214.944 182 605.168 336.952 184 608.062 341.846 185 605.109 350.674 189 608.040 347.499 306 534.549 114.532 327 651.838 141.450 335 545.362 155.641 341 563.298 309.968 371 761.771 304.574 377 641.206 309.179 378 641.206 309.179 379 644.869 309.077 380 644.869 309.077 381 649.828 308.658 382 564.765 312.844 383 496.734 316.597 385 568.897 313.033 386 568.364 341.971 400 688.898 346.255 406 690.920 349.225 410 634.175 353.259 413 642.512 376.784 424 689.210 379.957 427 649.274 380.948 428 641.863 99.482 431 641.863 99.482 432 642.915 305.756 459 531.456 323.685 474 531.456 323.685 475 491.044 333.183 476 530.552 351.703 482 608.406 361.186 484 492.052 374.771 488 606.157 387.026 495 527.085 312.274 514 527.085 312.274 515 602.850 319.365 516 531.186 344.226 520 591.486 353.945 522 644.254 385.595 528 665.836 117.619 532 523.814 361.035 545 650.688 121.546 562 645.315 320.936 565 529.967 328.438 568 529.240 365.684 569 579.128 359.941 587 579.128 359.941 588 649.274 380.948 596 605.109 350.674 601 585.356 363.171 605 568.877 376.829 613 495.115 304.987 650 671.720 132.935 688 607.619 329.335 692 427.351 361.419 693 646.865 363.438 694 602.873 384.908 695 599.183 353.225 712 616.996 137.171 764 622.412 141.801 766 598.631 311.195 777 625.946 146.401 825 642.186 328.838 850 693.476 350.266 854 686.288 361.994 855 697.084 373.141 856 521.356 125.129 857 545.875 309.234 860 546.530 143.767 862 490.729 340.720 864 587.540 339.776 865
231 0.9965393781851207 0.08248818412715266 -0.010145481946975315 0.0014289849327831742 0.00562231779399476 -0.07629458118171742 -0.33591334532436984 231 image_000231.jpg
 595.573 183.990 6 393.876 182.986 8 461.450 186.288 9 527.150 296.827 12 438.168 395.852 25 498.027 148.113 31 459.243 158.631 32 370.670 303.398 42 639.651 398.281 44 532.876 396.534 46 357.474 295.285 55 382.298 156.954 65 463.058 153.022 79 584.215 237.731 100 460.981 111.697 114 546.666 480.554 165 509.355 282.862 173 646.874 295.820 174 606.133 486.065 180 524.532 168.013 216 522.482 188.805 229 667.937 287.349 249 333.084 292.777 257 362.524 411.224 273 422.698 411.456 275 446.987 186.137 339 492.443 187.735 340 497.909 188.163 341 491.232 281.564 355 555.027 284.333 356 504.705 394.922 365 538.694 411.426 368 536.510 420.904 371 460.338 421.394 372 512.103 426.672 392 520.720 470.486 402 469.403 191.567 443 435.002 410.356 454 597.811 420.091 457 597.811 420.091 458 432.388 420.797 466 488.235 513.504 486 415.187 288.986 535 450.930 163.461 571 487.263 408.160 616 523.330 228.249 628 352.289 283.733 648 422.660 383.074 677 475.592 186.647 689 356.814 279.018 702 579.943 292.197 718 626.093 395.815 721 607.660 410.735 723 640.605 414.608 726 512.417 283.661 735 511.802 294.923 736 562.314 294.201 740 545.877 401.568 747 524.348 512.014 796 645.288 312.364 812 485.210 308.432 826 446.987 186.137 838 512.417 283.661 844 507.880 418.247 860 542.353 465.862 861
204 0.9877003957601054 0.15308035041233833 -0.022585474497015756 0.02245490858634882 0.0133369712113219 0.014406264828756093 0.22576880379124384 204 image_000204.jpg
 597.070 221.651 7 403.016 335.122 19 567.676 341.355 21 376.213 394.570 30 599.438 218.826 34 585.331 277.773 37 562.231 342.144 44 535.763 340.900 45 415.964 351.432 48 539.810 179.540 54 408.554 279.972 55 457.918 282.720 56 482.351 283.200 58 438.497 331.715 60 455.192 336.553 61 557.108 343.568 62 557.108 343.568 63 653.056 290.898 67 471.356 284.893 68 380.058 392.166 73 430.268 216.212 75 679.373 228.741 96 382.276 211.944 98 536.299 248.264 100 468.821 173.163 114 458.889 345.385 130 671.674 222.547 138 653.924 221.689 139 499.034 172.104 141 560.514 189.119 143 495.912 182.768 148 397.077 216.693 151 593.303 284.046 182 378.780 385.519 188 559.759 391.103 413 480.534 398.508 419 472.867 216.104 440 633.505 356.250 455 569.167 354.504 459 507.938 353.501 462 443.514 352.368 465 374.828 350.724 467 379.128 351.671 470 476.855 362.897 475 497.231 378.688 478 442.362 403.610 488 368.288 412.891 494 541.796 280.845 505 447.953 283.223 506 664.270 357.068 511 419.534 351.258 513 474.188 353.053 514 476.619 380.453 520 483.586 392.896 523 483.586 392.896 524 476.741 406.656 527 371.528 415.392 529 440.270 277.161 535 537.697 289.239 537 525.039 350.875 538 470.357 393.400 545 481.178 174.904 546 460.138 387.904 552 433.631 404.280 558 460.814 210.410 560 415.003 386.664 582 440.494 284.402 585 442.016 210.594 592 438.563 371.884 602 565.252 347.494 610 569.457 255.223 618 376.125 208.889 653 430.738 335.288 656 442.158 207.343 659 467.234 320.685 661 405.475 212.767 664 451.938 344.323 668 443.303 332.303 677 384.241 214.452 683 751.673 235.009 701 502.013 286.636 711 466.839 326.482 794 487.961 389.430 800 486.166 337.071 827 438.211 378.347 829 538.128 284.391 835 475.112 294.705 836 562.660 355.263 863 469.647 400.222 867 565.346 369.495 869 497.111 372.786 870 466.569 299.880 873
219 0.9852487408919852 0.17024115861686473 -0.013915206585753244 0.010451969669054482 -0.10283604200612873 0.02567580184548518 0.22326963544357664 219 image_000219.jpg
 507.879 198.481 7 349.925 262.067 15 496.887 254.705 37 361.908 262.145 40 474.593 319.313 44 368.640 262.957 56 376.666 262.548 57 349.306 312.194 60 469.478 320.933 63 566.343 266.004 67 381.835 264.806 68 308.994 372.889 71 308.994 372.889 72 292.866 373.331 73 277.437 386.017 74 512.563 186.568 122 297.217 253.501 129 583.998 197.101 138 407.029 151.630 141 404.557 162.336 148 381.591 157.137 149 505.619 260.410 182 439.924 260.193 183 327.839 321.567 191 491.211 197.931 336 302.773 182.608 435 481.512 331.588 459 285.371 331.844 467 280.692 381.776 487 354.107 382.848 488 542.984 196.331 498 357.508 257.161 504 357.903 263.117 506 474.138 323.780 510 330.523 331.684 513 284.005 395.590 529 350.094 258.077 535 326.332 261.934 536 389.307 154.548 546 400.365 331.072 561 478.074 339.675 581 326.237 367.016 582 321.478 344.948 591 477.699 324.960 610 475.113 172.371 645 313.312 194.310 664 297.217 253.501 669 300.857 252.847 710 412.913 264.977 711 307.456 255.263 713 390.848 313.885 799 459.199 197.135 823 407.911 279.959 832
172 0.9925761201767318 0.12092412895630861 0.0038930887638694302 0.012443790486044772 -0.013125745631832452 0.014753857140636109 0.11238490950725807 172 image_000172.jpg
 526.989 348.085 12 467.511 347.140 15 392.953 347.226 16 513.804 265.224 31 818.997 282.287 33 415.697 341.370 39 443.837 351.069 42 739.933 444.196 50 619.438 442.661 52 561.604 250.201 54 436.960 346.423 55 484.531 348.341 56 492.135 348.073 57 507.487 348.214 58 465.793 395.043 60 482.230 398.983 61 580.285 404.327 63 451.323 271.005 65 399.432 395.552 70 457.559 286.109 75 431.045 347.027 103 494.000 245.330 114 417.197 338.428 129 591.630 464.556 132 679.389 453.513 140 519.460 253.928 148 614.446 347.156 182 552.472 346.304 183 562.425 437.192 184 438.654 444.653 193 506.557 458.325 419 431.045 347.027 448 590.387 438.238 477 522.813 438.565 478 468.192 442.123 480 619.252 446.175 481 399.648 461.378 487 513.333 464.581 489 399.234 472.631 494 732.479 290.109 500 474.625 348.645 506 683.767 431.326 518 502.759 439.615 520 739.933 444.196 521 550.917 449.749 522 599.551 462.803 525 503.349 465.630 527 399.637 479.405 530 805.948 261.715 531 496.543 339.641 534 560.652 353.021 537 522.454 453.144 544 496.835 453.096 545 457.957 447.976 551 487.033 447.941 552 424.975 448.347 553 603.754 453.622 554 462.289 451.999 556 567.188 455.100 557 501.770 457.370 569 423.785 338.600 572 462.564 395.444 573 539.412 456.729 577 521.096 348.279 580 443.447 447.630 582 543.780 449.390 583 599.486 467.223 584 409.738 452.324 586 541.756 454.705 588 466.027 433.072 602 404.592 474.281 603 530.389 429.711 604 493.423 384.054 661 496.257 396.405 674 535.389 431.727 678 729.030 293.073 700 765.371 298.902 701 436.676 338.050 702 521.719 396.467 703 470.146 264.368 704 401.733 322.394 705 564.766 353.000 706 713.385 378.498 707 739.777 437.616 708 443.543 438.745 709 420.303 337.971 710 526.646 351.226 711 557.520 448.766 712 427.283 339.017 713 514.568 348.851 714
159 0.9569538290394521 0.11909048549186789 0.26059517099037915 -0.04633551174796285 -0.4820266704486389 0.0025111036046604612 -0.018327812575418073 159 image_000159.jpg
 479.664 310.141 13 425.849 384.115 28 563.691 190.487 31 483.130 209.750 65 615.154 192.523 81 615.154 192.523 82 636.640 204.574 89 634.222 155.659 113 536.688 167.062 114 593.115 168.735 116 643.757 180.394 120 664.282 183.895 121 653.618 178.295 134 827.429 189.144 138 573.656 159.564 141 568.786 166.731 142 517.677 208.013 144 532.732 175.158 147 507.239 191.279 150 649.979 176.422 159 526.756 190.760 161 673.228 293.238 175 584.650 299.723 176 506.133 305.947 177 617.238 297.017 183 518.954 199.361 204 690.809 284.740 249 670.737 301.322 260 687.331 205.900 336 703.281 204.543 337 612.146 296.474 359 854.117 282.164 361 581.775 394.941 371 424.698 403.760 393 450.683 215.588 435 721.188 186.728 436 563.642 295.880 445 577.765 395.508 460 426.060 400.476 467 402.905 402.533 472 718.115 193.912 497 695.025 283.370 503 551.702 166.499 546 526.902 214.587 560 529.977 207.857 571 665.095 174.241 645 617.959 190.013 682 441.349 233.990 683 572.947 396.041 684
135 0.9875858035017986 0.13665266559918848 0.07651100038551535 -0.012099105271356336 -0.1912231816039069 -0.0330818646388103 -0.3964026675223835 135 image_000135.jpg
 210.832 448.848 27 210.832 448.848 28 399.545 278.875 81 399.545 278.875 82 321.702 285.178 85 420.510 291.730 89 368.866 292.236 90 449.759 296.611 91 453.644 296.852 92 593.757 297.033 93 497.484 299.490 94 497.484 299.490 95 593.114 300.036 96 593.114 300.036 97 222.700 301.489 98 285.820 301.327 99 410.543 332.976 100 406.014 364.560 101 267.461 367.422 102 245.911 380.143 103 497.365 434.641 104 362.310 442.886 105 410.209 461.058 106 208.576 479.707 107 208.576 479.707 108 459.582 517.128 109 590.931 516.923 110 460.186 532.272 111 444.098 275.081 121 406.908 294.051 124 477.790 296.816 125 516.342 305.295 127 238.626 366.475 128 228.792 370.922 129 315.282 454.685 130 217.603 465.578 131 457.177 525.478 132 243.730 285.074 136 560.591 293.236 139 576.606 508.682 140 205.726 472.566 145 459.389 538.552 146 601.800 539.580 152
190 0.9957563666646115 0.088184052290071 -0.007657288718483044 0.02518316230503539 -0.07862169801939457 0.07389623015063333 0.40026457683842903 190 image_000190.jpg
 439.983 483.910 43 488.925 483.918 59 424.946 484.574 61 402.606 382.610 65 358.859 481.177 70 378.963 527.673 71 378.963 527.673 72 471.255 368.256 116 441.991 364.613 149 418.651 373.538 150 395.423 488.290 191 375.437 514.585 192 389.109 521.024 193 456.804 517.756 478 439.420 497.383 514 479.225 526.822 522 445.569 528.746 523 440.590 539.523 527 358.741 545.343 529 414.649 439.709 535 586.399 533.286 543 455.664 529.411 544 587.100 413.694 549 427.619 524.337 552 450.496 497.362 561 439.281 508.131 567 439.281 508.131 568 439.575 532.767 569 457.761 444.875 580 392.458 523.771 582 473.858 526.529 583 366.086 527.519 586 471.183 530.443 588 382.044 486.638 590 389.667 506.427 591 463.894 534.495 606 442.255 492.419 616 416.926 387.230 659 436.491 483.961 674 372.545 516.213 696 632.628 520.696 708 461.744 446.824 711 531.966 514.817 871 452.467 532.110 872 463.894 534.495 876 501.393 508.928 879
194 0.9578406499631078 0.16039666997002452 0.23775683597175123 -0.01690791927085263 -0.6205181582991666 -0.01776456824600369 0.24996544548973318 194 image_000194.jpg
 456.996 278.752 52 418.244 320.451 111 415.068 313.213 132 608.699 246.333 286 444.016 237.636 370 416.107 241.382 378 416.107 241.382 379 420.259 241.369 380 512.584 271.686 397 466.042 286.026 406 468.136 289.041 410 413.776 298.739 417 461.409 311.606 421 413.815 318.755 424 464.242 323.989 427 420.985 323.230 428 418.065 237.236 459 464.581 312.208 485 464.419 318.829 491 460.909 322.038 492 562.274 255.489 517 561.995 262.352 518 463.946 241.725 594 420.985 323.230 596 492.405 359.518 597 395.427 302.716 699 462.784 298.273 846 470.567 241.678 849 462.271 303.586 855 453.214 266.102 871
188 0.990854105564803 0.1131145701484941 0.07335418964927246 -0.005693204861387548 -0.1755031239823397 -0.034698351760011 0.29714165540270987 188 image_000188.jpg
 570.448 349.927 106 528.330 353.606 281 531.245 343.202 368 530.199 350.167 371 513.823 351.150 376 532.187 353.573 383 536.659 353.940 386 551.194 354.171 387 508.192 354.621 391 512.002 354.512 392 577.480 349.734 457 577.480 349.734 458 526.438 350.263 461 534.419 350.277 462 534.419 350.277 463 560.340 345.761 538 508.240 349.067 561 538.854 374.120 678 579.516 366.460 680 521.077 351.345 684
147 0.9813163786504674 0.1463134005257525 -0.1177749453110319 0.04170870636026889 -0.26795292281689276 0.019602377440823715 0.40307859753523756 147 image_000147.jpg

206 0.9934762484687558 0.0863794281767848 0.07428064468047074 -0.005091445400245631 -0.17200039352638072 0.1228042892363948 0.6405349685011247 206 image_000206.jpg

207 0.9127297915528323 -0.009862852495955324 0.38485561531353557 -0.13679627209230702 -0.5947590242830073 0.042424691084505445 0.12986255320744244 207 image_000207.jpg

