# 3D point list with one line of data per point:
#   POINT3D_ID, X, Y, Z, R, G, B, ERROR, TRACK[] as (IMAGE_ID, POINT2D_IDX)
# Number of points: 880, mean track length: 5.02
0 -0.017480476055646423 0.08003110928115333 1.028617532353742 0 0 0 0.33 128 0 146 0 148 0 157 0 164 0 176 0 196 0 200 0 222 0 
1 -0.035509101177259236 0.10547482317139532 1.019201731624811 0 0 0 0.23 128 1 136 0 146 1 148 1 152 0 157 1 158 0 164 1 185 0 200 1 213 0 222 1 224 0 227 0 232 0 234 0 
2 0.013116589584351503 0.11126467632061966 1.0265880252578559 0 0 0 0.31 128 2 146 2 157 2 187 0 213 1 
3 0.11031456007734083 0.11467930335337716 1.0451383973755504 0 0 0 0.4 128 3 146 3 157 3 164 2 175 0 176 1 187 1 196 1 213 2 214 0 221 0 222 2 223 0 227 1 232 1 
4 -0.0741308918100379 0.11194878532227358 1.0037871821549944 0 0 0 0.7 128 4 146 4 148 2 164 3 185 1 196 2 213 3 214 1 223 1 
5 -0.008920488859296836 0.11905782394976268 1.0184435625060602 0 0 0 0.49 128 5 146 5 157 4 176 2 187 2 196 3 200 2 213 4 214 2 223 2 234 1 
6 0.06850620546390014 0.1267327236939805 1.0314208048059705 0 0 0 0.21 128 6 146 6 148 3 175 1 176 3 187 3 213 5 231 0 234 2 
7 0.12683393221056424 0.13116574834585656 1.0400252617649348 0 0 0 0.21 128 7 176 4 187 4 204 0 219 0 
8 -0.05354421172396559 0.12697410154188046 1.0061079756880216 0 0 0 0.18 128 8 146 7 148 4 157 5 164 4 176 5 213 6 214 3 224 1 231 1 
9 -0.013743088576095628 0.12861507295622596 1.0131405691351083 0 0 0 0.31 128 9 146 8 157 6 158 1 164 5 176 6 185 2 196 4 200 3 213 7 224 2 231 2 
10 0.0006623514478995162 0.12916931592576084 1.0156434121416273 0 0 0 0.2 128 10 146 9 176 7 187 5 213 8 234 3 
11 0.02426301043198683 0.17195713411781152 1.0051067584566815 0 0 0 0.21 128 11 146 10 175 2 187 6 234 4 
12 0.025685074194267625 0.19346252418726845 0.9966247961269362 0 0 0 0.29 128 12 172 0 187 7 231 3 
13 -0.060872219475963676 0.19151038876569731 0.9821654919975689 0 0 0 0.2 128 13 146 11 159 0 176 8 213 9 214 4 222 3 232 2 
14 -0.04535903657323032 0.192198855727316 0.9852694492685908 0 0 0 0.09 128 14 157 7 158 2 176 9 213 10 
15 -0.03994503853433282 0.19144681477456224 0.9829878452252597 0 0 0 0.19 128 15 157 8 158 3 172 1 185 3 219 1 
16 -0.12185852166978826 0.19335847381410792 0.9815870071075232 0 0 0 0.14 128 16 172 2 176 10 
17 -0.012319478104192795 0.19863861266754393 0.9926113318753101 0 0 0 0.16 128 17 213 11 232 3 
18 0.19502590130413733 0.25433745111341977 1.0081301095671307 0 0 0 0.16 128 18 175 3 187 8 
19 -0.07610994185137171 0.24340364185242586 0.9564193055488892 0 0 0 0.24 128 19 176 11 204 1 
20 0.13516478008787539 0.2510951697392656 0.9871349688830076 0 0 0 0.13 128 20 175 4 187 9 213 12 234 5 
21 0.09772051971376534 0.2505529961560942 0.9826882834299631 0 0 0 0.33 128 21 175 5 187 10 204 2 234 6 
22 -0.0655506597329282 0.2437185102076361 0.950016462293938 0 0 0 0.23 128 22 221 1 232 4 
23 -0.06580150933427172 0.24423618908577968 0.9523078671304861 0 0 0 0.21 128 23 164 6 221 2 222 4 
24 0.13306982850046287 0.2527115894039567 0.987705281231663 0 0 0 0.32 128 24 146 12 175 6 176 12 187 11 
25 -0.026087544447369514 0.24749559688364406 0.9643529488818043 0 0 0 0.25 128 25 146 13 157 9 176 13 231 4 232 5 
26 -0.004483946035516614 0.24804077875282649 0.9639452579685293 0 0 0 0.16 128 26 146 14 157 10 158 4 213 13 
27 -0.10592127368410224 0.24631460386866752 0.9516444145268061 0 0 0 0.27 128 27 135 0 146 15 176 14 213 14 
28 -0.10595282843890286 0.24630487969363898 0.9518008057494595 0 0 0 0.23 128 28 135 1 146 16 159 1 164 7 176 15 185 4 200 4 213 15 
29 -0.02799536776900101 0.2547431459328144 0.9599789851985633 0 0 0 0.14 128 29 146 17 176 16 222 5 
30 -0.10122594968092531 0.3018071873455682 0.9336893085332607 0 0 0 0.32 128 30 176 17 204 3 213 16 
31 0.008746587742786983 0.10562136223119574 1.0276994466716123 0 0 0 0.38 128 31 136 1 146 18 148 5 152 1 157 11 159 2 164 8 172 3 176 18 187 12 196 5 200 5 213 17 221 3 222 6 223 3 224 3 231 5 234 7 
32 -0.015169456121457401 0.11187937461378743 1.0199282176655202 0 0 0 0.48 128 32 187 13 200 6 221 4 222 7 223 4 224 4 227 2 231 6 232 6 234 8 
33 0.37256048835768435 0.12490520261102822 1.0920182861720797 0 0 0 0.19 152 2 172 4 187 14 227 3 232 7 234 9 
34 0.12958569753540602 0.1281240597589158 1.0424545184712564 0 0 0 0.16 128 33 146 19 152 3 157 12 158 5 164 9 175 7 176 19 185 5 187 15 200 7 204 4 213 18 214 5 221 5 222 8 232 8 234 10 
35 -0.0015639468728878582 0.1319686211952848 1.01428579332163 0 0 0 0.26 128 34 187 16 234 11 
36 -0.026138281725219373 0.1320835698675809 1.0096064489316485 0 0 0 0.24 128 35 146 20 158 6 232 9 
37 0.11565843712506392 0.18821616260365737 1.0161392345501878 0 0 0 0.19 128 36 146 21 175 8 187 17 204 5 213 19 214 6 219 2 222 9 232 10 234 12 
38 -0.08601433800461149 0.1863231712459 0.9827355112998679 0 0 0 0.23 128 37 146 22 157 13 158 7 232 11 
39 -0.09690976284287697 0.1864168352643982 0.9818130529299529 0 0 0 0.35 128 38 146 23 158 8 172 5 185 6 200 8 227 4 
40 -0.02908985839763271 0.1940688419943242 0.9943765809241105 0 0 0 0.22 128 39 157 14 176 20 219 3 
41 0.09001497577474643 0.19740924297937126 1.011787173961016 0 0 0 0.29 128 40 175 9 187 18 234 13 
42 -0.065422468866576 0.19551580945333194 0.9774355531421324 0 0 0 0.08 128 41 172 6 213 20 222 10 231 7 
43 -0.0017697770692391612 0.24334058716012708 0.9669784385022782 0 0 0 0.2 128 42 146 24 152 4 158 9 176 21 190 0 232 12 
44 0.09254451526233834 0.25264236567802667 0.9856397616985352 0 0 0 0.22 128 43 146 25 152 5 158 10 175 10 176 22 187 19 200 9 204 6 213 21 219 4 221 6 231 8 234 14 
45 0.06322682622693936 0.2500114673371904 0.9766372400099742 0 0 0 0.1 128 44 146 26 175 11 176 23 187 20 204 7 222 11 234 15 
46 0.028158396919067758 0.24876068756983524 0.9704584798016619 0 0 0 0.46 128 45 146 27 152 6 158 11 175 12 176 24 187 21 213 22 222 12 231 9 232 13 234 16 
47 0.13665827326220714 0.26548657304151546 0.9839050512317657 0 0 0 0.18 128 46 164 10 176 25 187 22 213 23 222 13 234 17 
48 -0.06236136634511635 0.2584421021253632 0.947461442837491 0 0 0 0.27 128 47 146 28 164 11 176 26 204 8 213 24 221 7 
49 -0.03379214667806615 0.2603292488730865 0.95474193593995 0 0 0 0.21 128 48 146 29 157 15 185 7 214 7 
50 0.27362059337068845 0.30162743236325323 1.0032579208606762 0 0 0 0.22 128 49 164 12 172 7 187 23 232 14 234 18 
51 -0.12250588393123281 0.28421659439881336 0.9435401737249965 0 0 0 0.06 128 50 176 27 213 25 
52 0.1318109536733213 0.2932077001625517 0.972144252720261 0 0 0 0.19 128 51 172 8 187 24 194 0 232 15 
53 0.23973044855775028 0.30256303302138554 0.9951306123284421 0 0 0 0.05 128 52 187 25 234 19 
54 0.0624591853507049 0.08937427045355599 1.04491710437782 0 0 0 0.31 128 53 146 30 152 7 157 16 158 12 164 13 172 9 185 8 187 26 200 10 204 9 213 26 214 8 222 14 227 5 232 16 234 20 
55 -0.07312279302775519 0.19078536643129024 0.9792623703277159 0 0 0 0.27 128 54 146 31 172 10 176 28 204 10 231 10 232 17 
56 -0.021270599006253037 0.19375297510401082 0.990525008416199 0 0 0 0.21 128 55 146 32 172 11 176 29 204 11 213 27 219 5 
57 -0.012903557790433656 0.19380410058431483 0.9925766398618365 0 0 0 0.22 128 56 158 13 172 12 176 30 187 27 213 28 219 6 232 18 
58 0.004100629842207841 0.19429048289213766 0.9955798721702482 0 0 0 0.23 128 57 172 13 175 13 187 28 204 12 
59 0.0658588297777372 0.24330106176248786 0.9788495353354447 0 0 0 0.31 128 58 146 33 187 29 190 1 234 21 
60 -0.03983810463850821 0.24043165989244294 0.9622316954251792 0 0 0 0.25 128 59 146 34 157 17 158 14 172 14 204 13 213 29 219 7 
61 -0.022336749387628863 0.24620514087448614 0.9676111601689115 0 0 0 0.29 128 60 172 15 190 2 200 11 204 14 
62 0.08684977144373446 0.2537129516423596 0.9823645891895207 0 0 0 0.36 128 61 146 35 152 8 158 15 175 14 176 31 187 30 200 12 204 15 213 30 221 8 232 19 234 22 
63 0.08694119668830137 0.25383192834974067 0.9828972976456923 0 0 0 0.37 128 62 136 2 146 36 158 16 172 16 175 15 176 32 187 31 200 13 204 16 213 31 219 8 223 5 234 23 
64 0.03207426143758612 0.08345449340360361 1.0406509253397025 0 0 0 0.14 128 63 187 32 234 24 
65 -0.060505436108189196 0.111905084647447 1.0116848289572251 0 0 0 0.47 128 64 136 3 146 37 148 6 152 9 157 18 158 17 159 3 164 14 172 17 176 33 185 9 190 3 196 6 200 14 213 32 214 9 222 15 223 6 224 5 231 11 232 20 
66 0.1225033128059137 0.12395152914845463 1.0426136134863586 0 0 0 0.41 128 65 146 38 152 10 157 19 158 18 164 15 175 16 176 34 187 33 200 15 214 10 221 9 222 16 227 6 232 21 234 25 
67 0.19262563262262358 0.20260226582443336 1.0298677880237206 0 0 0 0.29 128 66 176 35 187 34 204 17 219 9 227 7 234 26 
68 -0.007516396575331147 0.19546551388319938 0.9902003091009464 0 0 0 0.32 128 67 176 36 187 35 204 18 219 10 234 27 
69 0.0960283903645354 0.246016298226396 0.9860026613934131 0 0 0 0.4 128 68 152 11 175 17 187 36 213 33 221 10 
70 -0.11201961309472562 0.24272488705883632 0.9601388103030426 0 0 0 0.25 128 69 172 18 190 4 
71 -0.08048162595576265 0.3000773533753115 0.9373146531598855 0 0 0 0.28 128 70 136 4 148 7 176 37 190 5 213 34 219 11 221 11 232 22 
72 -0.08040551028218113 0.30002599806611197 0.9369075890881577 0 0 0 0.2 128 71 148 8 176 38 190 6 213 35 219 12 232 23 
73 -0.09762799251574206 0.30042336396638153 0.9365443697072761 0 0 0 0.35 128 72 176 39 204 19 213 36 214 11 219 13 
74 -0.11196466491436752 0.3114656837783149 0.9270295853604648 0 0 0 0.17 128 73 148 9 164 16 219 14 221 12 
75 -0.05298671217520163 0.12760652299879968 1.006310273856963 0 0 0 0.33 128 74 158 19 172 19 185 10 204 20 213 37 221 13 222 17 
76 0.17221855676369022 0.2596385030654827 0.9917506397823227 0 0 0 0.19 128 75 152 12 176 40 187 37 
77 -0.014043166165524437 0.08155109569865483 1.0286546787419493 0 0 0 0.26 146 39 157 20 200 16 224 6 
78 -0.014601562820578298 0.10478255746240045 1.0232824760935049 0 0 0 0.16 146 40 157 21 164 17 176 41 213 38 
79 -0.012583583542172877 0.10865581428696178 1.0214281945892105 0 0 0 0.44 146 41 157 22 176 42 200 17 213 39 223 7 224 7 231 12 
80 0.004916786396779483 0.11061382641044357 1.0251567374357744 0 0 0 0.31 146 42 157 23 164 18 185 11 187 38 200 18 213 40 214 12 222 18 232 24 234 28 
81 0.05112275987239711 0.11294351628818086 1.0337347668043728 0 0 0 0.16 135 2 146 43 159 4 187 39 
82 0.05112275987239724 0.11294351628818085 1.0337347668043744 0 0 0 0.16 135 3 146 44 159 5 187 40 
83 -0.030070387562518005 0.10998669800818169 1.0182802531983126 0 0 0 0.13 146 45 158 20 164 19 185 12 200 19 213 41 232 25 
84 0.020871126207598133 0.11496886597985348 1.0262748311845753 0 0 0 0.21 146 46 157 24 187 41 213 42 
85 -0.015977156440729938 0.11506173982408621 1.0192482096220548 0 0 0 0.18 135 4 146 47 157 25 200 20 213 43 
86 -0.017003398788645256 0.11718098708295588 1.019004876056618 0 0 0 0.32 146 48 157 26 200 21 224 8 234 29 
87 -0.05373739775616951 0.11637406921206038 1.009511337165957 0 0 0 0.73 146 49 157 27 200 22 223 8 
88 -0.05959364792851632 0.11677391093882203 1.009977490607791 0 0 0 0.28 157 28 164 20 176 43 213 44 224 9 
89 0.06894377432919518 0.12440791931447838 1.03180935063663 0 0 0 0.33 135 5 157 29 159 6 187 42 200 23 214 13 
90 0.025288033783522727 0.1230281410047748 1.02338380504041 0 0 0 0.18 135 6 187 43 200 24 
91 0.09500042904987109 0.1300750143758888 1.0333013129305242 0 0 0 0.24 135 7 187 44 200 25 
92 0.09834733964853887 0.1302004334788531 1.0351029577308228 0 0 0 0.21 135 8 146 50 157 30 164 21 175 18 187 45 200 26 213 45 214 14 234 30 
93 0.22053038172363354 0.13581261733023342 1.0599317416254777 0 0 0 0.32 135 9 148 10 175 19 176 44 187 46 196 7 200 27 213 46 
94 0.1361051299367847 0.13413511023146135 1.0405804028504373 0 0 0 0.24 135 10 146 51 175 20 187 47 200 28 234 31 
95 0.13656246131264405 0.1340628505104613 1.0424504734633664 0 0 0 0.57 135 11 146 52 157 31 175 21 187 48 200 29 223 9 234 32 
96 0.22072822892742175 0.13818242219383067 1.0600009028004895 0 0 0 0.46 135 12 158 21 187 49 204 21 
97 0.2206287064787631 0.13818601338005101 1.0598621659232874 0 0 0 0.54 135 13 158 22 187 50 
98 -0.10245605643235502 0.12497957375740534 1.004686320408396 0 0 0 0.26 135 14 157 32 176 45 200 30 204 22 213 47 
99 -0.04622435461159181 0.1273431607799083 1.0079764770320112 0 0 0 0.2 135 15 146 53 158 23 200 31 
100 0.06083875482003994 0.15898934982011415 1.017250277342535 0 0 0 0.24 135 16 136 5 146 54 148 11 157 33 164 22 176 46 187 51 200 32 204 23 213 48 214 15 231 13 234 33 
101 0.05729014587523943 0.18472694448027538 1.0071591600820715 0 0 0 0.24 135 17 146 55 157 34 175 22 176 47 187 52 200 33 213 49 234 34 
102 -0.06019001278305765 0.18194677677927612 0.9841936726241665 0 0 0 0.16 135 18 136 6 146 56 164 23 176 48 200 34 224 10 
103 -0.079591390617384 0.1919235442635664 0.9815071874022281 0 0 0 0.15 135 19 146 57 157 35 172 20 
104 0.13512840814697247 0.24519021585087103 0.9907481060367642 0 0 0 0.32 135 20 175 23 187 53 
105 0.02101432792928561 0.24754825846203785 0.975628814772605 0 0 0 0.1 135 21 187 54 234 35 
106 0.0616640214982173 0.2631410078234612 0.9717639314886706 0 0 0 0.33 135 22 146 58 157 36 175 24 187 55 188 0 213 50 234 36 
107 -0.10744614270342544 0.2711853497180542 0.9432279366330796 0 0 0 0.14 135 23 136 7 146 59 213 51 214 16 
108 -0.10754411273758167 0.27122929905752596 0.9434364644157618 0 0 0 0.13 135 24 136 8 146 60 157 37 200 35 213 52 214 17 
109 0.10375599728326909 0.30944805897305894 0.9613598358564293 0 0 0 0.23 135 25 136 9 164 24 187 56 214 18 
110 0.21339197580936625 0.3156324118707577 0.9826854116852604 0 0 0 0.38 135 26 175 25 187 57 200 36 
111 0.10396484279235721 0.32118942243808285 0.9569764447344449 0 0 0 0.3 135 27 146 61 148 12 164 25 175 26 187 58 194 1 196 8 200 37 213 53 214 19 223 10 234 37 
112 0.070648101998017 0.08287138180332142 1.0451494924755398 0 0 0 0.17 146 62 176 49 185 13 187 59 223 11 234 38 
113 0.06590929548129734 0.08658248305542005 1.0455478131594274 0 0 0 0.28 146 63 148 13 157 38 159 7 164 26 176 50 185 14 187 60 196 9 200 38 213 54 222 19 223 12 227 8 234 39 
114 -0.01402823822738432 0.08401127527304668 1.0299979592876747 0 0 0 0.43 136 10 146 64 148 14 157 39 158 24 159 8 164 27 172 21 176 51 185 15 187 61 200 39 204 24 213 55 223 13 224 11 231 14 232 26 234 40 
115 -0.00316929868935649 0.0907259859490034 1.0303437427658606 0 0 0 0.25 157 40 158 25 164 28 187 62 213 56 214 20 222 20 224 12 
116 0.03245074335666935 0.0920794491076043 1.0377284990970745 0 0 0 0.27 146 65 148 15 152 13 157 41 159 9 164 29 185 16 187 63 190 7 200 40 213 57 221 14 222 21 227 9 234 41 
117 0.07682562687319036 0.10210988470568504 1.044121103321276 0 0 0 0.3 157 42 176 52 187 64 213 58 223 14 234 42 
118 0.06815839766448485 0.10316095626336666 1.0420039871815636 0 0 0 0.27 136 11 146 66 158 26 176 53 187 65 200 41 227 10 
119 0.07195599936983042 0.10334876810793746 1.0420010996370503 0 0 0 0.19 146 67 157 43 158 27 187 66 221 15 222 22 227 11 232 27 
120 0.07374041535176698 0.10716816577436643 1.0410017549223205 0 0 0 0.48 146 68 152 14 157 44 159 10 164 30 176 54 187 67 232 28 
121 0.09009410970995249 0.11155907782265749 1.041793856406614 0 0 0 0.32 135 28 159 11 187 68 
122 0.13159916558312632 0.11855464933784489 1.0418911276547123 0 0 0 0.26 146 69 157 45 158 28 164 31 175 27 176 55 187 69 200 42 213 59 219 15 234 43 
123 -0.0689850903338592 0.11399830308349546 1.0073774163332112 0 0 0 0.48 136 12 158 29 164 32 185 17 196 10 200 43 213 60 224 13 
124 0.057758910895884016 0.12592918062964875 1.0284606314139668 0 0 0 0.12 135 29 146 70 187 70 214 21 
125 0.12027875322071475 0.131044226502124 1.0393884973133367 0 0 0 0.58 135 30 146 71 148 16 185 18 187 71 200 44 213 61 214 22 
126 0.06669782777703241 0.129295402212848 1.0289367689266653 0 0 0 0.34 146 72 157 46 158 30 164 33 175 28 187 72 200 45 213 62 214 23 223 15 
127 0.152595928342714 0.13958377799471894 1.0453498975211402 0 0 0 0.25 135 31 164 34 187 73 234 44 
128 -0.08617868554946985 0.18019233881502458 0.9845189348593085 0 0 0 0.26 135 32 146 73 200 46 227 12 
129 -0.09511244697544888 0.1834595061354623 0.9831209504710755 0 0 0 0.23 135 33 148 17 158 31 172 22 185 19 213 63 219 16 
130 -0.0179799577780928 0.25471793384983266 0.9639424327570952 0 0 0 0.15 135 34 146 74 176 56 204 25 
131 -0.10018254432194124 0.26031056858124657 0.9492852355250643 0 0 0 0.34 135 35 148 18 164 35 200 47 213 64 
132 0.10114061452844256 0.31622187344372954 0.9585912219082408 0 0 0 0.37 135 36 146 75 158 32 172 23 175 29 187 74 194 2 213 65 214 24 234 45 
133 0.007770508180907515 0.10185800339433794 1.0289046532818138 0 0 0 0.3 146 76 157 47 164 36 176 57 187 75 213 66 224 14 232 29 
134 0.08126941621019744 0.10596886486182687 1.0432552712455903 0 0 0 0.34 146 77 157 48 159 12 164 37 176 58 187 76 200 48 213 67 222 23 232 30 234 46 
135 -0.08151174734196345 0.11247485249109476 1.0065349131596606 0 0 0 0.22 148 19 157 49 164 38 176 59 
136 -0.08131181514681977 0.11232832640376443 1.0035671824215722 0 0 0 0.12 135 37 176 60 222 24 
137 0.021988387435613498 0.11965677903500865 1.0246697134806932 0 0 0 0.37 146 78 157 50 187 77 200 49 214 25 223 16 224 15 234 47 
138 0.21119556073111215 0.13196127037957336 1.0600640769504643 0 0 0 0.4 148 20 158 33 159 13 175 30 176 61 185 20 187 78 196 11 200 50 204 26 213 68 219 17 221 16 232 31 234 48 
139 0.1915857114178948 0.13131340211220446 1.0564586223254004 0 0 0 0.26 135 38 148 21 164 39 175 31 176 62 185 21 187 79 196 12 204 27 227 13 234 49 
140 0.2014378324857331 0.30863185967430656 0.9838082971012202 0 0 0 0.37 135 39 158 34 172 24 175 32 187 80 200 51 213 69 234 50 
141 0.017369784637947923 0.08254075900093366 1.0368697103539815 0 0 0 0.35 146 79 158 35 159 14 164 40 176 63 185 22 187 81 200 52 204 28 219 18 224 16 227 14 
142 0.012781736271109588 0.08777266496048103 1.0348252050990023 0 0 0 0.23 146 80 158 36 159 15 187 82 224 17 
143 0.08520879398089908 0.09841487833513528 1.0465736676949506 0 0 0 0.61 146 81 148 22 152 15 157 51 158 37 164 41 185 23 187 83 200 53 204 29 223 17 227 15 232 32 234 51 
144 -0.03108209944409966 0.11467636846152673 1.0173126075709986 0 0 0 0.61 148 23 158 38 159 16 187 84 200 54 232 33 
145 -0.1103401654419628 0.265457070267231 0.945734570717812 0 0 0 0.13 135 40 157 52 213 70 
146 0.10360020517866964 0.3266196659798808 0.9559645520599419 0 0 0 0.34 135 41 158 39 187 85 200 55 
147 -0.01696179230398323 0.08981385971795793 1.027293902766247 0 0 0 0.89 159 17 176 64 200 56 
148 0.015028265456113814 0.09350872550450617 1.0341803097548277 0 0 0 0.21 136 13 158 40 172 25 187 86 200 57 204 30 219 19 227 16 
149 -0.009159338157128364 0.08791429294245887 1.0299106964170133 0 0 0 0.42 146 82 152 16 157 53 164 42 176 65 187 87 190 8 219 20 221 17 222 25 234 52 
150 -0.040074255936664596 0.10024357679673271 1.0196781179338272 0 0 0 0.8 152 17 159 18 164 43 185 24 190 9 200 58 223 18 232 34 
151 -0.0872877096389793 0.12899979004776088 1.0026065041148022 0 0 0 0.52 157 54 200 59 204 31 232 35 
152 0.22277216423984414 0.33461169319316597 0.9789310456823643 0 0 0 0.45 135 42 187 88 234 53 
153 0.04285187133605307 0.09660317333108667 1.0381755264017267 0 0 0 0.22 136 14 146 83 187 89 200 60 
154 0.013946152373123664 0.09687875200367471 1.032641811675145 0 0 0 0.09 136 15 146 84 187 90 
155 0.02946708447489481 0.09746692225187986 1.0350032100939195 0 0 0 0.25 136 16 146 85 187 91 213 71 234 54 
156 0.08059707120503237 0.10186907720926026 1.0440705541980198 0 0 0 0.19 136 17 187 92 213 72 234 55 
157 -0.022279477726019653 0.09753891978345532 1.024439139108616 0 0 0 0.52 136 18 187 93 200 61 
158 0.07803756631275478 0.10441952839120164 1.043417553372323 0 0 0 0.19 136 19 157 55 187 94 200 62 213 73 214 26 
159 0.0780919086958953 0.10439744546941292 1.0434456237805134 0 0 0 0.21 136 20 146 86 148 24 157 56 159 19 176 66 187 95 200 63 213 74 214 27 
160 0.08487930380785158 0.10454964171651389 1.0436157922708058 0 0 0 0.21 136 21 175 33 187 96 
161 -0.02312018759953925 0.10156474142245506 1.023397085987064 0 0 0 0.38 136 22 159 20 176 67 187 97 
162 0.012049700462463482 0.12982268134477057 1.0173632442274378 0 0 0 0.23 136 23 146 87 157 57 187 98 200 64 214 28 224 18 
163 0.02803196608612713 0.1901848817012381 0.9983384049540119 0 0 0 0.23 136 24 187 99 213 75 
164 0.06948056674590831 0.28316119063174544 0.9663207099319683 0 0 0 0.11 136 25 146 88 187 100 
165 0.03605578746900401 0.29516976473324363 0.9551231234054335 0 0 0 0.21 136 26 146 89 175 34 187 101 213 76 214 29 231 15 
166 0.08764883544526439 0.2987838618958983 0.967465468940001 0 0 0 0.33 136 27 187 102 214 30 
167 -0.05602507982182 0.2963867071053647 0.9404044141565703 0 0 0 0.44 136 28 146 90 176 68 213 77 214 31 223 19 
168 -0.04297740480016586 0.29730004379271946 0.9424773340927751 0 0 0 0.31 136 29 146 91 200 65 
169 0.09927072283276052 0.30150953660602087 0.9641150887733833 0 0 0 0.13 136 30 146 92 187 103 214 32 
170 0.06912402253313354 0.301221540086977 0.9580285413078344 0 0 0 0.36 136 31 146 93 187 104 234 56 
171 0.1237774235521936 0.07218238485242934 1.0636594951644356 0 0 0 0.42 136 32 157 58 187 105 
172 -0.015007415976469981 0.09537100792823788 1.0276427838899427 0 0 0 0.4 136 33 146 94 200 66 213 78 234 57 
173 0.014956199375341274 0.1852774401768965 0.9982737232400996 0 0 0 0.22 136 34 146 95 157 59 164 44 176 69 187 106 200 67 213 79 231 16 234 58 
174 0.09912679377384606 0.1938086101035328 1.0106432700388148 0 0 0 0.19 136 35 146 96 175 35 176 70 187 107 200 68 213 80 223 20 231 17 234 59 
175 0.09909842042898918 0.1938405465534537 1.0105064427321386 0 0 0 0.18 136 36 146 97 148 25 157 60 159 21 164 45 175 36 176 71 185 25 187 108 196 13 213 81 214 33 223 21 234 60 
176 0.029048942375464504 0.19184158236852908 0.9974452203845369 0 0 0 0.09 136 37 148 26 157 61 159 22 164 46 175 37 176 72 187 109 213 82 214 34 234 61 
177 -0.036878387303932024 0.1904058803224572 0.9854811074830523 0 0 0 0.1 136 38 146 98 148 27 157 62 159 23 213 83 214 35 
178 0.09891520560843674 0.29422379203043747 0.9669246135591166 0 0 0 0.34 136 39 148 28 164 47 187 110 213 84 214 36 234 62 
179 0.0654009122651388 0.2966940906617482 0.9599286586125683 0 0 0 0.15 136 40 146 99 187 111 213 85 
180 0.07071887898772618 0.2992844466083487 0.9597237748851967 0 0 0 0.26 136 41 146 100 164 48 175 38 187 112 196 14 200 69 213 86 214 37 231 18 234 63 
181 0.17254913094358718 0.30391311603220716 0.9783391077815071 0 0 0 0.09 136 42 187 113 213 87 
182 0.12539400011913665 0.19479281945521731 1.016781917350264 0 0 0 0.34 136 43 146 101 172 26 176 73 187 114 204 32 213 88 219 21 222 26 223 22 234 64 
183 0.05441729500159703 0.19275232137445097 1.0042088897547465 0 0 0 0.27 136 44 146 102 157 63 158 41 159 24 164 49 172 27 175 39 176 74 187 115 213 89 214 38 219 22 232 36 234 65 
184 0.0677554904927047 0.2868182618403059 0.964344206941722 0 0 0 0.14 136 45 146 103 148 29 164 50 172 28 187 116 196 15 213 90 214 39 223 23 232 37 234 66 
185 0.07041537065611012 0.2908999322997173 0.9631124977585861 0 0 0 0.26 136 46 146 104 148 30 164 51 187 117 213 91 223 24 234 67 
186 0.1699974641163948 0.2960051814416119 0.9804422847375008 0 0 0 0.36 136 47 148 31 187 118 213 92 214 40 
187 0.17006004820937032 0.29605835223327137 0.9805086925620651 0 0 0 0.34 136 48 148 32 164 52 187 119 213 93 
188 -0.0993461245837822 0.2931553761503542 0.9368090669312771 0 0 0 0.27 136 49 146 105 164 53 176 75 204 33 213 94 214 41 
189 0.06810056131719226 0.2975511163902608 0.9600077142040453 0 0 0 0.21 136 50 146 106 148 33 158 42 164 54 175 40 187 120 196 16 213 95 214 42 223 25 234 68 
190 -0.1196070619918303 0.29708589972123106 0.9348147439138746 0 0 0 0.26 136 51 176 76 213 96 
191 -0.0612722157549397 0.2486513495336836 0.9540633408375906 0 0 0 0.22 136 52 146 107 148 34 158 43 164 55 176 77 185 26 190 10 213 97 214 43 219 23 221 18 222 27 
192 -0.08619610202069428 0.2837920310215316 0.9428409030933852 0 0 0 0.33 136 53 146 108 164 56 176 78 190 11 213 98 214 44 232 38 
193 -0.06691893462336924 0.2894873973200144 0.9346841072956523 0 0 0 0.31 136 54 148 35 172 29 190 12 
194 0.031314655484742805 0.07006151061189285 1.0381699141962084 0 0 0 0.28 146 109 187 121 200 70 234 69 
195 0.03985722209940946 0.09204697600745174 1.0400201640858546 0 0 0 0.12 146 110 157 64 187 122 200 71 213 99 
196 -0.0018729068099164082 0.0935291452830032 1.0303535362650778 0 0 0 0.47 146 111 157 65 187 123 200 72 213 100 
197 0.021225722471055152 0.09527377918932788 1.0341095545259347 0 0 0 0.18 146 112 164 57 187 124 
198 0.0437295637437703 0.0986131909201671 1.037169543494918 0 0 0 0.2 146 113 157 66 187 125 200 73 214 45 
199 0.08274088661677925 0.10032375091829052 1.0451745850689427 0 0 0 0.23 146 114 148 36 176 79 187 126 213 101 
200 0.0020946904726313617 0.09996894943902969 1.0281579456897072 0 0 0 0.25 146 115 187 127 213 102 
201 0.08649769623205512 0.10333645971926808 1.0430621941941793 0 0 0 0.2 146 116 175 41 187 128 
202 -0.016560803657883795 0.1025480375005933 1.0242732508414465 0 0 0 0.17 146 117 157 67 234 70 
203 0.018244871596481905 0.10644291649045429 1.0289164649540954 0 0 0 0.2 146 118 157 68 187 129 234 71 
204 -0.028234545455438506 0.10756738966620483 1.0189851382233466 0 0 0 0.57 146 119 157 69 159 25 200 74 213 103 224 19 
205 0.050934765944298445 0.10994706254465843 1.0346402739954443 0 0 0 0.13 146 120 176 80 187 130 
206 0.016270042075035813 0.11096821927322456 1.026672636462216 0 0 0 0.13 146 121 157 70 187 131 200 75 213 104 234 72 
207 0.039838130465508284 0.1117278103209844 1.0313839592570888 0 0 0 0.12 146 122 187 132 200 76 
208 0.07138140212674354 0.11275379878632752 1.0386596047183354 0 0 0 0.09 146 123 175 42 187 133 213 105 
209 0.09024642070605624 0.113923425869284 1.0414164452590335 0 0 0 0.23 146 124 157 71 175 43 187 134 200 77 213 106 
210 0.09017830139956967 0.11396362628299796 1.041229927012767 0 0 0 0.33 146 125 157 72 187 135 
211 0.06109622184589857 0.11438220237862423 1.0355385209597852 0 0 0 0.24 146 126 175 44 187 136 200 78 213 107 
212 0.08598588692356379 0.11557020872909572 1.0408893973530482 0 0 0 0.29 146 127 157 73 175 45 187 137 
213 0.0858808735859872 0.11554631273194231 1.0404370977329473 0 0 0 0.37 146 128 157 74 175 46 187 138 214 46 
214 0.10750648446597383 0.11604176723299746 1.0435511660951302 0 0 0 0.02 146 129 175 47 187 139 
215 0.03002797856336211 0.11650094856835519 1.0277966698410554 0 0 0 0.23 146 130 157 75 187 140 
216 0.024652880329393195 0.11741977460720404 1.0264870464209577 0 0 0 0.11 146 131 157 76 176 81 187 141 200 79 231 19 234 73 
217 -0.006531942495192426 0.11785014026145262 1.0201888050191437 0 0 0 0.08 146 132 157 77 213 108 234 74 
218 0.0857199733754959 0.120893938024987 1.0380260381570865 0 0 0 0.17 146 133 157 78 175 48 187 142 213 109 
219 0.13396786007332054 0.12193892701150717 1.043467676933715 0 0 0 0.37 146 134 175 49 187 143 
220 0.132337559774207 0.12361825437773093 1.0425344172433895 0 0 0 0.11 146 135 175 50 187 144 
221 0.003523991706794457 0.12240826220649668 1.0188117238084262 0 0 0 0.33 146 136 157 79 187 145 213 110 214 47 224 20 234 75 
222 -0.061706930064731866 0.12143148527087679 1.0072250173773811 0 0 0 0.07 146 137 157 80 213 111 
223 -0.05870870786361166 0.12152523054796359 1.0076649559311597 0 0 0 0.1 146 138 157 81 176 82 213 112 
224 -0.05870036570923692 0.12152475919052509 1.0076495838321182 0 0 0 0.13 146 139 157 82 213 113 
225 0.00661931699438091 0.12272421998770126 1.0190649650784716 0 0 0 0.29 146 140 187 146 234 76 
226 -0.05599038858014097 0.1217858675876108 1.0085321444183777 0 0 0 0.15 146 141 157 83 213 114 
227 -0.055974805429517355 0.12180309920625786 1.0085295307952027 0 0 0 0.15 146 142 200 80 213 115 
228 0.07403984836525053 0.1269614410814476 1.0324262706647322 0 0 0 0.18 146 143 187 147 234 77 
229 0.023334014550647538 0.1299172114635332 1.019797278297952 0 0 0 0.27 146 144 164 58 187 148 200 81 213 116 224 21 231 20 234 78 
230 0.06195495569135624 0.13130175204700179 1.0275342989682856 0 0 0 0.15 146 145 175 51 187 149 234 79 
231 0.13408217408114925 0.13592549457143535 1.0401699090305034 0 0 0 0.07 146 146 175 52 187 150 200 82 
232 0.08859083937054318 0.13873690855122853 1.0312135141528351 0 0 0 0.19 146 147 175 53 187 151 234 80 
233 0.1246604666964312 0.15288422857533007 1.0336924625201838 0 0 0 0.11 146 148 157 84 176 83 187 152 234 81 
234 0.12658103075031035 0.15330741001705286 1.0331127290839408 0 0 0 0.14 146 149 176 84 187 153 
235 0.09005323551397977 0.15363888344524432 1.0276489693118966 0 0 0 0.14 146 150 157 85 187 154 200 83 
236 0.1963305141093847 0.1563367284815162 1.0479188761506613 0 0 0 0.27 175 54 187 155 200 84 
237 0.13278689538043414 0.15625483569460424 1.0323988413673875 0 0 0 0.23 146 151 157 86 175 55 187 156 200 85 
238 0.0937294978673552 0.1652312310901837 1.0206187110426324 0 0 0 0.23 146 152 175 56 187 157 
239 0.06511768741454071 0.1766221885500517 1.0117133262459648 0 0 0 0.19 146 153 175 57 176 85 187 158 
240 0.05919415828846298 0.18025578222849672 1.0078847015585752 0 0 0 0.34 146 154 175 58 187 159 234 82 
241 0.057384378672598116 0.18103136347749768 1.0089073319723023 0 0 0 0.2 146 155 157 87 175 59 187 160 
242 0.1277563848755375 0.18361994154343414 1.0209283372518714 0 0 0 0.31 146 156 157 88 175 60 187 161 213 117 
243 0.0222670332434161 0.1819982871028623 1.0024301051531248 0 0 0 0.31 146 157 157 89 175 61 187 162 200 86 
244 0.0478167949889663 0.18337263009425814 1.0048143001547896 0 0 0 0.14 146 158 157 90 187 163 213 118 
245 0.047881558865076036 0.1834050041226648 1.0050283867525736 0 0 0 0.18 146 159 157 91 175 62 187 164 
246 0.045952326171344024 0.1843037513429495 1.0037508476583095 0 0 0 0.23 146 160 157 92 175 63 187 165 200 87 234 83 
247 0.059367764343369864 0.18594604894763225 1.0064164899921406 0 0 0 0.28 146 161 157 93 175 64 187 166 200 88 214 48 234 84 
248 0.05299479940713003 0.18615176412342466 1.0051952362313754 0 0 0 0.17 146 162 175 65 176 86 187 167 234 85 
249 0.11238767842692535 0.1888726131665066 1.0151625754430644 0 0 0 0.23 146 163 148 37 157 94 159 26 164 59 175 66 176 87 187 168 200 89 213 119 214 49 231 21 234 86 
250 0.11895852422078781 0.1890354120803898 1.016678556100595 0 0 0 0.18 146 164 157 95 175 67 187 169 200 90 214 50 
251 0.013915875816527451 0.18760493811665524 0.9967219843080546 0 0 0 0.36 146 165 187 170 214 51 
252 0.09484328389248044 0.1907320742374364 1.0104552728694913 0 0 0 0.35 146 166 187 171 234 87 
253 -0.02642508551291719 0.18829052617660064 0.9917457680789725 0 0 0 0.28 146 167 176 88 187 172 
254 -0.012247707534494 0.18874837839550698 0.9926433890941556 0 0 0 0.4 146 168 157 96 176 89 187 173 213 120 
255 0.02296909695915268 0.1914823994642208 0.998768533182129 0 0 0 0.19 146 169 157 97 175 68 187 174 213 121 
256 0.14435273051058842 0.19502623795225063 1.0205779281637017 0 0 0 0.2 146 170 157 98 187 175 
257 -0.08736864491271165 0.1899385570978791 0.982201201376266 0 0 0 0.13 146 171 157 99 176 90 231 22 
258 0.1624130205275566 0.20063649567708097 1.023219642146628 0 0 0 0.23 146 172 157 100 187 176 213 122 234 88 
259 0.02741353429120547 0.1966493974195335 0.9960149586084516 0 0 0 0.28 146 173 175 69 187 177 200 91 213 123 214 52 234 89 
260 0.09734543437576257 0.20008194773998375 1.007791006807591 0 0 0 0.29 146 174 157 101 159 27 175 70 187 178 213 124 214 53 
261 -0.06447029650858167 0.23740050941638455 0.9508900102089823 0 0 0 0.15 146 175 176 91 213 125 
262 0.0653349464632471 0.24483274684016365 0.9789954415984945 0 0 0 0.06 146 176 175 71 187 179 
263 0.06587034987872818 0.24669375599069246 0.9759833904733205 0 0 0 0.22 146 177 175 72 187 180 234 90 
264 -0.007014124295525997 0.24753032013853954 0.965173871162737 0 0 0 0.21 146 178 157 102 200 92 214 54 
265 0.08120313833667459 0.2522226628420054 0.9845033622888069 0 0 0 0.09 146 179 175 73 187 181 214 55 
266 -0.016660631131445655 0.24889917770774697 0.967215030116018 0 0 0 0.43 146 180 176 92 187 182 
267 -0.01182958592174967 0.253069564580466 0.9652315089950977 0 0 0 0.23 146 181 175 74 187 183 
268 0.10001411560402064 0.2564837142975419 0.9786860346302219 0 0 0 0.3 146 182 175 75 187 184 
269 -0.13253869390221457 0.2516504624736787 0.9526700033401436 0 0 0 0.18 146 183 157 103 176 93 200 93 213 126 
270 0.1358873953230675 0.2599988300244964 0.9838566672113874 0 0 0 0.25 146 184 176 94 187 185 214 56 
271 0.06608919345907029 0.2577592125615835 0.9725200734240272 0 0 0 0.1 146 185 157 104 175 76 187 186 
272 -0.0068786306431086975 0.25556094943820395 0.9608860030491824 0 0 0 0.28 146 186 157 105 175 77 187 187 
273 -0.06743100808809901 0.2524833385179087 0.9446891993387884 0 0 0 0.17 146 187 157 106 176 95 231 23 
274 -0.060476965107474544 0.253830559959691 0.9517688210878535 0 0 0 0.16 146 188 164 60 176 96 213 127 
275 -0.03458826953626761 0.25445636736359917 0.953976640677955 0 0 0 0.06 146 189 157 107 214 57 231 24 
276 -0.03239909946416407 0.25465845933794135 0.9554771902451847 0 0 0 0.22 146 190 157 108 214 58 
277 -0.0015861014494250405 0.2556308895289525 0.9601275667474063 0 0 0 0.15 146 191 157 109 213 128 214 59 
278 0.26969004884967773 0.27370951433190305 1.01235406762729 0 0 0 0.46 175 78 176 97 187 188 196 17 
279 0.16929861635480234 0.26945428163144614 0.9904242865867074 0 0 0 0.13 157 110 175 79 187 189 214 60 
280 -0.011522721519959778 0.26454696923998827 0.9621359734796517 0 0 0 0.26 146 192 175 80 187 190 
281 0.029161986098257767 0.2648366550143073 0.9654484616217206 0 0 0 0.2 146 193 175 81 187 191 188 1 213 129 234 91 
282 0.17609249981363578 0.2711996690086746 0.9912321687232564 0 0 0 0.17 175 82 187 192 200 94 214 61 
283 0.24116785135433141 0.27449770592894956 1.0056920947737715 0 0 0 0.12 175 83 187 193 200 95 
284 -0.00021759623344740816 0.2642953226088921 0.9603086809722108 0 0 0 0.11 146 194 187 194 214 62 
285 0.10354823648596519 0.2687347934372969 0.9769878071001449 0 0 0 0.08 146 195 187 195 213 130 214 63 
286 0.23887005743762743 0.2760238942815938 1.005080125477451 0 0 0 0.21 175 84 187 196 194 3 213 131 
287 -0.029234649620691375 0.2643513333582793 0.9539196876291558 0 0 0 0.07 146 196 176 98 214 64 
288 0.2368113428706822 0.2773455350981025 1.0048168107701017 0 0 0 0.2 157 111 175 85 187 197 213 132 
289 -0.00270451679478766 0.26677465946021317 0.9572099949907413 0 0 0 0.28 146 197 187 198 234 92 
290 0.027988852474492464 0.2691933861197193 0.9635809623247398 0 0 0 0.23 146 198 157 112 187 199 
291 0.03382660425525729 0.2698572435239681 0.965349940533207 0 0 0 0.17 146 199 157 113 175 86 187 200 213 133 214 65 
292 -0.0008341096387218895 0.2685070834587073 0.958468092780562 0 0 0 0.1 146 200 187 201 214 66 
293 -0.035412592985501014 0.2669579660398706 0.9517287933335473 0 0 0 0.2 146 201 213 134 214 67 
294 -0.030353929238481854 0.2734543628096599 0.9505087045800629 0 0 0 0.26 146 202 176 99 213 135 
295 -0.002792258571182867 0.27575522456011725 0.9564033574547879 0 0 0 0.1 146 203 187 202 213 136 
296 0.034005857414111204 0.277040867993915 0.9624613657144588 0 0 0 0.16 146 204 175 87 187 203 213 137 
297 0.035563368274833085 0.2782638932537574 0.9615343968137808 0 0 0 0.42 146 205 187 204 213 138 
298 0.10590523265890261 0.285709829565231 0.9714156141944763 0 0 0 0.13 146 206 187 205 213 139 214 68 
299 -0.033317929405149285 0.28077149038294624 0.9477250858458375 0 0 0 0.32 146 207 176 100 214 69 
300 0.022387172206682644 0.2860853111492433 0.960795271500759 0 0 0 0.2 146 208 175 88 187 206 213 140 234 93 
301 0.020840580947250515 0.28789498592862656 0.9612071382264208 0 0 0 0.09 146 209 175 89 187 207 213 141 214 70 
302 0.07280546921849036 0.2920485228736138 0.9629828012814554 0 0 0 0.2 146 210 187 208 213 142 
303 0.20651518685697348 0.30071923067137896 0.9874579557434958 0 0 0 0.19 175 90 187 209 213 143 
304 -0.00070922027400314 0.2925049666320348 0.9510745048674535 0 0 0 0.32 146 211 157 114 175 91 187 210 213 144 
305 0.0656462126151442 0.29470763425686336 0.9607482115362853 0 0 0 0.04 146 212 187 211 214 71 
306 0.07045052915348898 0.2952173011124803 0.9613071577240598 0 0 0 0.42 146 213 148 38 187 212 214 72 223 26 234 94 
307 -0.0008243518409699769 0.29478632069696187 0.9487126643236202 0 0 0 0.15 146 214 157 115 213 145 214 73 224 22 
308 0.034582808424245916 0.2982003303506007 0.9540021237528838 0 0 0 0.09 146 215 187 213 214 74 
309 0.10233217451232618 0.30345558178649223 0.962644916566428 0 0 0 0.23 146 216 187 214 213 146 
310 0.20721853597549816 0.3115730870930983 0.9825077864070111 0 0 0 0.08 175 92 187 215 213 147 
311 -0.033457031505011295 0.3010925842173218 0.9394164599359731 0 0 0 0.07 146 217 176 101 213 148 214 75 
312 -0.03158741045553302 0.3011339735926588 0.9398304028609313 0 0 0 0.12 146 218 213 149 214 76 
313 -0.03143886588208852 0.3040384141273046 0.9385196377805196 0 0 0 0.23 146 219 176 102 213 150 214 77 
314 -0.03143886588208852 0.3040384141273046 0.9385196377805196 0 0 0 0.23 146 220 176 103 213 151 214 78 
315 0.21300008791624228 0.3154109674645407 0.9819323352920583 0 0 0 0.39 158 44 187 216 213 152 
316 -0.02965910993377951 0.30583256124946573 0.9370251685506683 0 0 0 0.24 146 221 176 104 213 153 
317 0.20730017180440952 0.31768759061827667 0.9805032126110297 0 0 0 0.2 175 93 187 217 213 154 
318 -0.03154620645003489 0.30654295231118006 0.9374597405345406 0 0 0 0.12 146 222 176 105 213 155 214 79 
319 -0.03521950927047493 0.30796378044456 0.9361887014144855 0 0 0 0.16 146 223 164 61 213 156 214 80 
320 -0.0312932224207632 0.3092945135352922 0.9364870509723416 0 0 0 0.16 146 224 213 157 214 81 
321 -0.10219192482197881 0.3081075170351508 0.9279835031487529 0 0 0 0.31 146 225 176 106 214 82 
322 0.034687377326989205 0.31456864725763556 0.9468092462797933 0 0 0 0.15 146 226 175 94 187 218 
323 -0.03104941937634286 0.3153561600810877 0.9344220614034362 0 0 0 0.15 146 227 213 158 214 83 
324 0.10491249316606263 0.3248624219052448 0.955907867062964 0 0 0 0.19 146 228 187 219 200 96 
325 -0.03281120093004464 0.3219595587870224 0.9313587714152007 0 0 0 0.25 146 229 176 107 214 84 
326 0.10215327985492252 0.3284123048578678 0.9537529635677999 0 0 0 0.18 146 230 175 95 187 220 
327 -0.0031616476959134615 0.09074995573033479 1.0299960531070482 0 0 0 0.42 146 231 158 45 176 108 185 27 187 221 213 159 214 85 222 28 223 27 
328 0.040678565443657826 0.09442877875863635 1.0390580127050733 0 0 0 0.33 146 232 157 116 187 222 234 95 
329 0.03997331718434794 0.09853144659965654 1.0357984392625097 0 0 0 0.19 146 233 157 117 187 223 213 160 234 96 
330 0.013124311343497974 0.11126051232919715 1.0266013455569565 0 0 0 0.36 146 234 157 118 187 224 213 161 
331 -0.015871774822986004 0.11288996075544012 1.0210697079023834 0 0 0 0.3 146 235 224 23 234 97 
332 0.1291701693062687 0.11611181876808445 1.0423160575834183 0 0 0 0.35 146 236 157 119 164 62 175 96 187 225 200 97 234 98 
333 -0.02442184172519317 0.11493234716607653 1.0185581692359653 0 0 0 0.24 146 237 157 120 213 162 
334 -0.015477362573254631 0.1264589060232196 1.0136701966364243 0 0 0 0.21 146 238 148 39 157 121 185 28 187 226 196 18 200 98 213 163 214 86 224 24 234 99 
335 0.10260713125362335 0.13028619925197707 1.0364584513765425 0 0 0 0.37 146 239 157 122 164 63 175 97 176 109 187 227 200 99 213 164 214 87 223 28 234 100 
336 0.10828401740421933 0.13044079396998154 1.0372176685782557 0 0 0 0.18 146 240 148 40 159 28 164 64 176 110 187 228 200 100 213 165 219 24 234 101 
337 0.1205493056523441 0.13105304854081368 1.0395267500858658 0 0 0 0.33 146 241 148 41 159 29 185 29 187 229 213 166 214 88 
338 0.1347472736668852 0.131527007883346 1.0413778616313532 0 0 0 0.24 146 242 157 123 175 98 176 111 187 230 200 101 213 167 234 102 
339 -0.02213384949499191 0.12855347383435575 1.0115871167482586 0 0 0 0.1 146 243 200 102 214 89 231 25 
340 0.005005964525175602 0.12939235267084764 1.0166421162440942 0 0 0 0.25 146 244 176 112 187 231 231 26 234 103 
341 0.008492812531553361 0.12959693229909167 1.0167895233063504 0 0 0 0.27 146 245 164 65 176 113 185 30 187 232 213 168 214 90 223 29 224 25 231 27 234 104 
342 -0.12044322104719059 0.12767260113246293 1.0027777177726536 0 0 0 0.3 146 246 157 124 158 46 176 114 
343 0.07494200703888161 0.1313632331236976 1.030667918673226 0 0 0 0.18 146 247 176 115 187 233 213 169 
344 0.16254913449894512 0.1333062919452217 1.0493991155232298 0 0 0 0.16 175 99 187 234 221 19 234 105 
345 0.114003147103835 0.13306083768470323 1.0368093460150005 0 0 0 0.13 146 248 148 42 175 100 176 116 187 235 234 106 
346 0.114003147103835 0.13306083768470323 1.0368093460150005 0 0 0 0.13 146 249 148 43 175 101 176 117 187 236 234 107 
347 0.12337625033289275 0.140355235573243 1.036514251131427 0 0 0 0.23 146 250 187 237 234 108 
348 0.16599239790028167 0.14853158559091498 1.043677738747401 0 0 0 0.16 175 102 187 238 213 170 
349 0.20189743502789387 0.15160333447107038 1.0507662239776279 0 0 0 0.11 175 103 187 239 234 109 
350 0.12878488175140756 0.1607344503489882 1.030418791334043 0 0 0 0.3 146 251 157 125 187 240 
351 0.058565889922414745 0.16789944662501005 1.0132545036074352 0 0 0 0.33 146 252 175 104 187 241 200 103 234 110 
352 0.05881959137750054 0.17113107176778253 1.0120298619129304 0 0 0 0.31 146 253 157 126 175 105 187 242 200 104 
353 0.05905240405816716 0.17484358707658385 1.0101952962219478 0 0 0 0.22 146 254 157 127 164 66 175 106 187 243 200 105 234 111 
354 -0.008500338539880912 0.17627207970536277 0.9960237081597336 0 0 0 0.26 146 255 187 244 234 112 
355 0.004343322771003366 0.18428035979222007 0.9967208624893387 0 0 0 0.14 146 256 176 118 187 245 213 171 231 28 234 113 
356 0.0426961685510608 0.1861565903703412 1.0032568698284203 0 0 0 0.2 146 257 157 128 158 47 175 107 176 119 187 246 200 106 213 172 231 29 
357 0.07510883760808432 0.1900987087162844 1.0108911818158162 0 0 0 0.22 146 258 175 108 187 247 
358 0.08993496116131716 0.19187687267799983 1.0119950311372976 0 0 0 0.09 146 259 187 248 234 114 
359 0.05093361393712204 0.19179497478489596 1.0029862642875849 0 0 0 0.27 146 260 157 129 159 30 175 109 187 249 213 173 
360 0.020710956981750597 0.19113215726123786 0.9980600463425223 0 0 0 0.15 146 261 157 130 187 250 
361 0.22954415036364711 0.19958341341576846 1.0385625940240435 0 0 0 0.28 157 131 159 31 164 67 175 110 176 120 187 251 213 174 
362 0.059819667286644 0.1992107644991332 1.0000178949158913 0 0 0 0.29 146 262 175 111 187 252 200 107 
363 0.23177899886841316 0.2402849898886674 1.023845660608117 0 0 0 0.11 175 112 187 253 234 115 
364 -0.04447210733034649 0.24436537458288013 0.9627127315730294 0 0 0 0.08 146 263 176 121 200 108 213 175 
365 0.012208796199183155 0.24860790565596166 0.9735068185742938 0 0 0 0.28 146 264 187 254 213 176 231 30 234 116 
366 0.01924535324270831 0.24941879333549052 0.9748679544776525 0 0 0 0.17 146 265 176 122 187 255 234 117 
367 -0.004622793427568564 0.24810289825071058 0.9646265042766435 0 0 0 0.19 146 266 176 123 187 256 213 177 234 118 
368 0.03167386745836445 0.25673820264850783 0.9661625193746719 0 0 0 0.19 146 267 157 132 175 113 187 257 188 2 213 178 231 31 
369 0.2027421682927628 0.26627072273839864 0.9984141121092032 0 0 0 0.15 176 124 187 258 234 119 
370 0.11836507965795878 0.2658126024660775 0.9838411079464079 0 0 0 0.14 146 268 187 259 194 4 214 91 
371 0.030658810558640903 0.26224641316257846 0.9658927641605047 0 0 0 0.23 146 269 148 44 157 133 159 32 175 114 187 260 188 3 196 19 213 179 214 92 223 30 231 32 234 120 
372 -0.01308928101905039 0.2624028166224682 0.9638911350923655 0 0 0 0.36 146 270 157 134 176 125 213 180 231 33 
373 -0.005451408438699178 0.2611535413601387 0.9602302140190564 0 0 0 0.18 146 271 176 126 187 261 214 93 
374 -0.03830383956695007 0.26045980742238845 0.9547649283214711 0 0 0 0.06 146 272 157 135 176 127 
375 -0.03830383956695039 0.2604598074223925 0.9547649283214933 0 0 0 0.06 146 273 157 136 176 128 
376 0.01763533388786728 0.2634460167617841 0.967453421617121 0 0 0 0.16 146 274 157 137 164 68 187 262 188 4 213 181 214 94 234 121 
377 0.19464409840919 0.272315030986028 1.0012253671771278 0 0 0 0.33 164 69 187 263 213 182 223 31 234 122 
378 0.09827597900861874 0.26706813258211504 0.9772871447698307 0 0 0 0.13 146 275 187 264 194 5 214 95 223 32 
379 0.09824771954723387 0.2670747545078399 0.9773792812420073 0 0 0 0.16 146 276 176 129 187 265 194 6 214 96 223 33 234 123 
380 0.10146134308647475 0.26716912280580907 0.9778018291433037 0 0 0 0.14 146 277 176 130 187 266 194 7 213 183 214 97 223 34 234 124 
381 0.1014563473480322 0.2671601349882264 0.9777744248073751 0 0 0 0.15 146 278 176 131 187 267 213 184 214 98 223 35 234 125 
382 0.10551363636774332 0.26718892625457913 0.97815753977963 0 0 0 0.19 146 279 187 268 214 99 223 36 
383 0.032037462996236714 0.26476793604341037 0.9657146401839982 0 0 0 0.19 146 280 175 115 187 269 188 5 200 109 223 37 234 126 
384 -0.03093063654556024 0.26259156039451076 0.9546382952790017 0 0 0 0.14 146 281 148 45 185 31 214 100 
385 -0.03083654301768634 0.26260245604069304 0.9546548050067889 0 0 0 0.23 146 282 148 46 157 138 176 132 185 32 196 20 213 185 214 101 223 38 
386 0.035545268783851496 0.26520456331068437 0.966339209507276 0 0 0 0.27 146 283 175 116 187 270 188 6 223 39 234 127 
387 0.046123648675519144 0.2668372313804437 0.9726618915310552 0 0 0 0.18 146 284 187 271 188 7 214 102 
388 -0.06906189115070499 0.2606429981621267 0.945069202055442 0 0 0 0.2 146 285 164 70 200 110 213 186 214 103 224 26 
389 -0.06364387704982867 0.260705061909083 0.9454426127580124 0 0 0 0.04 146 286 176 133 214 104 
390 -0.01565785729745335 0.2649055202270087 0.9618939185553954 0 0 0 0.09 146 287 176 134 187 272 214 105 
391 0.012934994408043085 0.2660977857762497 0.9672030674376128 0 0 0 0.17 146 288 187 273 188 8 214 106 
392 0.01638516580911943 0.26605929009408036 0.9674824227307257 0 0 0 0.23 146 289 164 71 187 274 188 9 214 107 231 34 
393 -0.10636006594637346 0.26175383309327194 0.9462609603282348 0 0 0 0.11 146 290 148 47 157 139 159 33 176 135 213 187 214 108 
394 -0.10203433216426674 0.2658007331347371 0.9450314958848258 0 0 0 0.12 146 291 176 136 185 33 213 188 
395 0.03548740739094139 0.2713622605210445 0.9644651318235281 0 0 0 0.14 146 292 187 275 213 189 234 128 
396 0.03591759095028927 0.275236089619168 0.9638656917771922 0 0 0 0.22 146 293 187 276 234 129 
397 0.17166200658847447 0.29020701236743573 0.9835136837155923 0 0 0 0.14 187 277 194 8 213 190 214 109 
398 -0.10015897709609678 0.2815295928691157 0.9455859166607049 0 0 0 0.36 146 294 176 137 185 34 213 191 
399 0.24062202241411074 0.29821197861224374 0.9978059192289782 0 0 0 0.14 164 72 187 278 213 192 
400 0.03558795913332397 0.288421252023093 0.957531488546935 0 0 0 0.13 146 295 187 279 223 40 
401 -0.10328614826964447 0.28426212807872847 0.9370644450674686 0 0 0 0.2 146 296 176 138 213 193 
402 0.021558655909106994 0.29087357664742913 0.9613840104381474 0 0 0 0.27 146 297 158 48 175 117 187 280 213 194 231 35 
403 -0.029976764531778534 0.28820221398407375 0.9457501976522489 0 0 0 0.15 146 298 164 73 176 139 
404 -0.0998779687673916 0.2868872725622877 0.939353021889708 0 0 0 0.23 146 299 148 48 157 140 164 74 176 140 213 195 214 110 
405 -0.033260908129054446 0.2881947027464833 0.9443116331319383 0 0 0 0.24 146 300 164 75 176 141 213 196 214 111 
406 0.13864840903088843 0.298439869048356 0.972026715858993 0 0 0 0.24 146 301 148 49 164 76 187 281 194 9 213 197 214 112 223 41 234 130 
407 -0.03543144910733714 0.29186969535624163 0.942754124664896 0 0 0 0.13 146 302 176 142 214 113 
408 -0.03317397507098535 0.29174550321805964 0.9432010811805785 0 0 0 0.2 146 303 164 77 176 143 213 198 214 114 
409 0.015702751136816503 0.2966472855144323 0.9552359117790473 0 0 0 0.33 146 304 175 118 187 282 213 199 234 131 
410 0.14038239503243982 0.3004708436283387 0.971027684370659 0 0 0 0.36 146 305 187 283 194 10 213 200 214 115 223 42 
411 -0.09528606326982134 0.2932223614148137 0.939187730059991 0 0 0 0.22 146 306 164 78 176 144 185 35 213 201 
412 -0.03334990415592757 0.29501162139175074 0.9416180454023988 0 0 0 0.21 146 307 164 79 176 145 213 202 214 116 
413 0.09173911860273656 0.3016754091814878 0.9653715074161713 0 0 0 0.31 146 308 187 284 204 34 222 29 223 43 234 132 
414 -0.022379237421311423 0.2975980503108319 0.945674667489533 0 0 0 0.29 146 309 176 146 213 203 214 117 
415 -0.011780647854748255 0.30041522241101487 0.9549625454636455 0 0 0 0.14 146 310 176 147 213 204 
416 0.06595568037887671 0.3022375297313951 0.9575919628580345 0 0 0 0.47 146 311 164 80 187 285 
417 0.09934623908078112 0.30623541858858366 0.9620760055148343 0 0 0 0.12 146 312 187 286 194 11 
418 -0.10892843714001255 0.3002089228152419 0.9314210643825649 0 0 0 0.05 146 313 213 205 214 118 
419 0.006671299939212779 0.30664915289781186 0.9442992708393046 0 0 0 0.41 146 314 164 81 172 30 204 35 213 206 234 133 
420 0.01712789702846607 0.309364902675557 0.9411608014089852 0 0 0 0.24 146 315 187 287 234 134 
421 0.1364574838783519 0.31549833114175235 0.9648737854643243 0 0 0 0.27 146 316 148 50 187 288 194 12 196 21 234 135 
422 -0.10561159506341793 0.3080102098380641 0.9289139307215629 0 0 0 0.19 146 317 176 148 213 207 
423 -0.03273981434934945 0.31328152937131865 0.9345031702524542 0 0 0 0.13 146 318 213 208 214 119 
424 0.10034156115176507 0.3198575283730817 0.9569495734647252 0 0 0 0.23 146 319 175 119 187 289 194 13 196 22 200 111 213 209 214 120 223 44 234 136 
425 -0.03461767522249815 0.315808982263907 0.9334133221201731 0 0 0 0.06 146 320 213 210 214 121 
426 -0.03461767522249815 0.315808982263907 0.9334133221201731 0 0 0 0.06 146 321 213 211 214 122 
427 0.13909407951945107 0.32388295633414294 0.9617355906029373 0 0 0 0.31 175 120 187 290 194 14 223 45 234 137 
428 0.10620694043855045 0.322937390220263 0.9566547642967012 0 0 0 0.3 146 322 148 51 164 82 187 291 194 15 213 212 214 123 223 46 
429 -0.03283994054009612 0.31721284783743703 0.9334332116499988 0 0 0 0.15 146 323 213 213 214 124 
430 -0.034578647003055595 0.32069908511972306 0.9310701978138742 0 0 0 0.22 146 324 164 83 200 112 213 214 214 125 
431 0.09492541132835582 0.09253168069648443 1.0467196537264443 0 0 0 0.41 146 325 157 141 176 149 187 292 223 47 234 138 
432 0.09506428330626424 0.09243748285496808 1.0469396012397265 0 0 0 0.39 146 326 187 293 223 48 234 139 
433 0.1162099877345161 0.10564520379510824 1.044508761509436 0 0 0 0.2 146 327 157 142 187 294 
434 0.05820329354300794 0.1113263153243316 1.0352376073009417 0 0 0 0.36 146 328 158 49 187 295 213 215 234 140 
435 -0.08975670798592539 0.11289425843233414 1.005393555990263 0 0 0 0.39 146 329 159 34 164 84 185 36 196 23 213 216 214 126 219 25 
436 0.13577602810657036 0.11932812136426214 1.0426574039261953 0 0 0 0.24 146 330 148 52 159 35 175 121 187 296 213 217 234 141 
437 -0.07331174380443978 0.1172996657992811 1.0068831525710376 0 0 0 0.4 146 331 157 143 158 50 176 150 185 37 196 24 213 218 214 127 
438 0.12568917814439634 0.1249786092644547 1.0425730952420265 0 0 0 0.43 146 332 152 18 157 144 175 122 185 38 187 297 200 113 
439 -0.011801705033672944 0.1264281572548613 1.0140436778462638 0 0 0 0.23 146 333 157 145 176 151 187 298 213 219 
440 -0.007796961511167155 0.1266857334011753 1.015242776310161 0 0 0 0.3 146 334 157 146 158 51 176 152 187 299 200 114 204 36 213 220 214 128 
441 0.06675524399121872 0.12934785682582645 1.0284254240500084 0 0 0 0.35 146 335 158 52 175 123 187 300 234 142 
442 0.13186260135966296 0.13371256451681252 1.039995768004179 0 0 0 0.19 146 336 187 301 200 115 234 143 
443 -0.008726877558293333 0.13163083537221817 1.0134331414763749 0 0 0 0.17 146 337 187 302 214 129 231 36 
444 -0.03595244807672205 0.18020053181405557 0.9908082910494097 0 0 0 0.44 146 338 158 53 187 303 
445 0.011294909547331823 0.18742196330905012 0.99673967235911 0 0 0 0.28 146 339 157 147 159 36 187 304 200 116 213 221 224 27 
446 0.07685383531106765 0.1938555973897324 1.0087760105213055 0 0 0 0.19 146 340 158 54 176 153 187 305 222 30 
447 0.08078111704746556 0.19397397504280442 1.009934578792811 0 0 0 0.09 146 341 187 306 234 144 
448 -0.07958888348044581 0.19192967256984506 0.9813191967582041 0 0 0 0.15 146 342 157 148 172 31 
449 -0.011893281969873996 0.2452286407890738 0.9669313412945824 0 0 0 0.13 146 343 157 149 221 20 
450 -0.0020895600857017615 0.2463901522198603 0.964574802712658 0 0 0 0.43 146 344 157 150 187 307 234 145 
451 -0.07043359649369309 0.24548262734180465 0.9500872545853483 0 0 0 0.22 146 345 157 151 164 85 200 117 213 222 
452 0.1999437719736001 0.25865012535890236 1.0033023478781362 0 0 0 0.25 157 152 158 55 176 154 187 308 200 118 213 223 
453 0.028165788890338345 0.2532667154606067 0.969435207476779 0 0 0 0.34 146 346 157 153 158 56 175 124 176 155 187 309 213 224 
454 -0.02780447989108662 0.2545743917588797 0.9585277471241563 0 0 0 0.2 146 347 158 57 231 37 
455 0.17092050017355087 0.26693806343891774 0.9913925210669007 0 0 0 0.21 157 154 175 125 176 156 187 310 204 37 213 225 234 146 
456 0.1787038831627237 0.26739641075979886 0.9939333023561987 0 0 0 0.22 175 126 176 157 187 311 234 147 
457 0.06663324061179784 0.2629934778334237 0.9720811025349442 0 0 0 0.35 146 348 175 127 176 158 187 312 188 10 213 226 231 38 232 39 234 148 
458 0.06667302162869967 0.26303739696091943 0.9723540286458026 0 0 0 0.33 146 349 175 128 176 159 187 313 188 11 213 227 214 130 231 39 232 40 234 149 
459 0.10007534108100219 0.2641520530648003 0.9776368705556607 0 0 0 0.17 146 350 148 53 157 155 164 86 176 160 185 39 187 314 194 16 204 38 213 228 214 131 219 26 223 49 234 150 
460 0.02766419030675682 0.262174194921647 0.9653930877458876 0 0 0 0.17 146 351 159 37 187 315 213 229 
461 0.027689684921621258 0.26218880296254204 0.9656444160421033 0 0 0 0.13 146 352 187 316 188 12 213 230 214 132 
462 0.033957615847416224 0.26234176337852955 0.966313159320212 0 0 0 0.1 146 353 157 156 175 129 187 317 188 13 204 39 213 231 234 151 
463 0.03395531781406013 0.26234164800008164 0.9662622072259073 0 0 0 0.09 146 354 157 157 175 130 187 318 188 14 213 232 234 152 
464 0.08848159552623598 0.2652556249311594 0.9794269891777203 0 0 0 0.31 146 355 187 319 213 233 234 153 
465 -0.033628102832316265 0.26018722832277114 0.9542106539536368 0 0 0 0.23 146 356 157 158 164 87 176 161 185 40 204 40 214 133 
466 -0.029264633858665328 0.2603999467577549 0.9560415323486131 0 0 0 0.17 146 357 158 58 164 88 176 162 231 40 
467 -0.10451424509371915 0.2588520388932473 0.9463571649554492 0 0 0 0.24 146 358 159 38 164 89 176 163 204 41 213 234 219 27 
468 -0.00918003698523727 0.26195091816519883 0.9595215999834786 0 0 0 0.11 146 359 157 159 176 164 214 134 
469 -0.08419134669237306 0.26036308314374285 0.950947202064089 0 0 0 0.18 146 360 164 90 213 235 
470 -0.10021089846188287 0.2605891546188205 0.9501232428536123 0 0 0 0.17 146 361 204 42 213 236 
471 -0.08909943511150473 0.2604084363238919 0.950127263538153 0 0 0 0.36 146 362 164 91 176 165 185 41 213 237 214 135 
472 -0.1303019979180664 0.26073354099729157 0.9482782232123703 0 0 0 0.09 159 39 164 92 176 166 
473 0.16624586743924677 0.27315974698785284 0.98860513804594 0 0 0 0.23 158 59 187 320 213 238 
474 0.0014464511619061468 0.27118863795997133 0.9583976346814171 0 0 0 0.19 146 363 164 93 214 136 223 50 
475 0.0014593956167955732 0.27119860146708946 0.958354508801378 0 0 0 0.19 146 364 164 94 204 43 214 137 223 51 
476 -0.036036856806658656 0.2761767822484597 0.9493492207121069 0 0 0 0.43 146 365 148 54 164 95 176 167 213 239 214 138 223 52 
477 0.09901646451694977 0.2888070846753012 0.9703444813208119 0 0 0 0.19 146 366 172 32 187 321 234 154 
478 0.023732035999436223 0.2884181880296424 0.960812279479555 0 0 0 0.15 146 367 152 19 172 33 187 322 190 13 204 44 213 240 222 31 
479 -0.016557937514045704 0.2870716414936617 0.9530591509305923 0 0 0 0.25 146 368 164 96 213 241 214 139 
480 -0.03551036389657511 0.2884109272032624 0.9432986649518733 0 0 0 0.16 146 369 148 55 172 34 176 168 213 242 
481 0.13175072089642387 0.2972709589819021 0.9702041761409236 0 0 0 0.13 172 35 187 323 213 243 232 41 
482 0.0014647117072225358 0.2936626360153863 0.9495023622598853 0 0 0 0.18 146 370 213 244 214 140 223 53 224 28 
483 -0.056541114445543696 0.29313863354056763 0.9381545105169375 0 0 0 0.45 146 371 176 169 213 245 
484 0.07120675389479063 0.3058562497243529 0.9569314116569914 0 0 0 0.22 146 372 164 97 187 324 213 246 214 141 223 54 
485 0.13895017780729402 0.3159919967756346 0.9650818346130905 0 0 0 0.35 146 373 187 325 194 17 196 25 234 155 
486 0.0027360901001826574 0.3102994571657283 0.9410482158442385 0 0 0 0.27 146 374 152 20 164 98 231 41 234 156 
487 -0.10876524667182186 0.3079958532285473 0.9289193978374526 0 0 0 0.2 146 375 164 99 172 36 213 247 219 28 232 42 
488 -0.03328324833445531 0.3103836258635113 0.9362907991409138 0 0 0 0.33 146 376 148 56 164 100 176 170 204 45 213 248 214 142 219 29 223 55 232 43 
489 0.014133575998294531 0.31416636484895605 0.948370678570392 0 0 0 0.3 146 377 172 37 213 249 232 44 
490 0.025623095495604507 0.3128143901136116 0.9430258203068898 0 0 0 0.27 146 378 187 326 234 157 
491 0.13917408733982675 0.3202388916010763 0.9634034772207525 0 0 0 0.22 148 57 175 131 187 327 194 18 196 26 
492 0.13658432559586467 0.32255883021160553 0.9620074288189516 0 0 0 0.03 148 58 187 328 194 19 
493 0.06885180486600133 0.31965166816878593 0.9507012388529903 0 0 0 0.1 146 379 187 329 213 250 234 158 
494 -0.10833644471225877 0.31864573867273355 0.924164282823504 0 0 0 0.38 172 38 176 171 204 46 213 251 214 143 227 17 232 45 
495 0.06988939744977099 0.32585041759111955 0.9484934285028093 0 0 0 0.2 146 380 164 101 187 330 213 252 214 144 223 56 
496 0.05416009377457955 0.12035398148720744 1.0311069267613338 0 0 0 0.36 146 381 187 331 234 159 
497 0.13240746061008207 0.12475664109406648 1.0428619480342003 0 0 0 0.33 146 382 148 59 152 21 158 60 159 40 164 102 175 132 176 172 185 42 187 332 213 253 221 21 227 18 234 160 
498 0.16510025808066625 0.13004349719319094 1.051836513322042 0 0 0 0.25 176 173 187 333 213 254 219 30 227 19 
499 0.203990781584597 0.1315673601356626 1.0598358128233887 0 0 0 0.32 148 60 157 160 158 61 185 43 187 334 196 27 200 119 213 255 221 22 234 161 
500 0.26608973152113186 0.1339101553625196 1.0725489548294656 0 0 0 0.34 152 22 172 39 187 335 200 120 227 20 234 162 
501 0.02385294971819761 0.13285065058255474 1.019174163508813 0 0 0 0.4 146 383 157 161 176 174 187 336 
502 0.021316045167837045 0.13653432519715317 1.0167100359834986 0 0 0 0.13 146 384 157 162 176 175 187 337 234 163 
503 0.11562444290043855 0.18825136600782885 1.0159548215917742 0 0 0 0.23 146 385 148 61 152 23 158 62 159 41 164 103 175 133 185 44 187 338 200 121 234 164 
504 -0.03282415394479081 0.18776489826015197 0.9879047364396724 0 0 0 0.38 146 386 157 163 187 339 213 256 219 31 222 32 232 46 
505 0.06809979031660487 0.19110367118602703 1.0059434659101107 0 0 0 0.23 146 387 158 63 175 134 187 340 204 47 
506 -0.032008117806556956 0.19360398157614192 0.9863456323812663 0 0 0 0.23 146 388 157 164 158 64 172 40 204 48 219 32 
507 -0.019642098633445678 0.2432491665218017 0.9730377085498958 0 0 0 0.41 146 389 175 135 176 176 187 341 222 33 
508 0.013143210315705579 0.24451594849069158 0.9787822865708554 0 0 0 0.27 146 390 175 136 187 342 213 257 
509 -0.0017763688772095118 0.24322746312341986 0.9669321459015039 0 0 0 0.27 146 391 152 24 164 104 175 137 187 343 232 47 
510 0.09228574774098719 0.2567387871066722 0.9821269525910108 0 0 0 0.34 146 392 152 25 176 177 187 344 219 33 222 34 232 48 
511 0.20609638050247148 0.2685264805375812 0.9993019270807344 0 0 0 0.2 187 345 204 49 213 258 232 49 234 165 
512 0.20622605483569975 0.2685736217758475 0.9995332205215257 0 0 0 0.18 164 105 176 178 187 346 221 23 222 35 232 50 234 166 
513 -0.058494962516458 0.2591018560507146 0.9507760831651216 0 0 0 0.23 146 393 176 179 204 50 213 259 219 34 
514 -0.001987308196837216 0.2612304535270477 0.960072381653777 0 0 0 0.3 146 394 164 106 176 180 190 14 204 51 213 260 214 145 222 36 223 57 
515 -0.002114860192604023 0.26124365854648834 0.9601425163310969 0 0 0 0.14 146 395 176 181 213 261 214 146 223 58 
516 0.06535013610397103 0.27277790638469634 0.9690171230441553 0 0 0 0.22 146 396 187 347 223 59 234 167 
517 0.2062700152333005 0.28077607255451825 0.9960125635912822 0 0 0 0.23 148 62 164 107 187 348 194 20 196 28 213 262 214 147 222 37 232 51 234 168 
518 0.20635745055259938 0.28535855334640775 0.99438330868167 0 0 0 0.21 148 63 172 41 175 138 187 349 194 21 213 263 221 24 232 52 234 169 
519 -0.082176096354174 0.2765836176203673 0.9328503278586174 0 0 0 0.9 146 397 158 65 213 264 
520 0.0018864396905783883 0.28785929982095515 0.9515997784480149 0 0 0 0.38 146 398 148 64 158 66 164 108 172 42 176 182 196 29 204 52 213 265 214 148 222 38 223 60 227 21 232 53 
521 0.273635944983691 0.30159716562724387 1.00329633852025 0 0 0 0.24 172 43 187 350 232 54 234 170 
522 0.05497336652190487 0.30011812464447857 0.959817745328647 0 0 0 0.3 146 399 152 26 172 44 187 351 190 15 221 25 223 61 232 55 
523 0.009537239832866478 0.2999130523549359 0.9455383631715245 0 0 0 0.12 146 400 190 16 204 53 213 266 232 56 
524 0.009352014406729298 0.30090892078189857 0.9483809329010162 0 0 0 0.26 146 401 187 352 204 54 232 57 
525 0.10988333829394961 0.31415786766076637 0.9608490324743352 0 0 0 0.28 172 45 187 353 213 267 221 26 
526 0.027457687525735117 0.31035633276590086 0.9445592835498768 0 0 0 0.27 146 402 152 27 158 67 175 139 187 354 222 39 232 58 234 171 
527 0.0032504504889885612 0.3136163279399488 0.9394165842936204 0 0 0 0.29 146 403 152 28 172 46 190 17 204 55 213 268 214 149 222 40 227 22 232 59 234 172 
528 0.10136987564161468 0.3263024948651313 0.9552144093079825 0 0 0 0.36 146 404 164 109 187 355 200 122 213 269 214 150 223 62 232 60 234 173 
529 -0.10499662157720288 0.3216821501304151 0.9236050046888438 0 0 0 0.28 164 110 190 18 204 56 213 270 219 35 232 61 
530 -0.10807707898923137 0.3256039976627104 0.9226507284563445 0 0 0 0.24 148 65 172 47 176 183 232 62 
531 0.36050861430614006 0.10298107586934159 1.1106714208756623 0 0 0 0.23 152 29 172 48 187 356 
532 0.11412252877915796 0.11098970113967158 1.0474084957210101 0 0 0 0.6 146 405 152 30 157 165 158 68 175 140 187 357 200 123 223 63 234 174 
533 0.06124008749541838 0.1418557263318868 1.0223069621641672 0 0 0 0.3 146 406 175 141 187 358 234 175 
534 -0.008270720066698217 0.18391991472320152 0.9942580616848363 0 0 0 0.27 146 407 172 49 187 359 213 271 232 63 234 176 
535 -0.040027727671629355 0.1877310019233626 0.985103386213775 0 0 0 0.27 146 408 158 69 164 111 176 184 185 45 190 19 204 57 213 272 214 151 219 36 231 42 232 64 
536 -0.06448013002031734 0.1912742067025004 0.9799417252845093 0 0 0 0.09 146 409 213 273 219 37 
537 0.06392464099466547 0.1997350210062029 1.0030477692597881 0 0 0 0.46 146 410 172 50 176 185 187 360 204 58 232 65 234 177 
538 0.05298776995154752 0.2605188781346939 0.973913177947976 0 0 0 0.27 146 411 187 361 188 15 204 59 
539 0.10221867465822598 0.2709208934719292 0.9778214125505653 0 0 0 0.35 146 412 187 362 213 274 234 178 
540 0.1691424833316173 0.29649940304892164 0.9810785500641258 0 0 0 0.22 187 363 227 23 232 66 
541 0.057310529484410754 0.2974564865003528 0.9646516264701344 0 0 0 0.34 146 413 187 364 200 124 213 275 
542 0.253858796614093 0.30889031378288323 0.9956971354639877 0 0 0 0.32 158 70 175 142 187 365 234 179 
543 0.20577026482543434 0.30946721821124085 0.9819929354596079 0 0 0 0.26 158 71 175 143 187 366 190 20 213 276 234 180 
544 0.023471264920866878 0.30283437268149654 0.9539453907918523 0 0 0 0.33 146 414 172 51 187 367 190 21 221 27 232 67 
545 -0.0041770627089642845 0.3012843192919601 0.9457207089195981 0 0 0 0.29 146 415 164 112 172 52 200 125 204 60 213 277 214 152 223 64 232 68 
546 -0.0013201300041411903 0.085371102810748 1.0318252480787182 0 0 0 0.28 146 416 148 66 157 166 158 72 159 42 164 113 176 186 185 46 196 30 204 61 213 278 219 38 221 28 
547 0.015281057094736403 0.09344605771408267 1.0344679520070348 0 0 0 0.28 146 417 157 167 164 114 176 187 187 368 213 279 214 153 221 29 232 69 
548 0.10219551367817102 0.1271575459144546 1.0373629779850948 0 0 0 0.28 146 418 187 369 234 181 
549 0.20194977745120984 0.1523545207416216 1.0499913941413914 0 0 0 0.11 164 115 187 370 190 22 
550 0.059133092199135553 0.19861679333940074 1.0030101031351644 0 0 0 0.24 146 419 175 144 187 371 234 182 
551 -0.04663393871439822 0.2949855204463396 0.9411556383091004 0 0 0 0.28 146 420 164 116 172 53 176 188 200 126 213 280 214 154 221 30 222 41 232 70 
552 -0.015140547302741758 0.2970380014611722 0.95030590864644 0 0 0 0.15 146 421 172 54 176 189 190 23 204 62 232 71 
553 -0.08247339239422954 0.2948952728327285 0.9369735898927015 0 0 0 0.25 146 422 172 55 176 190 213 281 214 155 221 31 222 42 232 72 
554 0.11404157696257324 0.30467212391488374 0.9647166289453195 0 0 0 0.32 146 423 172 56 175 145 187 372 200 127 227 24 234 183 
555 0.1142703550433094 0.3048297579057283 0.9654214852476484 0 0 0 0.39 158 73 187 373 232 73 234 184 
556 -0.04164347842299103 0.2984932485436512 0.9377867848657185 0 0 0 0.22 146 424 172 57 176 191 213 282 221 32 
557 0.07330411194427243 0.3053321937351128 0.95699460358852 0 0 0 0.16 146 425 172 58 187 374 227 25 234 185 
558 -0.041922874604562836 0.3111319123611595 0.9351084095811167 0 0 0 0.25 146 426 204 63 222 43 232 74 
559 0.06602980125307145 0.1045616302903294 1.038181613671093 0 0 0 0.8 146 427 187 375 222 44 234 186 
560 -0.021257495717428826 0.1206556140179468 1.0144670235211242 0 0 0 0.23 146 428 148 67 152 31 159 43 185 47 187 376 204 64 213 283 
561 0.013658267039601418 0.26141136028380385 0.9654201097872354 0 0 0 0.27 146 429 175 146 176 192 187 377 188 16 190 24 213 284 214 156 219 39 232 75 
562 0.10066815549647153 0.11295599856936278 1.0445994984161455 0 0 0 0.64 146 430 157 168 187 378 213 285 214 157 221 33 222 45 223 65 234 187 
563 0.06257932490099126 0.1633085971564978 1.0169523561518434 0 0 0 0.15 146 431 187 379 232 76 
564 0.1020213998139045 0.27691099772895567 0.9764729025993785 0 0 0 0.35 146 432 187 380 213 286 
565 0.10177845492281178 0.27668935759212204 0.9753816938765897 0 0 0 0.47 146 433 187 381 213 287 223 66 
566 -0.03308258333018393 0.2729804966705231 0.9495591811243655 0 0 0 0.18 146 434 158 74 200 128 
567 -0.0005715881435554062 0.2752559945135687 0.9575390774097489 0 0 0 0.34 146 435 148 68 158 75 190 25 196 31 213 288 214 158 232 77 
568 -0.0005732095942742393 0.27526017564577193 0.9576966109384422 0 0 0 0.35 146 436 148 69 158 76 164 117 190 26 196 32 213 289 214 159 221 34 223 67 227 26 232 78 
569 0.0012119096834635151 0.30540864877772983 0.9445116283287135 0 0 0 0.79 146 437 158 77 172 59 190 27 213 290 223 68 232 79 
570 -0.06794196876987868 0.08516903674936034 1.022216824924861 0 0 0 0.28 148 70 164 118 200 129 224 29 
571 -0.02007135553420695 0.11520054754014535 1.0188088580543966 0 0 0 0.53 159 44 164 119 187 382 231 43 
572 -0.08778647109750319 0.18310736278597387 0.9836548070749579 0 0 0 0.27 158 78 172 60 200 130 
573 -0.04338117950048211 0.24129395522912167 0.9628226129486076 0 0 0 0.39 157 169 172 61 213 291 214 160 
574 -0.09032570757366606 0.28594036234642234 0.9425198774357317 0 0 0 0.16 176 193 213 292 214 161 232 80 
575 0.05653939944543718 0.2896051774162938 0.9662548213606847 0 0 0 0.14 187 383 213 293 234 188 
576 0.1289351421939409 0.29882822665316144 0.9723078141811604 0 0 0 0.2 164 120 187 384 232 81 234 189 
577 0.04242498075514296 0.3062247605521038 0.9511772864150428 0 0 0 0.44 172 62 175 147 187 385 221 35 232 82 234 190 
578 0.025652895850483977 0.1893693636769793 0.9979815826870835 0 0 0 0.32 158 79 176 194 187 386 213 294 222 46 
579 0.019318549983580395 0.19461336145008412 0.9983256998098552 0 0 0 0.23 158 80 187 387 222 47 
580 0.019334946115082484 0.19461828853597402 0.9977365049934765 0 0 0 0.19 172 63 176 195 187 388 190 28 221 36 222 48 232 83 234 191 
581 0.0962701268786208 0.2726196228625206 0.9756594664256395 0 0 0 0.22 187 389 213 295 219 40 234 192 
582 -0.06190769568160975 0.2930311190534681 0.9354431208097381 0 0 0 0.27 172 64 176 196 190 29 204 65 219 41 222 49 232 84 
583 0.048069026850545 0.29990686454810955 0.9592449138468458 0 0 0 0.32 152 32 172 65 187 390 190 30 213 296 232 85 234 193 
584 0.1097325402368937 0.3188342912963135 0.959170804069364 0 0 0 0.17 172 66 187 391 213 297 
585 -0.04026847798115474 0.1940408920695005 0.9838503013403659 0 0 0 0.63 187 392 204 66 222 50 
586 -0.0981258874330132 0.30063659139912524 0.9376068136281922 0 0 0 0.39 172 67 176 197 190 31 213 298 214 162 
587 0.044808372325849305 0.30394851445109755 0.9545306823894454 0 0 0 0.48 187 393 221 37 223 69 
588 0.04480311268474935 0.3039589993221592 0.95449720111482 0 0 0 0.4 172 68 187 394 190 32 221 38 223 70 234 194 
589 0.05757767908187047 0.30335107747868173 0.9563438788662738 0 0 0 0.41 187 395 213 299 234 195 
590 -0.08047361926865716 0.2499200090648654 0.9620994945303162 0 0 0 0.16 176 198 190 33 232 86 
591 -0.06706652430493346 0.2711979657829236 0.9425604386100284 0 0 0 0.24 158 81 164 121 190 34 200 131 213 300 219 42 221 39 232 87 
592 -0.04067150916032346 0.1218083753216289 1.01163231265184 0 0 0 0.26 148 71 157 170 158 82 176 199 204 67 
593 0.02861182536684766 0.1936793359953368 0.9965062793135024 0 0 0 0.28 148 72 157 171 175 148 187 396 214 163 
594 0.13511030121535234 0.2683358841231734 0.9830860640831127 0 0 0 0.15 148 73 176 200 187 397 194 22 196 33 213 301 214 164 234 196 
595 -0.1040156544285906 0.26341912571118165 0.9456710116545608 0 0 0 0.11 148 74 176 201 213 302 
596 0.10625822713413655 0.32288227604719255 0.9565876720981621 0 0 0 0.35 148 75 164 122 175 149 187 398 194 23 214 165 223 71 
597 0.15977475726505316 0.34918410641022224 0.9605067560588931 0 0 0 0.34 148 76 187 399 194 24 234 197 
598 -0.045973767087105905 0.12731678565952775 1.0075534844080085 0 0 0 0.19 148 77 157 172 158 83 213 303 214 166 
599 -0.036848448409885534 0.23716185772779574 0.9637503938006323 0 0 0 0.25 148 78 157 173 158 84 164 123 176 202 224 30 232 88 
600 -0.016693713946362272 0.2924120843317132 0.9509361555051137 0 0 0 0.19 148 79 164 124 176 203 213 304 
601 0.06808139296251597 0.2975446486814731 0.9599867426174673 0 0 0 0.3 148 80 158 85 187 400 214 167 223 72 
602 -0.038069847089354986 0.27913923232388294 0.9465295139652014 0 0 0 0.21 148 81 164 125 172 69 176 204 204 68 214 168 232 89 
603 -0.10288722033266855 0.3207341863602283 0.9252876464062738 0 0 0 0.18 148 82 172 70 176 205 
604 0.03182509792117931 0.2778019004881247 0.962412085881031 0 0 0 0.43 148 83 158 86 172 71 213 305 227 27 232 90 234 198 
605 0.051071908273492846 0.30617007999761087 0.9530682654299673 0 0 0 0.53 148 84 223 73 234 199 
606 0.03534469341250451 0.30833729022743017 0.9477451392413521 0 0 0 0.62 148 85 187 401 190 35 234 200 
607 0.12357024469975868 0.13331671979393783 1.038739092582433 0 0 0 0.25 152 33 158 87 164 126 187 402 213 306 214 169 232 91 234 201 
608 0.339112338739091 0.13340388593446104 1.0877472298067608 0 0 0 0.25 152 34 187 403 221 40 234 202 
609 0.16143805459394603 0.19658047665822873 1.0246644965930443 0 0 0 0.24 152 35 176 206 187 404 213 307 234 203 
610 0.09579424896035603 0.25759396632642584 0.9812588860424848 0 0 0 0.3 152 36 187 405 200 132 204 69 219 43 234 204 
611 0.14584262677123416 0.2661118264101195 0.9851788557575951 0 0 0 0.19 152 37 175 150 187 406 
612 0.03205780790600568 0.3150170919093344 0.9428758004403468 0 0 0 0.31 152 38 187 407 227 28 234 205 
613 0.037859166575115864 0.315605416007035 0.9450987068072059 0 0 0 0.21 152 39 187 408 223 74 227 29 234 206 
614 0.11941785631286983 0.29459248515428965 0.9734106722260343 0 0 0 0.2 152 40 187 409 232 92 234 207 
615 0.0259500699514576 0.24511136157244479 0.9757685157527624 0 0 0 0.41 152 41 176 207 187 410 234 208 
616 0.0019530333128307 0.2543582166176937 0.9630682516562884 0 0 0 0.23 152 42 187 411 190 36 221 41 231 44 232 93 234 209 
617 0.06793125009853367 0.27597950152708106 0.9694879297766181 0 0 0 0.39 152 43 187 412 196 34 234 210 
618 0.09762432597829254 0.1653323174569237 1.0243926987264391 0 0 0 0.5 152 44 157 174 187 413 204 70 232 94 234 211 
619 0.03984712846403363 0.0920651395232921 1.0399893406773801 0 0 0 0.15 157 175 187 414 200 133 
620 0.0018062327715730323 0.09804832289430607 1.0288715951375715 0 0 0 0.18 157 176 187 415 200 134 213 308 224 31 234 212 
621 0.03527010594426305 0.10438372721294079 1.0334495782305415 0 0 0 0.12 157 177 187 416 200 135 234 213 
622 0.08801281444001376 0.10835387643225802 1.0444674868786734 0 0 0 0.2 157 178 175 151 187 417 
623 -0.015978803134211503 0.109621636406329 1.0223394270611539 0 0 0 0.3 157 179 200 136 213 309 234 214 
624 0.06953801908078965 0.1118918961807171 1.038786396393807 0 0 0 0.04 157 180 175 152 187 418 
625 0.07136490444635746 0.1127810902610002 1.0385576125670264 0 0 0 0.09 157 181 175 153 187 419 
626 -0.02267896344730625 0.1168499920630155 1.017393065348237 0 0 0 0.11 157 182 200 137 213 310 
627 0.06507173173505004 0.12032984343747122 1.0334605141771245 0 0 0 0.18 157 183 175 154 187 420 
628 0.023400761115387737 0.1532849351051942 1.0117792100771816 0 0 0 0.26 157 184 187 421 213 311 231 45 234 215 
629 0.1659864091603156 0.1579734041352545 1.0397130053945909 0 0 0 0.13 175 155 187 422 200 138 
630 0.20223839903939264 0.15949462728462555 1.047378934022472 0 0 0 0.09 175 156 187 423 200 139 
631 0.02121043119647056 0.18402333224528164 1.0020462673976467 0 0 0 0.27 157 185 175 157 187 424 
632 0.018950478845580643 0.18470383312454947 0.9993226762456117 0 0 0 0.19 157 186 175 158 176 208 187 425 200 140 213 312 
633 0.04902041544291621 0.18656278515353347 1.003931101222519 0 0 0 0.33 157 187 175 159 176 209 187 426 213 313 
634 0.021005439560658846 0.18965839454332306 0.9978645531886888 0 0 0 0.06 157 188 175 160 187 427 
635 -0.05893151316104428 0.18947714188300518 0.9823549962690766 0 0 0 0.23 157 189 200 141 214 170 
636 0.07144566193553649 0.19234259281543312 1.0087217900264573 0 0 0 0.24 157 190 175 161 176 210 187 428 200 142 234 216 
637 0.12340915872614407 0.1960112057451657 1.0171589345690333 0 0 0 0.32 157 191 175 162 187 429 
638 -0.05282635821558834 0.24595529016356413 0.9610259188935246 0 0 0 0.17 157 192 176 211 213 314 214 171 
639 0.008768205767582235 0.24925127124309834 0.9749798739794476 0 0 0 0.12 157 193 176 212 187 430 
640 0.1889078382346331 0.26181998256261524 1.0019181401051374 0 0 0 0.14 157 194 175 163 187 431 
641 0.2386956848023608 0.26805524935795977 1.006357308760664 0 0 0 0.36 157 195 175 164 176 213 187 432 
642 0.17555416126440848 0.2740415558570398 0.9903602370904874 0 0 0 0.17 157 196 187 433 214 172 
643 0.07243472065574647 0.10006837006404125 1.0438298993054222 0 0 0 0.06 157 197 187 434 234 217 
644 0.030337763717424783 0.10311663405887565 1.0332390793698654 0 0 0 0.21 157 198 164 127 187 435 213 315 234 218 
645 0.09070951649307728 0.10451167945133465 1.0440874761314647 0 0 0 0.44 157 199 159 45 164 128 185 48 187 436 213 316 219 44 222 51 234 219 
646 -0.017818012065641393 0.12831465703679218 1.0116870246729217 0 0 0 0.33 157 200 200 143 213 317 
647 0.24196314244259015 0.12906338122422384 1.0678903236191188 0 0 0 0.3 157 201 158 88 187 437 234 220 
648 -0.07603344648572524 0.18435995989960538 0.9792505014177357 0 0 0 0.23 157 202 176 214 213 318 231 46 
649 -0.05749321223614867 0.24381055206129287 0.9599351522616394 0 0 0 0.18 157 203 164 129 176 215 222 52 
650 -0.03135319229590918 0.252385581704721 0.9561640169808666 0 0 0 0.27 157 204 158 89 176 216 213 319 214 173 223 75 
651 0.10405521044777838 0.2563842331873425 0.9799732954639194 0 0 0 0.12 157 205 187 438 234 221 
652 0.09405634793335357 0.11945323674257312 1.0396980379020644 0 0 0 0.22 157 206 176 217 187 439 
653 -0.10940630018687707 0.12235415042973044 1.0058448258082548 0 0 0 0.13 157 207 204 71 213 320 
654 0.1475547407746143 0.13249274952363121 1.0462899656371996 0 0 0 0.27 157 208 175 165 176 218 187 440 213 321 234 222 
655 0.0687194712715927 0.18486635566184303 1.0102275442765036 0 0 0 0.37 157 209 187 441 234 223 
656 -0.04774962585627131 0.24474357665111213 0.9635812798799533 0 0 0 0.11 157 210 176 219 204 72 213 322 232 95 
657 -0.11762196674301219 0.2593860918744469 0.942148370798512 0 0 0 0.26 157 211 158 90 176 220 213 323 221 42 
658 0.04300555165041946 0.10143928067006636 1.0363388125720228 0 0 0 0.46 157 212 158 91 187 442 200 144 213 324 214 174 222 53 232 96 
659 -0.04082209462657406 0.11769374531878321 1.0076673633233766 0 0 0 0.15 157 213 158 92 190 37 204 73 
660 -0.011304571084599811 0.22726414554994528 0.9807613306013765 0 0 0 0.16 157 214 176 221 187 443 
661 -0.010377970138251539 0.2310493005670992 0.9776738809081785 0 0 0 0.27 157 215 172 72 187 444 204 74 
662 0.036434690620831156 0.24649720045460982 0.9742784096576093 0 0 0 0.28 157 216 158 93 187 445 232 97 234 224 
663 0.1543642575404338 0.13532712257433735 1.0458055299962765 0 0 0 0.43 175 166 187 446 234 225 
664 -0.07882967893757824 0.12457478021247104 1.00315963116129 0 0 0 0.33 158 94 204 75 219 45 
665 0.1236873854783647 0.1333164176667951 1.038972334669493 0 0 0 0.23 158 95 187 447 234 226 
666 0.05839564582733044 0.15994009807931947 1.014949406618986 0 0 0 0.25 158 96 175 167 187 448 
667 -0.13009719809707548 0.24957576906573314 0.9522554462982062 0 0 0 0.49 158 97 200 145 213 325 
668 -0.025177973965493546 0.25344384363508354 0.9627384811518682 0 0 0 0.18 158 98 204 76 213 326 222 54 232 98 234 227 
669 -0.09482070529121604 0.1829239655684616 0.9807788574445038 0 0 0 0.05 158 99 213 327 219 46 
670 0.18714835067189686 0.19830799422137224 1.0320095047634799 0 0 0 0.11 158 100 187 449 234 228 
671 0.1924994209492637 0.26174789717275826 1.0025420927305897 0 0 0 0.3 158 101 175 168 187 450 234 229 
672 0.21574242159808737 0.3084630365974783 0.9855312227679126 0 0 0 0.52 158 102 175 169 187 451 232 99 234 230 
673 0.2138786055346495 0.31117324108077266 0.9843567939576088 0 0 0 0.12 158 103 187 452 234 231 
674 -0.006460854360590312 0.24322429346079563 0.9682702165745347 0 0 0 0.4 158 104 172 73 190 38 213 328 221 43 234 232 
675 0.26511041456503615 0.30154331665340733 1.0034844645271968 0 0 0 0.41 158 105 200 146 221 44 234 233 
676 0.19791378871586776 0.3095432560898993 0.9890701099597791 0 0 0 0.3 158 106 187 453 234 234 
677 -0.03458703387458631 0.2383333627485011 0.9553689459984956 0 0 0 0.4 158 107 204 77 231 47 
678 0.03757969943511751 0.2804309340705044 0.9626929219041468 0 0 0 0.35 158 108 172 74 188 17 196 35 
679 0.1388953319192455 0.2584982513046364 0.9857444018382289 0 0 0 0.18 158 109 175 170 187 454 
680 0.0679872493230569 0.27600224705036963 0.9697090784608631 0 0 0 0.44 158 110 187 455 188 18 196 36 234 235 
681 0.12114580538247707 0.3087914372005379 0.9655937026643097 0 0 0 0.61 158 111 187 456 196 37 234 236 
682 0.0534393919353796 0.11143428023862226 1.0346885057266293 0 0 0 0.24 159 46 176 222 187 457 234 237 
683 -0.10052608268703916 0.12728206275239595 1.0039477581036802 0 0 0 0.36 159 47 200 147 204 78 
684 0.023198956860869934 0.26325716867985965 0.9663277862186961 0 0 0 0.31 159 48 187 458 188 19 214 175 234 238 
685 0.0844151269272197 0.10237164906773401 1.044058639581644 0 0 0 0.22 164 130 187 459 200 148 234 239 
686 0.07192170866090712 0.11018402462664767 1.0387834389359767 0 0 0 0.13 164 131 187 460 200 149 234 240 
687 0.11278294262995307 0.1178186923232679 1.0437206785755981 0 0 0 0.23 164 132 176 223 185 49 187 461 213 329 
688 0.11984621986202872 0.12500242343300408 1.0434676957854125 0 0 0 0.48 164 133 187 462 200 150 223 76 
689 -0.005396654058046006 0.12878771411446865 1.0148344240107503 0 0 0 0.33 164 134 187 463 200 151 213 330 231 48 234 241 
690 0.09343753137492106 0.15550349619331014 1.0253631234042824 0 0 0 0.33 164 135 187 464 213 331 234 242 
691 0.06125773726438374 0.17370285414230355 1.011479086349374 0 0 0 0.27 164 136 176 224 187 465 234 243 
692 0.06954353657825606 0.2808077121623565 0.9669473142557439 0 0 0 0.08 164 137 187 466 223 77 
693 -0.10184382056742007 0.29829111237209394 0.9379818072636933 0 0 0 1.12 164 138 176 225 213 332 223 78 
694 0.10371769282366299 0.30947579438861345 0.9614409378090726 0 0 0 0.22 164 139 187 467 214 176 223 79 234 244 
695 0.06710819267826278 0.3238411770377022 0.9486026082778786 0 0 0 0.31 164 140 187 468 223 80 232 100 234 245 
696 -0.09015594877047946 0.2858648359668922 0.942095816082587 0 0 0 0.16 164 141 190 39 213 333 214 177 
697 0.06784367432225977 0.2907222803861522 0.9627110192930551 0 0 0 0.21 164 142 187 469 196 38 
698 -0.008186227343538362 0.10807268531403488 1.023254646568173 0 0 0 0.27 164 143 187 470 227 30 
699 0.0862113416274769 0.3079775611000143 0.9576722765845139 0 0 0 0.41 164 144 187 471 194 25 
700 0.2619684289173151 0.13736569899736006 1.0701891184254941 0 0 0 0.16 172 75 187 472 221 45 
701 0.30654113832160707 0.14443306538343456 1.075932641801099 0 0 0 0.19 172 76 187 473 204 79 
702 -0.0734199394109467 0.18163137143288127 0.9802912222416799 0 0 0 0.22 172 77 185 50 227 31 231 49 
703 0.021430758305725384 0.2449448681370605 0.9784483879974791 0 0 0 0.14 172 78 176 226 187 474 222 55 232 101 
704 -0.039510642154077354 0.1044644492631222 1.0181492272387676 0 0 0 0.19 172 79 187 475 222 56 
705 -0.11292077521077146 0.16667854461212983 0.9878328574680046 0 0 0 0.13 172 80 185 51 200 152 
706 0.06864267720708832 0.19977139796163723 1.0028494759958657 0 0 0 0.15 172 81 175 171 187 476 
707 0.24244681842657842 0.23062352309770287 1.02827398262375 0 0 0 0.23 172 82 187 477 227 32 234 246 
708 0.27300629062507403 0.2946715668857205 1.004789381135684 0 0 0 0.32 172 83 190 40 234 247 
709 -0.06201825507191976 0.28485324191614686 0.9390331044629044 0 0 0 0.42 172 84 196 39 232 102 
710 -0.09209406006350934 0.18339835723154607 0.9864802745162597 0 0 0 0.15 172 85 213 334 219 47 
711 0.02544815576418071 0.19674764513574367 0.9955291926513805 0 0 0 0.23 172 86 176 227 187 478 190 41 200 153 204 80 213 335 219 48 232 103 
712 0.06290057059896187 0.29897757860804164 0.9593056678113514 0 0 0 0.45 172 87 187 479 200 154 213 336 214 178 221 46 223 81 227 33 232 104 234 248 
713 -0.08448742709988835 0.1848581399306905 0.9850528283194798 0 0 0 0.62 172 88 176 228 219 49 227 34 
714 0.011631339140185933 0.19499611223664706 0.9947009173152842 0 0 0 0.47 172 89 187 480 234 249 
715 0.07861832071577243 0.1189304612418383 1.03795242320988 0 0 0 0.2 175 172 187 481 213 337 
716 0.07861832071577243 0.1189304612418383 1.03795242320988 0 0 0 0.2 175 173 187 482 213 338 
717 0.16447784471003482 0.15150319698126483 1.0425946016410752 0 0 0 0.15 175 174 187 483 200 155 
718 0.057843437386930686 0.19106310523500367 1.0039141458371252 0 0 0 0.16 175 175 187 484 231 50 
719 0.16761362455175402 0.15946326777742115 1.0397625286115333 0 0 0 0.16 175 176 187 485 200 156 
720 0.12064526575586465 0.18885717622908796 1.0168414207666234 0 0 0 0.4 175 177 187 486 200 157 
721 0.08480106196683913 0.2510232988690925 0.9853449407443273 0 0 0 0.27 175 178 187 487 200 158 231 51 
722 0.08964891316042597 0.2524525855544609 0.9841155608756447 0 0 0 0.22 175 179 187 488 200 159 
723 0.07269144848275993 0.2580578565939901 0.9744840690354262 0 0 0 0.15 175 180 187 489 231 52 
724 0.231917468160289 0.21844812267467534 1.0300658505025067 0 0 0 0.09 175 181 187 490 200 160 
725 0.060521721881095954 0.26910924749371473 0.9704206014388983 0 0 0 0.34 175 182 187 491 234 250 
726 0.09245979297455036 0.2611994819127627 0.9790336721737428 0 0 0 0.29 175 183 187 492 231 53 
727 0.2072784462681176 0.2741055321376483 0.9974259520229403 0 0 0 0.09 175 184 187 493 200 161 
728 0.22455972021962015 0.30044640627574243 0.9969706943522351 0 0 0 0.26 175 185 187 494 200 162 
729 0.05962209745184399 0.11313854708362013 1.0355508958691706 0 0 0 0.22 175 186 187 495 213 339 
730 -0.05641999844170216 0.18361223795730722 0.9849018859056556 0 0 0 0.17 176 229 200 163 213 340 
731 0.08372641476769051 0.1293050414682484 1.0327994832289629 0 0 0 0.36 175 187 187 496 200 164 
732 0.12932788526275238 0.11950487135821224 1.0433756288226028 0 0 0 0.21 175 188 187 497 213 341 
733 0.05497530877579034 0.15504666432929018 1.0194033840593377 0 0 0 0.33 175 189 187 498 234 251 
734 0.09143349728621236 0.15177923330133458 1.0266772228151917 0 0 0 0.09 175 190 187 499 200 165 
735 0.016867957390469812 0.18541602447070687 0.9989736057138303 0 0 0 0.3 187 500 200 166 231 54 
736 0.016706134410728327 0.19221263657426998 0.9976086754545389 0 0 0 0.22 175 191 187 501 213 342 214 179 231 55 
737 0.12680719755901823 0.15320904064318205 1.0337320112027453 0 0 0 0.05 175 192 187 502 234 252 
738 0.15929795534929697 0.14250272867032507 1.0459743486713944 0 0 0 0.29 175 193 187 503 234 253 
739 0.037346275804342986 0.1889046150746588 1.0016891333608 0 0 0 0.17 175 194 187 504 234 254 
740 0.047117985260117456 0.19208213155000406 1.0018936864875994 0 0 0 0.22 175 195 187 505 231 56 
741 0.027776127013865216 0.2007048701278935 0.9950307676841542 0 0 0 0.11 175 196 176 230 187 506 
742 0.2048707870089662 0.14523685077445692 1.0521371774153536 0 0 0 0.28 175 197 185 52 187 507 234 255 
743 0.11890562527753441 0.18908354678251812 1.0164206945526582 0 0 0 0.25 175 198 187 508 200 167 
744 0.024098675119902234 0.22496123293081832 0.985780388758842 0 0 0 0.19 175 199 187 509 234 256 
745 0.11956918080381584 0.19185993667153692 1.0157575814151194 0 0 0 0.07 175 200 187 510 213 343 
746 0.060029382293907675 0.2172963942017206 0.9943502065450042 0 0 0 0.05 175 201 187 511 234 257 
747 0.036095584616629706 0.2518862223442958 0.9698318986926808 0 0 0 0.25 175 202 187 512 231 57 
748 0.09177877994652713 0.24739185324699214 0.9896983636287681 0 0 0 0.13 175 203 187 513 234 258 
749 0.027667126142733388 0.26630980524142134 0.9631885384740585 0 0 0 0.07 175 204 187 514 234 259 
750 0.05622724472030497 0.2589923004702164 0.9783525872476658 0 0 0 0.04 175 205 187 515 234 260 
751 0.05622724472030497 0.2589923004702164 0.9783525872476658 0 0 0 0.04 175 206 187 516 234 261 
752 0.03376943629045017 0.2698246101135693 0.965062425618986 0 0 0 0.13 175 207 187 517 213 344 
753 0.09964416392672544 0.25018795016551587 0.98008088646366 0 0 0 0.17 175 208 176 231 187 518 
754 0.0855276825693126 0.25631291295948216 0.982886597193136 0 0 0 0.19 175 209 187 519 200 168 
755 0.03388133780183397 0.27327685864662404 0.9631947007795464 0 0 0 0.15 175 210 187 520 213 345 234 262 
756 0.03578394694931441 0.2857107561124874 0.9587827163956998 0 0 0 0.33 175 211 187 521 200 169 214 180 
757 0.17387992494809726 0.27248335670748114 0.9902050475642732 0 0 0 0.32 175 212 187 522 214 181 
758 0.09719626506626529 0.3007864210097868 0.9636129191709354 0 0 0 0.13 175 213 187 523 234 263 
759 0.16556355828101987 0.29313203461029996 0.9824159923903315 0 0 0 0.32 175 214 187 524 200 170 
760 0.20426502242249445 0.2874431011540617 0.9934307620696279 0 0 0 0.23 175 215 187 525 234 264 
761 0.22735569363980215 0.29854768434489454 0.9993583089415456 0 0 0 0.23 175 216 187 526 200 171 234 265 
762 0.2274554950525545 0.2985938168714216 0.9995335372731354 0 0 0 0.29 175 217 187 527 234 266 
763 0.2163079686634164 0.3060408119936789 0.9865870202327552 0 0 0 0.2 175 218 187 528 213 346 
764 0.07165087450687681 0.12220095720268129 1.0349485311358948 0 0 0 0.43 175 219 187 529 213 347 223 82 234 267 
765 0.07699272862551493 0.12706986531993825 1.033208732242482 0 0 0 0.18 187 530 214 182 234 268 
766 0.07696963516552457 0.1270216533538418 1.0335228407591686 0 0 0 0.28 176 232 187 531 200 172 214 183 223 83 234 269 
767 0.0969154857016132 0.1495272662851447 1.0273136904495608 0 0 0 0.08 175 220 187 532 234 270 
768 0.131525113339185 0.14191834014653693 1.0361477115123627 0 0 0 0.06 175 221 187 533 234 271 
769 0.131858917554781 0.15102669673617836 1.0336252993839206 0 0 0 0.21 175 222 176 233 187 534 234 272 
770 0.16259599861321808 0.15520743103758333 1.0416288255716801 0 0 0 0.12 175 223 187 535 234 273 
771 0.09527593608180539 0.20239522539216298 1.005836669185859 0 0 0 0.32 175 224 187 536 200 173 234 274 
772 0.026205527705251853 0.22992942007019612 0.9828364405975974 0 0 0 0.13 175 225 187 537 234 275 
773 0.21929797098708065 0.19323175471749027 1.0375519627880392 0 0 0 0.19 175 226 187 538 234 276 
774 0.01941405967159975 0.26130756762650337 0.9687587581384295 0 0 0 0.25 175 227 187 539 234 277 
775 0.07052601319214015 0.2508385986324223 0.9774669593399135 0 0 0 0.19 175 228 187 540 234 278 
776 0.054454175109271225 0.2580452529570874 0.9794985784988176 0 0 0 0.24 175 229 187 541 234 279 
777 0.06104631830495889 0.2661010962397495 0.9721327510912481 0 0 0 0.19 175 230 187 542 223 84 234 280 
778 0.23815774208019025 0.2506023401669582 1.0144199803737994 0 0 0 0.2 175 231 187 543 234 281 
779 0.10601978869961401 0.2877213875204519 0.9702391099473272 0 0 0 0.35 175 232 187 544 213 348 
780 0.2395699434956254 0.2563473002493193 1.0116555985461864 0 0 0 0.1 175 233 187 545 200 174 234 282 
781 0.16429348934337268 0.29354387641811486 0.9847796804907046 0 0 0 0.21 175 234 187 546 234 283 
782 0.2574089718591162 0.2724049457949627 1.0159733478216044 0 0 0 0.3 175 235 187 547 234 284 
783 0.2186421800546559 0.31584987131924175 0.9835151966476026 0 0 0 0.24 175 236 187 548 234 285 
784 0.25769354001877126 0.3163227907540283 0.9927379357464065 0 0 0 0.37 187 549 200 175 234 286 
785 0.137509733207639 0.13692154617412222 1.0403469985658076 0 0 0 0.1 175 237 187 550 234 287 
786 0.021066510513215068 0.24754768194092525 0.9759613245969092 0 0 0 0.12 175 238 187 551 234 288 
787 0.031021795807357085 0.24715804236554623 0.9691536182123528 0 0 0 0.09 175 239 187 552 234 289 
788 0.031150276079632895 0.24725049098213153 0.9699274680647126 0 0 0 0.17 175 240 187 553 213 349 234 290 
789 0.025985788145779728 0.2692179844641164 0.9635655460026357 0 0 0 0.14 175 241 187 554 232 105 
790 0.09685032479410582 0.26406362217281976 0.9769517390297121 0 0 0 0.13 175 242 176 234 187 555 213 350 
791 0.20644977152676625 0.33235698104903777 0.9750208784486162 0 0 0 0.31 175 243 187 556 234 291 
792 0.05471316121283906 0.1962617567665482 1.005887915400809 0 0 0 0.27 175 244 187 557 234 292 
793 0.07262823664066703 0.19706609048354562 1.00678684586963 0 0 0 0.21 175 245 187 558 234 293 
794 -0.010666293262026835 0.2357092086779922 0.9714499656634431 0 0 0 0.33 175 246 187 559 204 81 
795 0.02579407030956112 0.25545443687798997 0.9704497714664305 0 0 0 0.13 175 247 187 560 234 294 
796 0.02302084524510497 0.3107912560677284 0.943777946366491 0 0 0 0.3 175 248 187 561 213 351 231 58 234 295 
797 0.2140862643442206 0.2749067700424916 0.9979597938305045 0 0 0 0.29 175 249 187 562 234 296 
798 0.10607302972962794 0.30537515043756747 0.9669366140035824 0 0 0 0.42 175 250 187 563 234 297 
799 0.0032636970589906274 0.2432912477550975 0.9683877029156875 0 0 0 0.28 187 564 219 50 234 298 
800 0.013747522544759765 0.29900163344529296 0.9548168977242677 0 0 0 0.43 175 251 187 565 204 82 213 352 
801 0.19430525350873856 0.25035055781905097 1.01197943501246 0 0 0 0.29 175 252 187 566 234 299 
802 0.20782342452200406 0.2597178843797368 1.0022863610170778 0 0 0 0.28 175 253 187 567 234 300 
803 0.17206898920649688 0.2791516685719459 0.9887064583422686 0 0 0 0.23 175 254 187 568 234 301 
804 0.2052122044019662 0.2813130805509619 0.9949559814203764 0 0 0 0.45 175 255 187 569 234 302 
805 0.2052122044019662 0.2813130805509619 0.9949559814203764 0 0 0 0.45 175 256 187 570 234 303 
806 0.04307157219900988 0.1191895041195373 1.029240182643258 0 0 0 0.27 176 235 187 571 200 176 213 353 234 304 
807 0.0290575441340338 0.15198310510691115 1.0133466618010987 0 0 0 0.06 176 236 187 572 213 354 
808 0.09570274648793532 0.15454670591629852 1.025466488263328 0 0 0 0.25 176 237 187 573 214 184 
809 0.1282406397899935 0.15482415773353822 1.0320034490914487 0 0 0 0.09 176 238 187 574 213 355 
810 -0.0030881295914344086 0.15858475649161377 1.0051315053685865 0 0 0 0.15 176 239 185 53 187 575 
811 0.09130784919036414 0.18001540788069453 1.0164522950044597 0 0 0 0.18 176 240 187 576 200 177 
812 0.09761727173700722 0.2033980664497078 1.006110870991256 0 0 0 0.28 176 241 185 54 187 577 200 178 231 59 
813 0.022761835377412793 0.249203188441657 0.9751368785382111 0 0 0 0.14 176 242 187 578 234 305 
814 0.01575082091733388 0.24934702381107965 0.9751477137814883 0 0 0 0.09 176 243 187 579 213 356 
815 0.01225613168811405 0.251768250081307 0.9733415222097818 0 0 0 0.06 176 244 187 580 213 357 
816 0.019254550833808455 0.2518453838238405 0.9746297816969557 0 0 0 0.08 176 245 187 581 213 358 
817 0.013947469757140963 0.25283297498778945 0.9720994370010718 0 0 0 0.16 176 246 187 582 234 306 
818 0.09068165137906103 0.2630735473481225 0.979240503540766 0 0 0 0.23 176 247 187 583 234 307 
819 -0.103875370115852 0.27483751111928634 0.9415279923971994 0 0 0 0.04 176 248 200 179 213 359 
820 0.14613166324811036 0.12070947726141115 1.0464420780667418 0 0 0 0.31 176 249 187 584 213 360 234 308 
821 0.06263885413959346 0.12152352328188763 1.03278538230654 0 0 0 0.25 176 250 187 585 200 180 
822 0.02067414682130352 0.12270530213805124 1.022456307744107 0 0 0 0.14 176 251 187 586 200 181 
823 0.07336644193434287 0.12917743181974684 1.0304043006941797 0 0 0 0.23 176 252 187 587 214 185 219 51 234 309 
824 0.06813671626574885 0.13160497968683604 1.0287703883120443 0 0 0 0.12 176 253 187 588 234 310 
825 0.08005635803986615 0.13157662172463327 1.0316931209890685 0 0 0 0.48 176 254 187 589 213 361 214 186 223 85 234 311 
826 0.0007346183637668314 0.19950383504602304 0.989495521349101 0 0 0 0.06 176 255 187 590 231 60 
827 0.010401599258608256 0.24695164157042532 0.9734101878991533 0 0 0 0.11 176 256 187 591 204 83 
828 -0.01714357875484496 0.2620935719710414 0.9620899276846375 0 0 0 0.21 176 257 213 362 214 187 
829 -0.03829269046511505 0.2861304527349355 0.9437881222194251 0 0 0 0.35 176 258 200 182 204 84 213 363 
830 -0.10488674399581072 0.3176773641631309 0.92560862689361 0 0 0 0.26 176 259 200 183 213 364 214 188 
831 -0.039267676216840505 0.10467148626823654 1.0185850723189105 0 0 0 0.25 176 260 222 57 224 32 
832 0.020573402735687703 0.21210167142375566 0.9914387653119665 0 0 0 0.19 176 261 187 592 219 52 234 312 
833 0.02096804166019118 0.2286734580256288 0.986286620674024 0 0 0 0.13 176 262 187 593 213 365 
834 -0.09467051154845531 0.2604217707261611 0.9506080838117202 0 0 0 0.16 176 263 185 55 213 366 214 189 
835 0.06389855918913752 0.1953491404952273 1.003057674186233 0 0 0 0.38 176 264 185 56 187 594 204 85 
836 -0.0028839378944756277 0.20652470269733816 0.9931549666607707 0 0 0 0.15 176 265 187 595 204 86 
837 0.01818986944381007 0.10643942644296071 1.0289081987698059 0 0 0 0.21 187 596 213 367 234 313 
838 -0.022303670486598696 0.1285024055836628 1.0117905955196003 0 0 0 0.14 187 597 214 190 231 61 
839 0.029155287021366084 0.1519316882299061 1.0138116251898406 0 0 0 0.2 187 598 200 184 214 191 
840 0.027364515264017397 0.15332734972154533 1.0125859471621006 0 0 0 0.09 187 599 213 368 214 192 
841 0.16630618377195233 0.13596042871761732 1.0491467772367769 0 0 0 0.22 187 600 213 369 234 314 
842 0.16700492606945538 0.14581480362984936 1.0435338577264812 0 0 0 0.19 187 601 200 185 234 315 
843 0.02682727386800789 0.1727683819706786 1.0057814310055946 0 0 0 0.31 187 602 214 193 234 316 
844 0.016867957390471245 0.1854160244707128 0.9989736057137718 0 0 0 0.3 187 603 200 186 231 62 
845 0.03464701279558089 0.29815472459542136 0.9539306406658382 0 0 0 0.12 187 604 214 194 234 317 
846 0.136940835263623 0.306730193855187 0.9681474064848249 0 0 0 0.21 187 605 194 26 214 195 
847 -0.014738308161386398 0.1046004843514019 1.023742191134065 0 0 0 0.16 200 187 224 33 234 318 
848 0.23907203432798377 0.13619724245306758 1.0659474221590977 0 0 0 0.13 187 606 232 106 234 319 
849 0.14008746095698624 0.2684398781050586 0.9834720852359444 0 0 0 0.22 187 607 194 27 213 370 
850 0.0992364954781209 0.2827898527195536 0.9714843487848956 0 0 0 0.35 187 608 223 86 234 320 
851 0.23227595062655085 0.29613151827945405 1.0011647539599502 0 0 0 0.39 187 609 200 188 234 321 
852 0.17432322593886865 0.2948662904302124 0.9818905490549369 0 0 0 0.14 187 610 213 371 214 196 
853 0.17506281521017555 0.3011233798813425 0.9796671882643991 0 0 0 0.15 187 611 213 372 214 197 234 322 
854 0.14232671705273203 0.3016125891638787 0.9706117326291668 0 0 0 0.17 187 612 213 373 223 87 234 323 
855 0.1365745465707497 0.3102030294738696 0.9668078246393598 0 0 0 0.32 187 613 194 28 223 88 234 324 
856 0.14526162962723324 0.31910490676999775 0.9642735593007487 0 0 0 0.24 187 614 223 89 234 325 
857 -0.01585861103452571 0.09815950424486594 1.0235376289576157 0 0 0 0.64 222 58 223 90 234 326 
858 0.060877094569669644 0.09311864654397833 1.0442320934841387 0 0 0 0.3 187 615 213 374 234 327 
859 0.08078234647224296 0.19406236585368014 1.0095646632272983 0 0 0 0.26 187 616 221 47 222 59 
860 0.013663357755117374 0.2608265402433565 0.9661304505541444 0 0 0 0.3 187 617 213 375 214 198 223 91 231 63 234 328 
861 0.0338220270554099 0.28711925424136875 0.9578353148359395 0 0 0 0.14 187 618 213 376 231 64 234 329 
862 0.008047184073793748 0.11897261344450241 1.0219430891009555 0 0 0 0.23 187 619 223 92 234 330 
863 0.09315913849400691 0.26555176322867496 0.9792895956026766 0 0 0 0.14 187 620 204 87 213 377 234 331 
864 -0.03576097170929268 0.28261055059311974 0.9474899399980714 0 0 0 0.4 213 378 222 60 223 93 
865 0.05063964850986851 0.28891584410469034 0.9642781191739478 0 0 0 0.26 187 621 223 94 234 332 
866 0.004004934368626753 0.3036671150096945 0.9469455270972917 0 0 0 0.2 187 622 213 379 222 61 
867 -0.004743730165043943 0.30615762631594795 0.9384463458981678 0 0 0 0.2 204 88 213 380 232 107 
868 0.0688030737552739 0.09202383239136375 1.0456059376406277 0 0 0 0.25 187 623 232 108 234 333 
869 0.09648701961130123 0.27945855935444325 0.9728492453327124 0 0 0 0.31 187 624 204 89 234 334 
870 0.02325086898662784 0.28281861500551553 0.9623102176473171 0 0 0 0.23 187 625 204 90 221 48 232 109 234 335 
871 0.12755955275310285 0.2850201931822098 0.9762266090688199 0 0 0 0.4 187 626 190 42 194 29 234 336 
872 0.019133723559196448 0.3069958375017741 0.9537523468392141 0 0 0 0.23 187 627 190 43 213 381 
873 -0.011895708806774732 0.2109159860131526 0.9868461544726651 0 0 0 0.2 187 628 204 91 234 337 
874 0.2007168687513965 0.2777047966323278 0.9965306573334022 0 0 0 0.6 187 629 200 189 234 338 
875 0.23584298651162522 0.19161340723630013 1.043993818617846 0 0 0 0.27 187 630 227 35 234 339 
876 0.03484544855278922 0.3079211547860151 0.9463373761728756 0 0 0 0.31 187 631 190 44 232 110 
877 0.06877921254490482 0.30960812019841716 0.9523129668644743 0 0 0 0.36 187 632 213 382 227 36 234 340 
878 0.0329255247432427 0.25232302242866994 0.9732406563098625 0 0 0 1.05 187 633 232 111 234 341 
879 0.08455456967737587 0.27820529848575787 0.9781764383147555 0 0 0 0.32 190 45 213 383 232 112 
