# 3D point list with one line of data per point:
#   POINT3D_ID, X, Y, Z, R, G, B, ERROR, TRACK[] as (IMAGE_ID, POINT2D_IDX)
# Number of points: 765, mean track length: 5.27
0 0.1447952310572424 -0.07885540058125379 1.0653099548709035 0 0 0 0.4 118 0 126 0 142 0 148 0 213 0 221 0 232 0 
1 0.12516110909119563 -0.07194648817998674 1.0652747043365813 0 0 0 0.57 118 1 142 1 221 1 
2 -0.034200293043980604 -0.05741767130058084 1.037935709634577 0 0 0 0.3 118 2 126 1 128 0 136 0 142 2 146 0 148 1 162 0 164 0 185 0 200 0 213 1 221 2 224 0 232 1 
3 0.10814596948834633 -0.032606562291004115 1.0467588946762516 0 0 0 0.25 118 3 126 2 142 3 148 2 185 1 232 2 
4 0.07991941661310151 -0.028622823429285807 1.0456456619563352 0 0 0 0.26 118 4 142 4 159 0 
5 0.08395288003402794 -0.02757798093170172 1.0474860522152687 0 0 0 0.29 118 5 142 5 148 3 162 1 194 0 
6 -0.2977524888767818 -0.022168610078300732 0.8767931503580638 0 0 0 0.39 118 6 142 6 148 4 159 1 164 1 
7 0.005155677884927342 -0.02112044622020794 1.0373693984932688 0 0 0 0.28 118 7 126 3 136 1 142 7 148 5 159 2 162 2 172 0 185 2 194 1 217 0 
8 -0.011908166827363419 -0.02100441952796436 1.0349451276019945 0 0 0 0.24 118 8 127 0 136 2 142 8 148 6 159 3 164 2 172 1 194 2 204 0 219 0 227 0 
9 -0.09102850562783134 -0.01875137642263219 1.0243616474896544 0 0 0 0.29 118 9 142 9 148 7 159 4 164 3 185 3 194 3 196 0 224 1 
10 -0.020100637871516572 -0.018710767185992704 1.0326723349061293 0 0 0 0.39 118 10 128 1 142 10 159 5 164 4 196 1 204 1 213 2 214 0 217 1 219 1 
11 0.10565741765501405 -0.018276181281067637 1.049059393138502 0 0 0 0.27 118 11 142 11 159 6 162 3 163 0 176 0 213 3 222 0 
12 0.11463096344615428 -0.018003203167825235 1.0506590005247378 0 0 0 0.31 118 12 142 12 159 7 185 4 194 4 
13 0.11861433515409743 -0.018402628797465025 1.0520251175949444 0 0 0 0.3 118 13 126 4 142 13 148 8 159 8 172 2 185 5 194 5 222 1 
14 0.1507918301405404 -0.017844755822434114 1.0565119657714506 0 0 0 0.24 118 14 136 3 142 14 148 9 159 9 162 4 163 1 194 6 213 4 
15 0.16484312596718648 -0.0177082957799678 1.059544022036774 0 0 0 0.42 118 15 126 5 142 15 172 3 194 7 204 2 220 0 227 1 
16 0.178052240778134 -0.017584191817568925 1.06018546247228 0 0 0 0.23 118 16 142 16 159 10 163 2 164 5 176 1 185 6 
17 -0.015046675181371852 -0.016203175078538235 1.0318007210426707 0 0 0 0.19 118 17 142 17 147 0 159 11 162 5 172 4 219 2 220 1 222 2 
18 0.13561216589791392 -0.015479665480544412 1.0533818596048918 0 0 0 0.36 118 18 128 2 136 4 142 18 148 10 196 2 214 1 219 3 
19 0.17483831466394248 -0.01516445627185299 1.0584712945562593 0 0 0 0.29 118 19 126 6 136 5 142 19 148 11 159 12 162 6 176 2 194 8 196 3 221 3 
20 0.14255128942391943 -0.011373949764577337 1.0530850238414418 0 0 0 0.3 118 20 126 7 142 20 
21 0.10236687098510723 0.10467845143897826 1.0212792161164281 0 0 0 0.27 118 21 126 8 142 21 159 13 176 3 185 7 204 3 232 3 
22 0.15265006582150567 0.12204656160329577 1.0266136913762864 0 0 0 0.47 118 22 142 22 172 5 213 5 
23 -0.017835741421751667 0.12667993872888803 1.0064887403551128 0 0 0 0.36 118 23 126 9 142 23 148 12 164 6 194 9 196 4 213 6 214 2 221 4 
24 0.09319267459366135 0.1366990369867683 1.013589989185583 0 0 0 0.22 118 24 126 10 142 24 
25 0.1256240023278245 0.15431313329382715 1.0163555135976174 0 0 0 0.17 118 25 126 11 142 25 213 7 214 3 
26 0.03548432339899232 0.16097843380553414 1.0032324110581419 0 0 0 0.32 118 26 126 12 142 26 146 1 148 13 164 7 213 8 214 4 223 0 232 4 
27 -0.3017387878172543 -0.11944697797520526 0.8599627000441127 0 0 0 0.49 118 27 142 27 219 4 221 5 232 5 
28 -0.2965572346214174 -0.11908874652798346 0.8625478178453961 0 0 0 0.38 118 28 142 28 148 14 159 14 190 0 221 6 232 6 
29 -0.2992817751334173 -0.11662170859667337 0.8613843295497258 0 0 0 0.47 118 29 142 29 221 7 232 7 
30 0.1311247013268084 -0.07375918366521933 1.0655039102792503 0 0 0 0.4 118 30 126 13 127 1 142 30 148 15 164 8 213 9 232 8 
31 0.0848052196836499 -0.07025896772530449 1.0572061893441798 0 0 0 0.25 118 31 142 31 148 16 159 15 164 9 185 8 190 1 220 2 222 3 232 9 
32 0.08489229319393682 -0.07031811199882751 1.0574018544551116 0 0 0 0.32 118 32 127 2 136 6 142 32 148 17 164 10 190 2 220 3 222 4 232 10 
33 -0.037948990686109726 -0.06776774940991713 1.034065299111057 0 0 0 0.46 118 33 142 33 147 1 148 18 172 6 227 2 
34 -0.04151199028307156 -0.06349227552928112 1.0326646115108364 0 0 0 0.34 118 34 126 14 127 3 128 3 136 7 142 34 146 2 147 2 152 0 159 16 162 7 164 11 172 7 176 4 185 9 190 3 196 5 204 4 213 10 219 5 220 4 221 8 222 5 224 2 227 3 232 11 
35 -0.061390774227002634 -0.054691492901531316 1.0293215196721963 0 0 0 0.38 118 35 142 35 146 3 148 19 159 17 162 8 214 5 220 5 224 3 232 12 
36 0.02145097383369426 -0.053944380828125804 1.0463980858657276 0 0 0 0.45 118 36 142 36 147 3 148 20 164 12 190 4 196 6 221 9 
37 -0.0033488055721151576 -0.026141880712765898 1.036982186580972 0 0 0 0.34 118 37 126 15 127 4 128 4 136 8 142 37 146 4 147 4 159 18 162 9 164 13 176 5 185 10 190 5 194 10 196 7 213 11 214 6 217 2 219 6 220 6 221 10 222 6 232 13 
38 0.09248980564967786 -0.02452585047850211 1.0477833951259696 0 0 0 0.27 118 38 142 38 148 21 159 19 162 10 164 14 185 11 196 8 220 7 222 7 
39 0.03231224525453691 -0.021258687160928092 1.0402383419503713 0 0 0 0.35 118 39 126 16 127 5 136 9 142 39 147 5 148 22 159 20 162 11 164 15 172 8 176 6 194 11 196 9 213 12 217 3 219 7 221 11 227 4 
40 0.10784669246844032 -0.021434146778525776 1.052599147821922 0 0 0 0.21 118 40 126 17 142 40 146 5 148 23 185 12 232 14 
41 0.10572445923101033 -0.021225165802704424 1.050167592013641 0 0 0 0.13 118 41 142 41 148 24 
42 0.12129310902164737 -0.021181779118809557 1.0528651878713675 0 0 0 0.3 118 42 142 42 147 6 164 16 176 7 185 13 194 12 219 8 222 8 
43 0.14445288417299676 -0.020806197076907264 1.056315617030994 0 0 0 0.35 118 43 126 18 142 43 148 25 164 17 176 8 185 14 194 13 196 10 214 7 219 9 227 5 
44 0.1508941378206275 -0.020747150543485436 1.0573170470146545 0 0 0 0.28 118 44 142 44 148 26 162 12 163 3 172 9 185 15 194 14 204 5 214 8 219 10 221 12 
45 0.1615034680163695 -0.02079690871260114 1.0584915937641364 0 0 0 0.28 118 45 126 19 142 45 146 6 148 27 159 21 164 18 172 10 176 9 185 16 194 15 196 11 200 1 204 6 213 13 214 9 219 11 220 8 221 13 227 6 232 15 
46 0.1670738384664688 -0.020775060714904366 1.0595229555936347 0 0 0 0.4 118 46 126 20 142 46 146 7 148 28 159 22 162 13 163 4 172 11 185 17 190 6 196 12 213 14 217 4 220 9 221 14 222 9 232 16 
47 -0.24518198645253644 -0.018768590908865204 1.0269018391437488 0 0 0 0.45 118 47 127 6 142 47 159 23 164 19 213 15 221 15 224 4 
48 -0.11862372564771696 -0.013883968605792302 1.0254606188655033 0 0 0 0.32 118 48 126 21 142 48 146 8 159 24 164 20 172 12 176 10 194 16 213 16 227 7 232 17 
49 0.08745593422830612 0.026156513762804687 1.0396753001531298 0 0 0 0.37 118 49 136 10 142 49 
50 -0.21590068393608322 0.04416840481687955 1.0174050828831285 0 0 0 0.33 118 50 126 22 142 50 146 9 148 29 159 25 162 14 164 21 190 7 196 13 213 17 221 16 224 5 227 8 
51 0.15503203106859187 0.10462845360161853 1.028678697706011 0 0 0 0.22 118 51 142 51 146 10 148 30 159 26 176 11 194 17 214 10 222 10 223 1 232 18 
52 -0.10330505305365341 0.12731924555252494 0.9987255065741877 0 0 0 0.19 118 52 126 23 142 52 
53 -0.07054791664324525 0.12904917990318723 0.9985912615939848 0 0 0 0.61 118 53 142 53 221 17 
54 -0.023605359059020795 0.1348389575268172 1.001247739425332 0 0 0 0.29 118 54 142 54 190 8 204 7 
55 -0.2991146881954304 -0.11260575134211376 0.8597423878077535 0 0 0 0.11 118 55 142 55 232 19 
56 -0.33763443738526017 -0.06429705351567697 1.039392800144935 0 0 0 0.22 118 56 126 24 142 56 148 31 232 20 
57 -0.001400029840067942 -0.06046086565464986 1.042167616866421 0 0 0 0.26 118 57 142 57 148 32 220 10 
58 -0.09278372071521396 -0.04715411224354488 1.0309576350676308 0 0 0 0.22 118 58 142 58 196 14 221 18 
59 0.05302009747675035 -0.0471823879802459 1.0475799277368236 0 0 0 0.55 118 59 126 25 142 59 147 7 148 33 159 27 164 22 172 13 204 8 220 11 221 19 222 11 
60 -0.07505849032019828 -0.031080326422248096 1.0292235227668616 0 0 0 0.33 118 60 126 26 128 5 136 11 142 60 146 11 147 8 148 34 152 1 159 28 162 15 164 23 172 14 176 12 185 18 196 15 198 0 200 2 213 18 214 11 224 6 232 21 
61 -0.0856170887148786 -0.022255527271546935 1.0262240206964726 0 0 0 0.31 118 61 126 27 127 7 136 12 142 61 148 35 159 29 162 16 164 24 185 19 194 18 196 16 200 3 213 19 214 12 222 12 
62 -0.32732686766478303 -0.01744626624434936 1.027822717457732 0 0 0 0.37 118 62 142 62 148 36 196 17 221 20 232 22 
63 -0.3269006006435856 -0.017470683602701303 1.0277710220854084 0 0 0 0.29 118 63 126 28 142 63 159 30 164 25 196 18 224 7 
64 0.13099243554162132 0.03296328122424555 1.0457166609555888 0 0 0 0.25 118 64 126 29 136 13 142 64 147 9 148 37 159 31 185 20 194 19 196 19 213 20 217 5 220 12 
65 0.15476676670706602 0.08841779899966772 1.0325625430346197 0 0 0 0.37 118 65 127 8 136 14 142 65 147 10 148 38 164 26 181 0 190 9 196 20 213 21 214 13 217 6 220 13 222 13 232 23 
66 -0.029945480184684146 -0.09789814345150523 1.0491297301601292 0 0 0 0.29 118 66 142 66 164 27 185 21 190 10 199 0 232 24 
67 0.12565916964443125 -0.06710976172578495 1.0645838433376924 0 0 0 0.51 118 67 126 30 142 67 148 39 164 28 221 21 
68 -0.06105429406011299 -0.03409269041916582 1.0313619356693955 0 0 0 0.47 118 68 126 31 127 9 136 15 142 68 146 12 148 40 185 22 190 11 196 21 198 1 200 4 213 22 221 22 224 8 
69 -0.04897424203883203 -0.028947705597873612 1.0313652079816604 0 0 0 0.57 118 69 136 16 142 69 147 11 148 41 152 2 159 32 164 29 196 22 198 2 200 5 220 14 222 14 224 9 
70 -0.30063108576665537 0.05477919272817271 1.0120670373911227 0 0 0 0.36 118 70 127 10 142 70 146 13 148 42 196 23 232 25 
71 0.13624907407009595 0.10493223123494118 1.0284672057297342 0 0 0 0.59 118 71 136 17 142 71 147 12 163 5 185 23 198 3 199 1 222 15 
72 -0.15845761054264593 0.1362576939271914 0.9936187589888686 0 0 0 0.32 118 72 126 32 142 72 146 14 148 43 164 30 196 24 204 9 213 23 214 14 219 12 221 23 232 26 
73 0.03872906968053884 0.1426591498088467 1.0079522522578586 0 0 0 0.45 118 73 142 73 164 31 196 25 198 4 
74 -0.2992326179054709 -0.12175468164859342 0.861728333552345 0 0 0 0.21 118 74 142 74 148 44 198 5 199 2 219 13 232 27 
75 -0.2993044693640097 -0.1216590339665521 0.8617853306103748 0 0 0 0.33 118 75 142 75 148 45 198 6 199 3 219 14 221 24 232 28 
76 0.10604559273938932 -0.03695411731715581 1.0525323972516576 0 0 0 0.48 118 76 126 33 127 11 142 76 147 13 148 46 159 33 181 1 185 24 190 12 196 26 198 7 199 4 204 10 213 24 217 7 219 15 220 15 232 29 
77 -0.2974808097341005 0.009817088110798518 1.0198474572202603 0 0 0 0.39 118 77 126 34 142 77 148 47 159 34 162 17 164 32 172 15 176 13 190 13 196 27 198 8 199 5 213 25 221 25 232 30 
78 0.013646666488820963 0.14110691341948448 1.0065083729185713 0 0 0 0.39 118 78 126 35 142 78 147 14 190 14 221 26 232 31 
79 -0.23108829216839938 0.14219265061050448 0.9923345695504147 0 0 0 0.3 118 79 142 79 164 33 214 15 232 32 
80 -0.3108029010656343 0.14670905635893275 0.9946587590144196 0 0 0 0.24 118 80 142 80 148 48 159 35 164 34 224 10 
81 -0.08877621594543472 -0.10163584998035378 1.0454620194608517 0 0 0 0.67 118 81 142 81 148 49 221 27 
82 -0.08844633364244317 -0.10193943840075889 1.0449386743841989 0 0 0 0.25 118 82 142 82 148 50 
83 -0.06885469503461218 -0.016780904181891383 1.0252940909951005 0 0 0 0.29 118 83 126 36 136 18 142 83 146 15 172 16 176 14 185 25 190 15 204 11 214 16 219 16 221 28 232 33 
84 0.12373795646054764 -0.04376238881274339 1.0587825769851775 0 0 0 0.35 118 84 126 37 142 84 148 51 159 36 190 16 196 28 213 26 232 34 
85 0.06380891908328691 -0.014715533657961796 1.0416523732668306 0 0 0 0.34 118 85 126 38 142 85 146 16 
86 0.1363801391586261 -0.04581556736299634 1.0587672128132815 0 0 0 0.44 118 86 128 6 142 86 147 15 159 37 232 35 
87 0.13642726549425613 -0.045694858491592175 1.0589415629637746 0 0 0 0.67 118 87 128 7 136 19 142 87 147 16 148 52 213 27 220 16 232 36 
88 0.12087320680102745 -0.028976510775174668 1.056828636466409 0 0 0 0.52 118 88 126 39 128 8 142 88 147 17 176 15 185 26 196 29 204 12 219 17 221 29 222 16 232 37 
89 0.12356354218403837 0.04847722463928698 1.0403187686316258 0 0 0 0.29 118 89 128 9 142 89 147 18 164 35 190 17 196 30 198 9 
90 -0.025061320430053338 0.11621517393754954 1.0056500815070348 0 0 0 0.24 118 90 126 40 142 90 146 17 148 53 172 17 190 18 194 20 196 31 198 10 204 13 227 9 232 38 
91 0.0031122964840465273 0.11757984484808229 1.008946064152179 0 0 0 0.37 118 91 126 41 142 91 148 54 172 18 190 19 196 32 198 11 213 28 223 2 227 10 232 39 
92 -0.2873877937188828 0.12056713054133252 0.9980219357222667 0 0 0 0.55 118 92 128 10 142 92 148 55 159 38 176 16 196 33 198 12 199 6 221 30 224 11 232 40 
93 0.15308194170434372 -0.013601414836045739 1.0511061758024012 0 0 0 0.74 118 93 142 93 147 19 148 56 199 7 213 29 217 8 220 17 221 31 232 41 
94 -0.0705179486166626 -0.005199587425537611 1.0251869643575287 0 0 0 0.36 118 94 127 12 136 20 142 94 164 36 198 13 199 8 221 32 232 42 
95 -0.042008593058668185 -0.004264200056489591 1.028032714366219 0 0 0 0.47 118 95 126 42 142 95 164 37 198 14 199 9 204 14 221 33 232 43 
96 0.13732317142145897 -0.0017391358862146778 1.0523837542517547 0 0 0 0.62 118 96 126 43 136 21 142 96 162 18 194 21 196 34 213 30 217 9 220 18 221 34 227 11 232 44 
97 0.1373872065091861 -0.0018399361114265428 1.0519465617428294 0 0 0 0.57 118 97 126 44 136 22 142 97 162 19 172 19 194 22 200 6 217 10 219 18 220 19 221 35 227 12 232 45 
98 0.1389774685594449 0.07536158661807855 1.037037532576498 0 0 0 0.71 118 98 142 98 148 57 217 11 
99 0.07614686203872928 -0.0037366355319293416 1.040133749659599 0 0 0 0.64 118 99 127 13 136 23 142 99 198 15 
100 -0.289397295125722 0.0362674810830914 1.0168242846296947 0 0 0 0.37 118 100 128 11 142 100 221 36 224 12 232 46 
101 -0.05291602462239575 0.1292697745585729 0.997753636944432 0 0 0 0.2 118 101 142 101 164 38 198 16 213 31 232 47 
102 -0.2876445588575179 -0.11565955032418065 0.7648833595129015 0 0 0 0.35 126 45 142 102 224 13 
103 0.04469174656564091 -0.07088423964493273 1.0528687661615916 0 0 0 0.47 126 46 142 103 159 39 
104 -0.03010509287773402 -0.06705541939383046 1.0339094858717564 0 0 0 0.19 126 47 142 104 152 3 220 20 
105 0.0356536440880956 -0.05730482174180579 1.0462112734315498 0 0 0 0.29 126 48 136 24 142 105 148 58 159 40 185 27 196 35 200 7 
106 0.006251825471941626 -0.05153578227351028 1.0425274764952333 0 0 0 0.3 126 49 127 14 136 25 142 106 148 59 159 41 164 39 185 28 196 36 200 8 220 21 221 37 
107 -0.19401896792053763 -0.05260566519223977 1.036198909913783 0 0 0 0.13 126 50 127 15 142 107 148 60 
108 -0.0040052236108740966 -0.048411958410293526 1.0420753721669527 0 0 0 0.44 126 51 142 108 159 42 224 14 
109 -0.3487919290480575 -0.04643225058046878 1.0316932169284816 0 0 0 0.23 126 52 142 109 148 61 159 43 196 37 224 15 
110 -0.014622164236571778 -0.03854346931289433 1.0383076664653867 0 0 0 0.28 126 53 136 26 142 110 147 20 148 62 152 4 159 44 162 20 164 40 176 17 185 29 196 38 213 32 222 17 224 16 232 48 
111 -0.12085979159623163 -0.03704881035072987 1.0297661011719412 0 0 0 0.13 126 54 142 111 159 45 185 30 
112 -0.11646122613801053 -0.03660939750705763 1.032544854361871 0 0 0 0.22 126 55 142 112 148 63 
113 0.10022215137436835 -0.03570897038467617 1.049958922976351 0 0 0 0.28 126 56 142 113 148 64 
114 0.17916787108904145 -0.03522132989582494 1.0655678518413774 0 0 0 0.67 126 57 142 114 159 46 196 39 
115 -0.04813426199591548 -0.033516901783702036 1.032605042989858 0 0 0 0.14 126 58 128 12 142 115 159 47 
116 0.10407387335326684 -0.032755654166441536 1.0454100546248175 0 0 0 0.12 126 59 142 116 148 65 
117 0.16851642593752336 -0.03223221648297735 1.0555612000737755 0 0 0 0.22 126 60 142 117 220 22 222 18 
118 0.1791400522036679 -0.03206288456535434 1.0581248477174512 0 0 0 0.4 126 61 142 118 196 40 
119 0.07595621349745238 -0.030414935915403285 1.0477109525932513 0 0 0 0.04 126 62 142 119 159 48 
120 -0.09688220451364564 -0.027365531689091113 1.0270353050101808 0 0 0 0.22 126 63 142 120 200 9 
121 -0.2385458029986297 -0.022267320468530527 1.0269612688888083 0 0 0 0.22 126 64 142 121 172 20 
122 0.16900173875848798 -0.02401395888497383 1.060102307596831 0 0 0 0.39 126 65 142 122 146 18 172 21 204 15 213 33 220 23 
123 -0.029862566218512316 -0.021347101375162807 1.0315047719006305 0 0 0 0.37 126 66 127 16 136 27 142 123 172 22 219 19 222 19 
124 0.011127097565522173 -0.020946385377953854 1.0366835503477114 0 0 0 0.37 126 67 136 28 142 124 148 66 159 49 172 23 222 20 
125 0.014310030446055355 -0.0210353384026965 1.0382538246969248 0 0 0 0.34 126 68 127 17 136 29 142 125 162 21 172 24 194 23 
126 0.019193690336592416 -0.02085906004575413 1.0386497608135508 0 0 0 0.25 126 69 136 30 142 126 162 22 172 25 204 16 227 13 
127 -0.2695717223871549 -0.018415001089790717 1.0277030549703292 0 0 0 0.27 126 70 142 127 148 67 
128 0.011354198348851052 -0.018433989323747978 1.0389011704086057 0 0 0 0.74 126 71 136 31 142 128 148 68 159 50 227 14 
129 0.022246728799944316 -0.01830190402827779 1.0371767764208986 0 0 0 0.14 126 72 142 129 159 51 
130 0.06658112156349422 -0.01856319698705959 1.0435484514031346 0 0 0 0.2 126 73 128 13 142 130 148 69 159 52 163 6 176 18 196 41 204 17 
131 0.12337958595196089 -0.018126470642421115 1.05162917954817 0 0 0 0.59 126 74 136 32 142 131 163 7 185 31 220 24 222 21 
132 0.13199603743865077 -0.01783091167759281 1.0526354023828421 0 0 0 0.17 126 75 128 14 142 132 148 70 159 53 
133 0.15660080602764626 -0.01755377094012341 1.0564530101243002 0 0 0 0.27 126 76 142 133 148 71 159 54 164 41 185 32 196 42 213 34 220 25 
134 0.16947803267180317 -0.01751854234797861 1.0584594396005387 0 0 0 0.33 126 77 136 33 142 134 146 19 148 72 163 8 164 42 172 26 176 19 194 24 196 43 213 35 220 26 
135 0.14309420630911007 -0.015483001686810882 1.0539500320229518 0 0 0 0.31 126 78 136 34 142 135 194 25 196 44 
136 0.13625145638642713 -0.011708652479644645 1.0534183620368602 0 0 0 0.31 126 79 142 136 148 73 159 55 185 33 194 26 196 45 213 36 232 49 
137 0.16183367339374682 -0.011283426265956138 1.0564990075648726 0 0 0 0.29 126 80 142 137 163 9 164 43 196 46 
138 -0.37628905371706134 0.0017447518011676536 1.0272302469214911 0 0 0 0.23 126 81 142 138 148 74 196 47 224 17 
139 -0.29755065801795566 0.008436753919264583 0.8858108628424862 0 0 0 0.11 126 82 142 139 196 48 
140 -0.11538955902869903 0.018576670167672886 1.0217939225238428 0 0 0 0.14 126 83 142 140 196 49 224 18 
141 -0.29781352452474946 0.020664483759649327 0.871739963912046 0 0 0 0.22 126 84 142 141 159 56 164 44 224 19 
142 -0.29916205128351514 0.028069291515638906 0.8831849665027949 0 0 0 0.51 126 85 142 142 148 75 164 45 
143 -0.2995142443675334 0.0350711198106706 0.8859317759234699 0 0 0 0.34 126 86 142 143 148 76 164 46 196 50 224 20 
144 0.1756521727110358 0.028806458022493233 1.0526343463202308 0 0 0 0.29 126 87 142 144 148 77 196 51 
145 0.142372036070519 0.030302156897269162 1.0469537772070343 0 0 0 0.16 126 88 142 145 159 57 220 27 
146 -0.07644382439969985 0.04136618034773739 1.0169101813098365 0 0 0 0.25 126 89 142 146 159 58 214 17 
147 0.09993798967081508 0.03936565634813794 1.038333224114084 0 0 0 0.19 126 90 142 147 163 10 164 47 196 52 213 37 
148 0.06210064392493787 0.04398886853418544 1.0298973927909068 0 0 0 0.17 126 91 142 148 148 78 
149 -0.2970883868388332 0.08129426348318082 0.8718778846873432 0 0 0 0.46 126 92 142 149 148 79 159 59 164 48 196 53 224 21 
150 0.13819464983785545 0.07834690009757296 1.0400710859940945 0 0 0 0.22 126 93 142 150 194 27 196 54 
151 -0.0255319101975004 0.08831429827538345 1.0083993810840828 0 0 0 0.16 126 94 142 151 220 28 
152 -0.30044624790100655 0.09583797329628314 0.894309026325504 0 0 0 0.11 126 95 142 152 159 60 196 55 
153 0.03471880480663373 0.09024190752421872 1.0153645267804998 0 0 0 0.38 126 96 142 153 148 80 196 56 
154 -0.020866317273598476 0.09315655122207625 1.0104808567320254 0 0 0 0.2 126 97 142 154 220 29 
155 -0.18521817616260097 0.1000797173515128 1.001728523636252 0 0 0 0.31 126 98 142 155 148 81 
156 -0.3008874543424912 0.10079320517691137 0.8937418005139618 0 0 0 0.15 126 99 142 156 159 61 196 57 
157 0.039369061718517624 0.09817013306881274 1.0144361363560919 0 0 0 0.3 126 100 127 18 142 157 148 82 
158 0.06507876409141738 0.0963743534499788 1.0174933777717952 0 0 0 0.25 126 101 142 158 148 83 159 62 220 30 
159 -0.11210832088187835 0.10502738641259049 1.0026061329792675 0 0 0 0.36 126 102 142 159 148 84 164 49 196 58 200 10 
160 -0.29979803524081083 0.10681731705264068 0.8918598712069071 0 0 0 0.32 126 103 142 160 148 85 159 63 
161 0.0693562178979248 0.09843338175790065 1.0194560413272808 0 0 0 0.19 126 104 142 161 148 86 
162 0.10224360094826106 0.10483779952907264 1.0219272283789846 0 0 0 0.33 126 105 142 162 148 87 159 64 190 20 194 28 204 18 222 22 223 3 
163 -0.01969712755581038 0.11167462233884087 1.0070040836288296 0 0 0 0.34 126 106 142 163 148 88 194 29 
164 0.13172932965361023 0.10546224720994359 1.027022041636934 0 0 0 0.26 126 107 142 164 148 89 
165 0.09712819041256866 0.10673279349217495 1.0200550771895847 0 0 0 0.18 126 108 142 165 172 27 190 21 222 23 
166 -0.023262859565038176 0.11296793566162172 1.0050198186452435 0 0 0 0.16 126 109 142 166 222 24 
167 -0.01920402899928517 0.11740944803453582 1.004681904508967 0 0 0 0.23 126 110 142 167 196 59 
168 -0.017372894077243555 0.13268493204594048 1.0086586219897058 0 0 0 0.42 126 111 142 168 148 90 
169 -0.018000840813603067 0.1342166807930677 1.0050324703191198 0 0 0 0.18 126 112 142 169 148 91 162 23 194 30 196 60 220 31 
170 0.024355427809202225 0.1369895140973575 1.0063428458182255 0 0 0 0.3 126 113 142 170 148 92 194 31 196 61 
171 0.10033791085159255 0.14090257764700995 1.0151181182233273 0 0 0 0.29 126 114 142 171 194 32 196 62 
172 0.011401277295420308 0.14896285643291893 0.9998931123152379 0 0 0 0.39 126 115 142 172 148 93 164 50 196 63 214 18 223 4 
173 0.06554544017919144 0.14914677677112417 1.008208695646137 0 0 0 0.39 126 116 142 173 223 5 
174 0.03247967737629232 0.1515934103832296 1.0018511568031334 0 0 0 0.69 126 117 142 174 221 38 222 25 223 6 
175 -0.29618841332146517 -0.09923062880484171 0.8571588941599658 0 0 0 0.31 126 118 142 175 224 22 
176 0.0804782391610395 -0.06707025633359415 1.0580250801533104 0 0 0 0.93 126 119 142 176 148 94 159 65 190 22 199 10 
177 0.03600761872245743 -0.06595053203965755 1.0457618313294632 0 0 0 0.24 126 120 142 177 148 95 
178 0.12091272329922685 -0.06486414230267441 1.0625732835003086 0 0 0 0.2 126 121 127 19 142 178 148 96 220 32 232 50 
179 0.04185766461802224 -0.06386826876755014 1.0455004408698332 0 0 0 0.13 126 122 136 35 142 179 
180 0.0051440497673397 -0.06034309023460103 1.0440451849249166 0 0 0 0.31 126 123 142 180 159 66 214 19 219 20 220 33 227 15 
181 -0.13860005797919378 -0.05384986671859431 1.0338040235487473 0 0 0 0.11 126 124 142 181 148 97 224 23 
182 0.04056877475079626 -0.042456796368494 1.046685432692017 0 0 0 0.39 126 125 127 20 136 36 142 182 159 67 185 34 
183 -0.2929618330290888 -0.03181729728297561 0.8459174006860007 0 0 0 0.52 126 126 142 183 159 68 
184 -0.1022133816361155 -0.03358152414319719 1.0195975784323807 0 0 0 0.13 126 127 142 184 148 98 
185 0.11517213513699454 -0.03225459717207519 1.0503416208617722 0 0 0 0.09 126 128 142 185 222 26 
186 -0.3502242914763966 -0.020516849218440183 1.0283010637716548 0 0 0 0.31 126 129 142 186 159 69 196 64 224 24 
187 0.027586903507202255 -0.02121868490898602 1.03934140218978 0 0 0 0.27 126 130 136 37 142 187 148 99 159 70 172 28 219 21 
188 -0.26365276997564013 -0.018749144112291956 1.0285482159531554 0 0 0 0.36 126 131 142 188 164 51 200 11 224 25 
189 0.1560876751149235 -0.021001650687385076 1.0560405894766984 0 0 0 0.09 126 132 142 189 148 100 
190 0.1103286170333365 -0.018338277952644397 1.0507202189368074 0 0 0 0.69 126 133 142 190 148 101 159 71 162 24 196 65 204 19 222 27 
191 0.15823578533231716 -0.018539220764501124 1.0585234930404743 0 0 0 0.46 126 134 136 38 142 191 147 21 172 29 
192 0.08888076004295516 -0.013455256391557483 1.043091466772962 0 0 0 0.4 126 135 142 192 148 102 159 72 185 35 221 39 
193 -0.12669971085245182 -0.010528292360385069 1.0235541293120496 0 0 0 0.14 126 136 142 193 148 103 
194 -0.08018183678496968 -0.010563669203592013 1.0236668501692647 0 0 0 0.22 126 137 142 194 164 52 196 66 
195 -0.34395288498747506 0.004142355772084634 1.0199568515618427 0 0 0 0.51 126 138 142 195 148 104 159 73 164 53 196 67 
196 -0.3011855164503315 0.004083286580751121 1.0214698552345367 0 0 0 0.36 126 139 128 15 142 196 148 105 159 74 162 25 164 54 196 68 224 26 232 51 
197 -0.34511455534834906 0.00770278300304253 1.0209729525575306 0 0 0 0.31 126 140 142 197 148 106 159 75 
198 -0.28514310549959887 0.009290209370532604 0.7870410945562536 0 0 0 0.53 126 141 142 198 224 27 
199 0.12986169834425781 0.004091502026508726 1.053097573091799 0 0 0 0.23 126 142 142 199 162 26 196 69 220 34 
200 -0.2987737126831893 0.021195175906236707 0.8826804767797004 0 0 0 0.17 126 143 142 200 159 76 164 55 196 70 
201 -0.2987737126831893 0.021195175906236707 0.8826804767797004 0 0 0 0.17 126 144 142 201 159 77 164 56 196 71 
202 0.13035018107037527 0.0166559569108812 1.0503360327055544 0 0 0 0.24 126 145 136 39 142 202 159 78 163 11 185 36 
203 -0.29811917931228304 0.026585102228024113 0.8769755207001965 0 0 0 0.1 126 146 142 203 148 107 159 79 164 57 196 72 
204 -0.3001979372769587 0.028819161006754725 0.8960462394039483 0 0 0 0.27 126 147 142 204 164 58 196 73 224 28 
205 -0.020323551199447332 0.02661453306411938 1.0287647733531826 0 0 0 0.12 126 148 142 205 232 52 
206 -0.3010211851667478 0.03112751350574629 0.9067277096036195 0 0 0 0.27 126 149 142 206 159 80 164 59 196 74 
207 -0.3006088978771098 0.03183394814078255 0.9010946697175362 0 0 0 0.09 126 150 142 207 164 60 
208 -0.3006088978771098 0.03183394814078255 0.9010946697175362 0 0 0 0.09 126 151 142 208 164 61 
209 -0.09827742624658686 0.02932866569158498 1.0172889319558642 0 0 0 0.18 126 152 127 21 142 209 220 35 
210 -0.2958279407039094 0.03680695279538568 0.8593787817833837 0 0 0 0.12 126 153 142 210 159 81 
211 -0.1339267336200006 0.04005642563550452 1.015440389563115 0 0 0 0.17 126 154 142 211 159 82 196 75 
212 0.18977295223123053 0.03374601707483571 1.0555099689070992 0 0 0 0.15 126 155 142 212 159 83 163 12 185 37 
213 -0.1281708804900625 0.043016532893973614 1.015148256483132 0 0 0 0.32 126 156 142 213 196 76 198 17 199 11 214 20 
214 -0.04008103888113982 0.04175457502141509 1.0217179942170016 0 0 0 0.11 126 157 142 214 194 33 
215 -0.03383102497973055 0.041579213446782885 1.0209400989517117 0 0 0 0.13 126 158 142 215 148 108 
216 -0.005594806506691912 0.04155758660370483 1.0239254655359775 0 0 0 0.23 126 159 127 22 142 216 
217 0.17137063738179262 0.038744394137385285 1.0499765768932727 0 0 0 0.3 126 160 136 40 142 217 148 109 159 84 176 20 220 36 
218 0.05845467146458997 0.04425448420485924 1.0307982177617052 0 0 0 0.19 126 161 127 23 142 218 148 110 196 77 220 37 
219 0.14608234320716673 0.042917158103320044 1.04486144378083 0 0 0 0.35 126 162 142 219 148 111 194 34 196 78 
220 -0.3465017482008744 0.05604612898248261 1.0105138482525278 0 0 0 0.58 126 163 142 220 148 112 164 62 224 29 
221 -0.2966702305235097 0.05173185585576359 0.8756363517832391 0 0 0 0.16 126 164 142 221 159 85 
222 0.13842089835950266 0.05853731729360708 1.0427693427528686 0 0 0 0.26 126 165 142 222 148 113 162 27 185 38 194 35 196 79 220 38 
223 -0.29787189552891064 0.08631382061112854 0.8706172902180562 0 0 0 0.27 126 166 142 223 148 114 159 86 164 63 
224 -0.29941466082901946 0.09373552297231555 0.8835454809697074 0 0 0 0.16 126 167 142 224 159 87 196 80 
225 -0.07763752751088814 0.09405296026667018 1.0015707790588413 0 0 0 0.24 126 168 136 41 142 225 148 115 159 88 176 21 185 39 190 23 220 39 
226 0.12879516900967639 0.08787190794865211 1.0300828708621828 0 0 0 0.2 126 169 136 42 142 226 148 116 159 89 196 81 
227 0.046746229452392624 0.09513305469817276 1.0201612848747081 0 0 0 0.31 126 170 127 24 142 227 148 117 181 2 190 24 194 36 196 82 220 40 223 7 
228 -0.21012233818606368 0.12772658342390544 0.9986311780155369 0 0 0 0.29 126 171 142 228 148 118 196 83 214 21 224 30 232 53 
229 -0.21531703278119915 0.13540934948742375 0.9974488154322317 0 0 0 0.31 126 172 142 229 196 84 
230 -0.2978472765346727 0.12818473245462847 0.8633791807330942 0 0 0 0.32 126 173 142 230 148 119 164 64 196 85 
231 -0.18106700080657048 0.13806952028031771 0.9930098983920712 0 0 0 0.47 126 174 128 16 142 231 164 65 221 40 
232 -0.0784933845566601 0.13510370483431758 0.9920064605883302 0 0 0 0.28 126 175 142 232 148 120 194 37 196 86 214 22 
233 0.005314029812422046 0.1305862040189018 1.0041546499616387 0 0 0 0.66 126 176 142 233 221 41 222 28 
234 -0.003289748108204968 0.13887120487292215 1.0013859728488388 0 0 0 0.5 126 177 142 234 148 121 
235 -0.07885631444595553 0.14714907243909103 0.9901805060957208 0 0 0 0.46 126 178 142 235 164 66 181 3 196 87 214 23 
236 0.15053138359970136 0.14131279743959077 1.0219441785041503 0 0 0 0.26 126 179 142 236 148 122 194 38 217 12 220 41 232 54 
237 0.0027444420263089127 0.1523182223710397 0.9995178009829023 0 0 0 0.52 126 180 142 237 194 39 196 88 213 38 214 24 217 13 220 42 
238 -0.08880896175777837 -0.09779307509380869 1.045180664567057 0 0 0 0.21 126 181 142 238 148 123 164 67 185 40 199 12 224 31 
239 -0.0900870166028528 -0.08967454769675258 1.0445981217385951 0 0 0 0.6 126 182 142 239 148 124 162 28 199 13 220 43 221 42 
240 0.1291527868518363 -0.06272973612496935 1.0646035040241173 0 0 0 0.43 126 183 127 25 136 43 142 240 148 125 159 90 162 29 164 68 185 41 220 44 
241 0.006727082759751071 -0.055483207173824045 1.0440378219557584 0 0 0 0.4 126 184 136 44 142 241 148 126 159 91 164 69 196 89 
242 -0.010896576200741647 -0.054963421323915074 1.0405813935987989 0 0 0 0.21 126 185 142 242 146 20 148 127 159 92 164 70 185 42 196 90 222 29 224 32 
243 -0.2916035341678075 -0.04748338465438266 1.0341121067702324 0 0 0 0.29 126 186 142 243 148 128 196 91 200 12 224 33 
244 -0.0854594349945034 -0.0445725225264119 1.0275913214616694 0 0 0 0.31 126 187 142 244 196 92 224 34 
245 -0.08926916144390175 -0.04476267420374726 1.0331768833269173 0 0 0 0.63 126 188 142 245 159 93 185 43 194 40 196 93 200 13 224 35 
246 -0.33045772650602157 -0.013833584073729352 1.027308331819797 0 0 0 0.38 126 189 142 246 148 129 159 94 
247 -0.34568384596523216 -0.012374398080596117 1.026992144417491 0 0 0 0.37 126 190 142 247 148 130 159 95 196 94 
248 -0.29855438702045195 -0.006156841569695031 0.8821268071648962 0 0 0 0.23 126 191 142 248 148 131 224 36 
249 0.09662181679535144 -0.009580379504461205 1.0458173417894303 0 0 0 0.3 126 192 136 45 142 249 148 132 162 30 163 13 190 25 217 14 220 45 222 30 227 16 
250 -0.2579348117480558 -0.0033434370349783413 1.0229229378647562 0 0 0 0.22 126 193 142 250 159 96 185 44 
251 -0.3736334776775793 0.005174914414013423 1.0295928312456626 0 0 0 0.52 126 194 142 251 159 97 
252 0.12354302703772009 0.0035930538650714877 1.046696488085422 0 0 0 0.33 126 195 142 252 194 41 
253 0.13016877074610345 0.009902578977807922 1.0492634409264532 0 0 0 0.51 126 196 142 253 172 30 185 45 199 14 213 39 217 15 221 43 232 55 
254 -0.12855228929682394 0.032155818474116145 1.0174276957379913 0 0 0 0.23 126 197 142 254 196 95 220 46 224 37 
255 0.14517338830079046 0.033148791573462726 1.0470174792802156 0 0 0 0.27 126 198 142 255 148 133 152 5 159 98 185 46 194 42 196 96 220 47 232 56 
256 -0.09361670818839057 0.04162204150330276 1.0154741633633362 0 0 0 0.23 126 199 142 256 159 99 
257 0.11917041356262509 0.039415910286801414 1.041564501251857 0 0 0 0.37 126 200 142 257 164 71 222 31 
258 0.13180249839449784 0.05790556891188775 1.039126893253152 0 0 0 0.22 126 201 142 258 220 48 
259 0.13082424954304955 0.07418260078312847 1.038847698433664 0 0 0 0.15 126 202 142 259 148 134 
260 -0.11317610461249773 0.08728104064718749 1.0023035038359762 0 0 0 0.66 126 203 136 46 142 260 185 47 214 25 
261 -0.053680610431680736 0.0868548118516616 1.0051677720741563 0 0 0 0.57 126 204 142 261 196 97 198 18 
262 -0.021695676596913252 0.08766144222944226 1.011859902808651 0 0 0 0.17 126 205 142 262 199 15 
263 -0.11408282745706215 0.09551798277635416 1.0026036120566022 0 0 0 0.08 126 206 142 263 196 98 198 19 
264 0.12484918800047656 0.08681673001837212 1.0285142500768383 0 0 0 0.42 126 207 142 264 147 22 148 135 159 100 164 72 190 26 196 99 213 40 217 16 232 57 
265 -0.36717547269898676 0.11216087809339521 1.0042499134168437 0 0 0 0.48 126 208 142 265 159 101 
266 0.13919599469693023 0.10950302808270959 1.0311825272695427 0 0 0 0.13 126 209 142 266 148 136 
267 -0.1835228512203205 0.12487094924336736 1.003265024471426 0 0 0 0.21 126 210 142 267 148 137 
268 -0.16938233266765126 0.12761154000003022 0.9987917367571914 0 0 0 0.43 126 211 142 268 148 138 
269 -0.061539049557871116 0.12134612955851638 0.9982666274170836 0 0 0 0.2 126 212 142 269 172 31 
270 -0.15885970941585714 0.14188849092662853 0.9924044837402225 0 0 0 0.61 126 213 142 270 148 139 181 4 196 100 199 16 214 26 219 22 221 44 224 38 
271 -0.09448030386442176 0.14006993030146975 0.9958210490183833 0 0 0 0.42 126 214 136 47 142 271 148 140 190 27 198 20 232 58 
272 -0.0929087804999719 0.13945183006718753 0.9928556698276861 0 0 0 0.39 126 215 136 48 142 272 148 141 194 43 198 21 
273 -0.06275962374624015 0.13888350358087548 0.9968828363030435 0 0 0 0.07 126 216 142 273 194 44 
274 -0.016522615200797872 0.14043393100100449 1.0030051124325285 0 0 0 0.48 126 217 142 274 148 142 194 45 220 49 
275 0.11789359393543666 0.1394152622546372 1.0167356160793186 0 0 0 0.47 126 218 142 275 198 22 217 17 223 8 
276 0.0099571465951231 0.14476774722328348 1.0024361157921031 0 0 0 0.53 126 219 142 276 148 143 196 101 223 9 
277 0.14728995999486516 0.14884558570771972 1.02150207404062 0 0 0 0.54 126 220 142 277 220 50 
278 -0.29854703529735915 -0.06421360733007594 0.882274502643455 0 0 0 0.31 126 221 142 278 164 73 181 5 198 23 199 17 
279 0.15544782566730736 -0.06805729202520465 1.073297406843851 0 0 0 0.36 126 222 142 279 148 144 
280 0.18539008865064172 -0.0533720926433672 1.072156573779118 0 0 0 0.15 126 223 142 280 159 102 185 48 
281 -0.037901646258978905 -0.0518119970366999 1.036435710315213 0 0 0 0.51 126 224 142 281 152 6 159 103 185 49 190 28 219 23 221 45 227 17 
282 -0.00900162062942596 -0.049921753401173156 1.04119035841225 0 0 0 0.26 126 225 136 49 142 282 159 104 162 31 164 74 172 32 196 102 200 14 220 51 224 39 
283 -0.008574575312874304 -0.049929227137179545 1.0402966097936084 0 0 0 0.25 126 226 128 17 142 283 148 145 159 105 185 50 196 103 217 18 222 32 224 40 
284 -0.29628615626772764 -0.03365570911404514 0.8552823996107393 0 0 0 0.47 126 227 142 284 159 106 199 18 224 41 
285 -0.09809191885502291 -0.03849773960130969 1.029718186397399 0 0 0 0.17 126 228 142 285 220 52 
286 -0.10796514850736823 -0.037794748711656084 1.028813134886096 0 0 0 0.25 126 229 142 286 159 107 181 6 
287 0.11533415127592418 -0.037005356759801926 1.0600686799796755 0 0 0 0.8 126 230 142 287 221 46 
288 -0.26606272889690874 -0.03512571576487076 1.0275597431880141 0 0 0 0.33 126 231 142 288 159 108 224 42 
289 -0.00019949167579054027 -0.01695534593747271 1.0320862683684329 0 0 0 0.32 126 232 142 289 159 109 
290 -0.014839108305087929 -0.014729998214425825 1.032459153940611 0 0 0 0.27 126 233 136 50 142 290 159 110 172 33 194 46 199 19 204 20 219 24 220 53 
291 -0.28701668948897324 0.008088298712529432 0.7833876055096688 0 0 0 0.42 126 234 142 291 181 7 224 43 
292 -0.32331277019846705 0.010345520525072068 1.0251327271744484 0 0 0 0.19 126 235 142 292 148 146 199 20 224 44 
293 -0.29375140631170193 0.01607712802588209 0.8544995100988364 0 0 0 0.64 126 236 142 293 159 111 
294 -0.1742486628908919 0.03516993491460712 1.0185711229323882 0 0 0 0.34 126 237 127 26 142 294 148 147 159 112 164 75 198 24 
295 -0.01799122095911207 0.0425386553045981 1.0232461345523123 0 0 0 0.21 126 238 142 295 198 25 
296 -0.33261305537118574 0.06423596542841252 1.0069172288392985 0 0 0 0.3 126 239 142 296 148 148 164 76 196 104 198 26 224 45 
297 0.12744368699165592 0.0637038284742127 1.0373214336278989 0 0 0 0.37 126 240 127 27 142 297 
298 -0.07751289085361833 0.08722663676834308 1.0023551032629112 0 0 0 0.32 126 241 142 298 159 113 196 105 220 54 
299 -0.18513694726703442 0.0978864655879255 1.0022448672953017 0 0 0 0.16 126 242 142 299 148 149 164 77 
300 0.007828218313232903 0.11303686252099547 1.0102627028555902 0 0 0 0.29 126 243 142 300 148 150 152 7 190 29 194 47 196 106 213 41 217 19 220 55 223 10 232 59 
301 -0.21819513135627563 0.14029284908808884 0.9937565698364884 0 0 0 0.33 126 244 142 301 162 32 199 21 
302 -0.045685242068076046 0.14005301026982395 1.0010012015341936 0 0 0 0.15 126 245 142 302 148 151 
303 0.025213151166682733 0.14122016743348964 1.0049544946901006 0 0 0 0.25 126 246 142 303 148 152 194 48 222 33 
304 0.027087457302270055 -0.09352278900005587 1.0504549974895738 0 0 0 0.34 126 247 142 304 148 153 196 107 
305 -0.024801367314281387 -0.08786594518387449 1.0473880993598377 0 0 0 0.45 126 248 142 305 159 114 196 108 
306 -0.05506501350399666 -0.0661763397350798 1.039754035269584 0 0 0 0.86 126 249 136 51 142 306 185 51 196 109 224 46 
307 -0.13209188580459866 -0.0546946715322433 1.0347686868084935 0 0 0 0.26 126 250 136 52 142 307 159 115 196 110 220 56 
308 -0.29077580426286675 -0.052261227618057154 1.0438625803697155 0 0 0 0.77 126 251 142 308 196 111 
309 -0.11704724053140085 -0.045054420274936426 1.0381463771026087 0 0 0 0.39 126 252 142 309 159 116 
310 0.09916762763196697 -0.04375648257433383 1.0560557643354158 0 0 0 0.6 126 253 127 28 136 53 142 310 148 154 159 117 162 33 164 78 185 52 196 112 198 27 204 21 220 57 
311 0.11568787996610448 -0.043847652103793565 1.0574384970295068 0 0 0 0.38 126 254 142 311 148 155 159 118 164 79 196 113 219 25 220 58 
312 -0.0573096202560462 -0.042081536924797665 1.0329974863923768 0 0 0 0.45 126 255 127 29 128 18 136 54 142 312 147 23 148 156 159 119 162 34 164 80 172 34 176 22 181 8 185 53 190 30 196 114 199 22 200 15 204 22 213 42 214 27 219 26 221 47 222 34 227 18 232 60 
313 0.16040371864226308 -0.03661864257226995 1.0636179904827308 0 0 0 0.53 126 256 142 313 159 120 164 81 176 23 185 54 190 31 222 35 232 61 
314 0.08425576613563984 -0.02511271531773409 1.0485147995020434 0 0 0 0.29 126 257 136 55 142 314 148 157 159 121 162 35 196 115 217 20 220 59 
315 0.13628413117334498 -0.01407167660338334 1.0533807500128147 0 0 0 0.38 126 258 136 56 142 315 148 158 159 122 
316 -0.3033130137975976 -0.004718849496288816 1.025239939367015 0 0 0 0.38 126 259 142 316 148 159 159 123 164 82 181 9 196 116 224 47 
317 -0.3141038125007493 -0.0028782164253600443 1.0262813654069987 0 0 0 0.25 126 260 142 317 148 160 164 83 196 117 224 48 
318 -0.31472526479328194 -0.002982655741112678 1.0269073612329165 0 0 0 0.16 126 261 142 318 148 161 196 118 224 49 
319 0.10141572304294379 -0.0074043469313177 1.0464512739973915 0 0 0 0.34 126 262 142 319 148 162 159 124 163 14 196 119 214 28 220 60 
320 0.1739856291782678 -0.008121989410409463 1.0556639929190885 0 0 0 0.44 126 263 136 57 142 320 162 36 
321 -0.2987932210709673 0.041090718232700975 0.875922444944664 0 0 0 0.21 126 264 142 321 148 163 159 125 164 84 181 10 199 23 224 50 
322 0.174256552261685 0.04335420933073842 1.0481948150279428 0 0 0 0.26 126 265 142 322 194 49 
323 -0.08319811630125107 0.09774770589429801 0.9974714833792487 0 0 0 0.36 126 266 142 323 164 85 181 11 
324 -0.29924860574478707 0.12894806678392634 0.8822331972053414 0 0 0 0.26 126 267 142 324 148 164 159 126 164 86 199 24 
325 -0.007023933503144834 0.12952302787513933 1.0044807811435228 0 0 0 0.45 126 268 142 325 148 165 164 87 194 50 198 28 
326 0.03116518224037532 0.14698316493500133 1.001716932428533 0 0 0 0.37 126 269 142 326 148 166 194 51 196 120 198 29 
327 0.11553700303585303 -0.05441470188158722 1.0578386366817005 0 0 0 0.41 126 270 142 327 148 167 181 12 
328 -0.08614752781301435 -0.049167398483361296 1.0313849518111127 0 0 0 0.34 126 271 136 58 142 328 159 127 185 55 
329 -0.24585449916272611 -0.046241900254932126 1.035767136120287 0 0 0 0.48 126 272 142 329 159 128 
330 0.14863660580118618 -0.043067902882886124 1.0620456536040208 0 0 0 0.32 126 273 142 330 148 168 159 129 185 56 
331 -0.2932971308023469 -0.03594214425892202 0.8428589258864494 0 0 0 0.36 126 274 142 331 196 121 
332 -0.26047125385116 -0.042021996272667686 1.036825615543518 0 0 0 0.83 126 275 142 332 159 130 196 122 
333 -0.1535176064649892 -0.030150497140818525 1.0291699938159269 0 0 0 0.41 126 276 142 333 159 131 185 57 196 123 214 29 
334 -0.29632930199107954 -0.011887352086786622 0.8512021210250016 0 0 0 0.29 126 277 142 334 159 132 224 51 
335 -0.295331623211841 -0.011972975745165735 0.8502534292308782 0 0 0 0.28 126 278 142 335 224 52 
336 -0.2977438607782136 -0.007594966841795843 0.8723067597464979 0 0 0 0.27 126 279 142 336 148 169 
337 -0.28579518989228714 0.006892368024203449 0.773376396369303 0 0 0 0.62 126 280 142 337 224 53 
338 -0.29778867612024257 0.01924604873183356 0.8904802646644336 0 0 0 0.28 126 281 142 338 159 133 164 88 196 124 
339 -0.28756496705928697 0.02325182021329511 0.7826165115156544 0 0 0 0.45 126 282 142 339 181 13 198 30 
340 -0.29894616953132536 0.028269981800089442 0.8900511825134161 0 0 0 0.37 126 283 142 340 148 170 159 134 164 89 196 125 
341 -0.2974417133389378 0.037990936197511545 0.8643640681429717 0 0 0 0.65 126 284 142 341 196 126 224 54 
342 -0.2860535080228267 0.043757521169949444 0.7677503282173433 0 0 0 0.4 126 285 142 342 181 14 199 25 
343 -0.29956797688844966 0.003951094998576456 0.887974671391292 0 0 0 0.31 126 286 142 343 148 171 159 135 164 90 
344 -0.2725092921968237 0.04704338512747561 1.0152969045976599 0 0 0 0.32 126 287 142 344 148 172 164 91 198 31 199 26 
345 -0.27262228359246476 0.046905392234845196 1.015431059956886 0 0 0 0.32 126 288 142 345 148 173 
346 -0.22320579101509005 0.11828812521213088 0.9998935335007624 0 0 0 0.23 126 289 142 346 148 174 
347 -0.1559435246059056 0.11709379461744908 1.0004463960170007 0 0 0 0.23 126 290 142 347 148 175 
348 -0.08333232567534142 0.11518939012464957 0.9970297062053742 0 0 0 0.14 126 291 142 348 148 176 185 58 219 27 
349 -0.08388512826145893 0.11526083204075534 0.9979766720317975 0 0 0 0.05 126 292 142 349 148 177 185 59 
350 -0.053918729606487636 0.11554690347223451 1.0026314485302705 0 0 0 0.15 126 293 142 350 148 178 194 52 
351 -0.05384791653793823 0.11546564455477065 1.0025300787921922 0 0 0 0.1 126 294 142 351 194 53 
352 -0.15443261448217951 0.15151424260237142 0.9928495014167001 0 0 0 0.14 126 295 142 352 196 127 
353 -0.28005403606013896 -0.15313775606067395 0.7007244034414104 0 0 0 0.52 126 296 142 353 198 32 199 27 224 55 
354 -0.2800540360601388 -0.15313775606067387 0.7007244034414103 0 0 0 0.52 126 297 142 354 198 33 199 28 224 56 
355 -0.2747087884168736 -0.14279966647770534 0.7064784760668371 0 0 0 0.5 126 298 142 355 198 34 199 29 
356 -0.33439325684761967 -0.0464445785841907 1.0329723370498662 0 0 0 0.54 126 299 142 356 159 136 196 128 
357 -0.08202655912778554 -0.019227307037734453 1.028264862141248 0 0 0 0.6 126 300 127 30 136 59 142 357 148 179 159 137 162 37 164 92 172 35 176 24 181 15 185 60 190 32 194 54 196 129 198 35 199 30 213 43 221 48 224 57 232 62 
358 0.15270836312773137 0.013200487538463484 1.0518494930992182 0 0 0 0.32 126 301 142 358 199 31 217 21 220 61 
359 -0.28963813164431934 0.0373249688804114 0.7809756418561117 0 0 0 0.71 126 302 142 359 199 32 
360 -0.06898121079034884 0.04344851156325802 1.0158653309225563 0 0 0 0.17 126 303 142 360 196 130 
361 -0.20789140909284073 0.07470607699698878 1.0119163305572676 0 0 0 0.47 126 304 142 361 224 58 
362 -0.23907502477847045 0.11833989121256307 0.9996483547927619 0 0 0 0.24 126 305 142 362 148 180 196 131 
363 -0.23907502477847017 0.11833989121256304 0.9996483547927616 0 0 0 0.24 126 306 142 363 148 181 196 132 
364 -0.20677673179367714 0.11770948521883726 1.0000662124905606 0 0 0 0.14 126 307 142 364 148 182 196 133 224 59 
365 -0.0680964013412626 0.11523606812907301 0.99966362162184 0 0 0 0.2 126 308 142 365 148 183 
366 -0.0402350358614529 0.11560979247506994 1.0055680210433469 0 0 0 0.22 126 309 142 366 194 55 
367 -0.04023503586145317 0.11560979247507001 1.0055680210433473 0 0 0 0.22 126 310 142 367 194 56 
368 -0.012859682271824656 0.11559536876496739 1.0102984954264478 0 0 0 0.47 126 311 142 368 148 184 194 57 
369 -0.01359850057079247 0.11584849026015676 1.0113994334903318 0 0 0 0.5 126 312 142 369 194 58 
370 -0.27558887361888734 -0.12517479380862878 0.7066355495056775 0 0 0 0.15 126 313 142 370 198 36 
371 -0.014153463865586281 -0.02458731695886903 1.0326424411459896 0 0 0 0.73 126 314 142 371 147 24 148 185 176 25 204 23 
372 -0.22464366557655865 -0.015770725843057224 1.022678631435725 0 0 0 0.21 126 315 142 372 148 186 164 93 
373 0.10708773166438791 -0.0018782255693150865 1.046572680709289 0 0 0 0.48 126 316 136 60 142 373 152 8 217 22 220 62 
374 -0.17182927320261063 0.11608072742972947 1.0003618383652657 0 0 0 0.56 126 317 142 374 148 187 196 134 204 24 
375 0.05930219531862886 -0.024690045108708328 1.0380327894973476 0 0 0 1.24 126 318 142 375 159 138 181 16 204 25 219 28 220 63 
376 0.13697429967588037 -0.07949861500260239 1.0637497457012155 0 0 0 0.5 127 31 142 376 148 188 
377 0.07180515063871505 -0.018667017345400546 1.0441527316916066 0 0 0 0.34 127 32 128 19 142 377 146 21 148 189 159 139 164 94 176 26 194 59 200 16 213 44 219 29 220 64 
378 0.08402472196432513 0.03397142354987214 1.036996554116844 0 0 0 0.4 127 33 128 20 142 378 162 38 196 135 213 45 
379 0.16111869766715284 0.03458165408984302 1.0479117011493708 0 0 0 0.19 127 34 142 379 148 190 159 140 164 95 185 61 200 17 
380 0.13649711990284097 0.1088411120713787 1.0255432140698262 0 0 0 0.36 127 35 142 380 194 60 
381 0.04686914832533556 -0.022312007083217355 1.0425857499775657 0 0 0 0.2 127 36 128 21 142 381 148 191 196 136 222 36 
382 -0.08976271021821643 -0.010702290319958185 1.021419429254914 0 0 0 0.37 127 37 136 61 142 382 
383 -0.07781319076268746 0.02950863967440899 1.018389924285971 0 0 0 0.19 127 38 142 383 190 33 224 60 
384 0.07726091417768943 0.03379239383193059 1.0359128181813833 0 0 0 0.24 127 39 136 62 142 384 147 25 148 192 162 39 163 15 164 96 185 62 217 23 220 65 222 37 
385 0.08899728086066001 0.046839760131195896 1.032805078882114 0 0 0 0.34 127 40 142 385 220 66 
386 0.04767226542307295 -0.025426515898599865 1.0430147304893145 0 0 0 0.65 127 41 142 386 196 137 217 24 222 38 
387 -0.30048711078744944 0.05482202761838271 1.012038369782193 0 0 0 0.37 127 42 142 387 148 193 164 97 196 138 199 33 224 61 
388 0.1324140829843296 0.10071959325651303 1.0297285562477916 0 0 0 0.33 127 43 142 388 217 25 
389 0.1742238553690547 0.14071537685634328 1.0232954541319894 0 0 0 0.56 127 44 142 389 148 194 162 40 163 16 164 98 185 63 194 61 220 67 
390 0.06034036465911441 -0.029740815938212886 1.0431399005920428 0 0 0 0.3 127 45 142 390 148 195 
391 0.15480186164658533 0.08853183145810208 1.0322913054979248 0 0 0 0.2 127 46 142 391 148 196 159 141 196 139 220 68 
392 -0.14823673760561412 -0.007829414178482869 1.026826139915468 0 0 0 0.35 127 47 142 392 181 17 
393 0.08121792697795407 -0.022876080133236883 1.0457041667642093 0 0 0 0.62 127 48 142 393 159 142 164 99 176 27 198 37 199 34 217 26 
394 0.03717696140993763 -0.07060902016577685 1.0481234612883539 0 0 0 0.21 128 22 142 394 148 197 220 69 
395 0.13060427284573517 -0.015540708754531507 1.052450582192859 0 0 0 0.4 128 23 136 63 142 395 159 143 162 41 194 62 222 39 
396 -0.04914400074377514 -0.06367855711549626 1.0323837109346825 0 0 0 0.19 128 24 142 396 196 140 
397 -0.16021497052832795 -0.04465984523827006 1.032873009993299 0 0 0 0.4 128 25 142 397 148 198 190 34 
398 -0.18559950712463605 0.10884221506964654 1.0001826375385081 0 0 0 0.47 128 26 142 398 148 199 
399 0.09674644380556227 -0.02687542566316786 1.0492438673819258 0 0 0 0.6 128 27 142 399 148 200 152 9 159 144 164 100 181 18 185 64 196 141 198 38 199 35 200 18 214 30 
400 0.12359254697680776 0.04853626664466715 1.0402246633404586 0 0 0 0.35 128 28 142 400 147 26 164 101 196 142 198 39 199 36 222 40 
401 0.16777864817002852 0.035420078204903734 1.0487108409349153 0 0 0 0.3 136 64 142 401 148 201 
402 -0.030068971453306538 -0.056220741557469284 1.0372053811553836 0 0 0 0.83 142 402 152 10 162 42 
403 -0.010409153239900576 -0.02638627634574981 1.0363646095612218 0 0 0 0.46 142 403 159 145 164 102 176 28 185 65 190 35 214 31 217 27 222 41 232 63 
404 -0.26830862606880607 -0.018507066054299814 1.0259777681988853 0 0 0 0.25 142 404 146 22 148 202 159 146 164 103 176 29 196 143 204 26 224 62 
405 -0.006531256248681247 -0.05973854354862436 1.0410145477172936 0 0 0 0.46 142 405 146 23 148 203 152 11 159 147 162 43 164 104 200 19 204 27 213 46 214 32 219 30 220 70 222 42 224 63 
406 -0.013952104089572854 -0.0587426300785226 1.0403928411583256 0 0 0 0.21 142 406 148 204 164 105 214 33 219 31 
407 -0.09086507036930393 -0.025614869378835056 1.0266085947612922 0 0 0 0.3 142 407 147 27 196 144 200 20 220 71 
408 -0.0668935451606707 -0.03649521829212683 1.0296408520632252 0 0 0 0.96 142 408 152 12 159 148 162 44 164 106 172 36 190 36 198 40 200 21 222 43 227 19 232 64 
409 0.16893826057079553 -0.016822707206479343 1.0574571676418092 0 0 0 0.45 142 409 159 149 185 66 198 41 199 37 204 28 217 28 221 49 
410 -0.03855421719570719 -0.05986210900326636 1.034567453000068 0 0 0 0.31 142 410 148 205 185 67 196 145 220 72 224 64 
411 0.03387522492654264 -0.04695935652129607 1.0438293381077524 0 0 0 0.93 142 411 147 28 148 206 159 150 162 45 176 30 185 68 198 42 200 22 204 29 214 34 219 32 220 73 221 50 232 65 
412 0.16873071680580298 0.1161539423213631 1.031002657216453 0 0 0 0.46 142 412 162 46 163 17 164 107 199 38 200 23 222 44 
413 0.13588478965940717 -0.07399552708154912 1.065265249468071 0 0 0 0.42 136 65 142 413 146 24 159 151 164 108 196 146 213 47 214 35 
414 0.03239526475895516 -0.05574179368028571 1.0471648545735095 0 0 0 0.33 136 66 142 414 148 207 162 47 196 147 217 29 
415 0.12405620851809698 -0.020987528886362565 1.0536285148492799 0 0 0 0.23 136 67 142 415 148 208 164 109 172 37 185 69 194 63 
416 0.16459399539168248 -0.01527353847873877 1.057757871658707 0 0 0 0.33 136 68 142 416 148 209 164 110 176 31 194 64 204 30 213 48 
417 0.17477517698984119 -0.01515419717714108 1.0585767455850612 0 0 0 0.29 136 69 142 417 172 38 194 65 196 148 
418 0.17956154932108467 -0.015183214890045057 1.0611567940653823 0 0 0 0.34 136 70 142 418 159 152 214 36 
419 -0.09042379756658035 -0.014370217091319465 1.022866171874352 0 0 0 0.27 136 71 142 419 148 210 159 153 194 66 222 45 
420 0.19529894474762252 0.030644806505073032 1.0577522499272072 0 0 0 0.25 136 72 142 420 159 154 
421 0.14225017537644918 0.058032170206953865 1.0414896506139044 0 0 0 0.23 136 73 142 421 159 155 163 18 
422 -0.030170092964588554 -0.014139951559274914 1.0304324105321765 0 0 0 0.24 136 74 142 422 148 211 159 156 172 39 194 67 222 46 
423 0.1308800280669822 0.08821862123026956 1.0356799710865268 0 0 0 0.46 136 75 142 423 159 157 196 149 220 74 
424 0.06528676039384014 0.09629515108679285 1.016829205851918 0 0 0 0.31 136 76 142 424 148 212 196 150 217 30 220 75 
425 0.008667385009728681 0.09713241314993844 1.0121004721245221 0 0 0 0.4 136 77 142 425 196 151 
426 0.2064531069769456 0.14501847140686563 1.0256121214481628 0 0 0 0.36 136 78 142 426 162 48 194 68 220 76 
427 0.05934443243889923 0.037735766441328054 1.0318581332805403 0 0 0 0.27 136 79 142 427 148 213 159 158 194 69 196 152 214 37 223 11 
428 0.15862128835687656 0.08819898124891239 1.0346924220725886 0 0 0 0.2 136 80 142 428 181 19 220 77 
429 0.15478093745531835 0.09714321420135683 1.030645127723594 0 0 0 0.14 136 81 142 429 148 214 196 153 
430 -0.13866348279737065 -0.0616872588723037 1.034714023180129 0 0 0 0.47 136 82 142 430 196 154 
431 0.1072234191299528 0.003958099996298627 1.0504010393010115 0 0 0 0.07 136 83 142 431 163 19 164 111 
432 -0.10302460766496611 0.033471500558792465 1.019106836347849 0 0 0 0.18 136 84 142 432 185 70 196 155 198 43 217 31 220 78 224 65 
433 0.05891767979745053 0.041197983106755036 1.0315142805847983 0 0 0 0.25 136 85 142 433 220 79 
434 -0.11153334785789087 0.04211584502272979 1.0179769638736835 0 0 0 0.18 136 86 142 434 185 71 
435 -0.07401923192628451 0.09712986259748987 1.0037848782949974 0 0 0 0.41 136 87 142 435 159 159 
436 0.12399694753215282 0.09794376742505186 1.0237042662322353 0 0 0 0.39 136 88 142 436 148 215 198 44 217 32 
437 0.10789458371428387 -0.014243291426600685 1.0473506558964905 0 0 0 0.5 136 89 142 437 147 29 148 216 159 160 162 49 172 40 194 70 199 39 204 31 213 49 217 33 219 33 220 80 232 66 
438 0.10759299613023014 0.0211771555005931 1.0450120029986816 0 0 0 0.22 136 90 142 438 232 67 
439 0.18157349828538377 -0.058136134065088434 1.0702882576132444 0 0 0 0.32 142 439 204 32 232 68 
440 0.12979780721038559 -0.06604320441157246 1.0644764945044685 0 0 0 0.11 142 440 159 161 232 69 
441 0.1832627920675329 -0.05522149838929001 1.0694805709165998 0 0 0 0.41 142 441 159 162 204 33 
442 0.030220033763653772 -0.06778167333833103 1.045112686086207 0 0 0 0.27 142 442 164 112 220 81 
443 0.027784616492021963 -0.05683845946157513 1.0458469693347425 0 0 0 0.2 142 443 196 156 200 24 227 20 
444 -0.010166675482232837 -0.06032872465763176 1.0408288507551942 0 0 0 0.62 142 444 146 25 164 113 222 47 232 70 
445 -0.081563648798758 -0.07105166239463613 1.0381921737406532 0 0 0 0.18 142 445 185 72 196 157 220 82 
446 0.1726559185601349 -0.017624321884479537 1.0603705346353216 0 0 0 0.34 142 446 194 71 196 158 
447 -0.08117443875497155 -0.05517090518829435 1.0341251886131104 0 0 0 0.28 142 447 148 217 164 114 200 25 
448 -0.29561692195913397 -0.09471681403217334 0.8753046367101719 0 0 0 0.25 142 448 159 163 164 115 224 66 
449 -0.2959905921711589 -0.09471959169182105 0.875702696611294 0 0 0 0.27 142 449 164 116 224 67 
450 0.13785559276588694 -0.015542312247964667 1.057215464757322 0 0 0 0.33 142 450 148 218 162 50 
451 0.15880601886689716 -0.007685187253565564 1.0534197642222196 0 0 0 0.3 142 451 148 219 196 159 
452 0.054704234353931826 -0.01682444567365709 1.0412043412038636 0 0 0 0.32 142 452 159 164 219 34 
453 -0.2967052862377221 -0.0759075900196959 0.872022995839716 0 0 0 0.42 142 453 159 165 164 117 
454 0.14881459162529795 -0.002296472418046766 1.052876244168978 0 0 0 0.12 142 454 159 166 220 83 
455 -0.07977233331530127 -0.03172320754329512 1.028111752535249 0 0 0 0.13 142 455 148 220 214 38 
456 -0.3411781420922538 -0.06320761946389758 1.0370557808898835 0 0 0 0.22 142 456 148 221 196 160 224 68 
457 -0.006571644716300871 -0.020983921796183146 1.035956435886062 0 0 0 0.49 142 457 148 222 164 118 194 72 213 50 219 35 227 21 
458 0.03330759249294907 -0.014614838606106477 1.039714497024094 0 0 0 0.24 142 458 148 223 159 167 172 41 219 36 
459 -0.2875457421891377 -0.04282617400569222 1.035855460671266 0 0 0 0.22 142 459 159 168 196 161 
460 -0.11379168155879905 -0.021310066106661266 1.0265635443159693 0 0 0 0.5 142 460 162 51 172 42 
461 -0.22910786569872313 -0.03121706479173487 1.0240198110197805 0 0 0 0.48 142 461 159 169 224 69 
462 -0.18433539957956366 -0.023721768422325804 1.0284839889224926 0 0 0 0.25 142 462 148 224 159 170 204 34 224 70 
463 -0.12646890580171255 -0.013658109048520727 1.024312762021389 0 0 0 0.27 142 463 172 43 176 32 196 162 219 37 
464 -0.20206728878473273 -0.019666958487247314 1.0256167483767276 0 0 0 0.25 142 464 159 171 164 119 214 39 224 71 
465 -0.11670626070766096 -0.010278438801384838 1.0242374650108002 0 0 0 0.08 142 465 146 26 148 225 
466 -0.16945108172294926 -0.015598066077130206 1.026667445396786 0 0 0 0.15 142 466 148 226 159 172 196 163 224 72 
467 -0.3607574928339831 -0.032280965609488545 1.031314640084255 0 0 0 0.22 142 467 159 173 196 164 
468 -0.24413643792744522 -0.01880481184693051 1.0255189688515178 0 0 0 0.35 142 468 148 227 159 174 164 120 176 33 196 165 
469 -0.25334466221311347 -0.018888634658699742 1.0275072100365485 0 0 0 0.21 142 469 148 228 159 175 
470 0.17592502726331907 0.02878802302010384 1.0520038654271016 0 0 0 0.23 142 470 148 229 159 176 
471 0.19309752770618355 0.03067919008063354 1.0543851207912212 0 0 0 0.26 142 471 148 230 159 177 
472 -0.27689602544702324 -0.017902356469668725 1.0240384971614607 0 0 0 0.19 142 472 159 178 162 52 196 166 224 73 
473 -0.29455294843683977 -0.01817313207448105 1.029328175195088 0 0 0 0.2 142 473 148 231 164 121 224 74 
474 0.1376839689593171 0.027665782323004807 1.0498868006166504 0 0 0 0.25 142 474 164 122 194 73 
475 -0.16693300748437695 -0.0016009832740086502 1.0254938771015585 0 0 0 0.35 142 475 159 179 164 123 
476 -0.3386775492908994 -0.017424891673763016 1.0283155132424873 0 0 0 0.17 142 476 196 167 224 75 
477 -0.3482374973544171 -0.016506139122999086 1.0271118462671656 0 0 0 0.36 142 477 159 180 181 20 196 168 224 76 
478 0.14087197003017757 0.033148413777151796 1.0470280262077651 0 0 0 0.18 142 478 176 34 232 71 
479 -0.3455954309352387 -0.007326614641439919 1.026429071852317 0 0 0 0.27 142 479 148 232 159 181 196 169 
480 0.10564337599239228 0.037697314194881724 1.0377792809687347 0 0 0 0.27 142 480 159 182 221 51 
481 0.0851431174648693 0.042262008396141366 1.0355042632293443 0 0 0 0.28 142 481 159 183 196 170 
482 0.043708237128466054 0.03968533609763074 1.032408327694552 0 0 0 0.16 142 482 194 74 219 38 222 48 
483 -0.29950410059849775 -0.005980534932933855 0.8896735649225583 0 0 0 0.21 142 483 164 124 196 171 
484 -0.16126590592888637 0.029324393035270922 1.018286908219832 0 0 0 0.51 142 484 159 184 224 77 
485 -0.05764752357606451 0.03806161808586174 1.0156204896859833 0 0 0 0.37 142 485 148 233 159 185 164 125 185 73 194 75 196 172 214 40 
486 -0.2974250141384046 0.02147702864859628 1.0188844960551973 0 0 0 0.52 142 486 176 35 213 51 221 52 224 78 
487 -0.10789611699189523 0.03662222316153535 1.0161177460310609 0 0 0 0.33 142 487 148 234 196 173 221 53 
488 -0.08687771247853708 0.04076112113217401 1.01268526170957 0 0 0 0.35 142 488 146 27 232 72 
489 -0.2843223990970484 0.027532704862413482 1.0186502515257012 0 0 0 0.45 142 489 148 235 164 126 204 35 
490 -0.38358218460960547 0.02507982794119433 1.019887674631681 0 0 0 0.25 142 490 159 186 196 174 
491 -0.3740511891668552 0.025071201675574528 1.0189119578372539 0 0 0 0.2 142 491 159 187 196 175 224 79 
492 -0.37891146236930123 0.030703334798747487 1.0194968583658042 0 0 0 0.16 142 492 196 176 224 80 
493 -0.2992930824854093 0.015231554019299858 0.8907203590763154 0 0 0 0.32 142 493 159 188 196 177 
494 -0.2648262015401373 0.04501125472622886 1.0151294360849317 0 0 0 0.25 142 494 196 178 224 81 
495 0.13866669923167507 0.07824199767901567 1.0390814150438952 0 0 0 0.21 142 495 194 76 196 179 
496 -0.29696421533418393 0.026576888375683755 0.8761682048634263 0 0 0 0.35 142 496 148 236 159 189 196 180 224 82 
497 -0.2653916228668604 0.06064176011377073 1.0131567290040804 0 0 0 0.3 142 497 196 181 224 83 
498 -0.3756796494255115 0.06062576254583585 1.0134190767294833 0 0 0 0.44 142 498 159 190 196 182 224 84 
499 -0.292559301077773 0.03127990095978504 0.827914287696592 0 0 0 0.3 142 499 148 237 159 191 
500 -0.29762373833911926 0.06758242337445598 1.0113637338691548 0 0 0 0.25 142 500 148 238 159 192 224 85 
501 -0.37777234457779346 0.06418095031100302 1.011771075472538 0 0 0 0.2 142 501 159 193 196 183 224 86 
502 0.14741479059532994 0.09392447458003192 1.0318199030574602 0 0 0 0.3 142 502 148 239 159 194 196 184 
503 0.13179476969633713 0.09403268774104731 1.030547454078377 0 0 0 0.21 142 503 148 240 162 53 164 127 196 185 
504 0.11844755882815058 0.09332605075414718 1.0236043902958052 0 0 0 0.5 142 504 148 241 185 74 194 77 196 186 
505 0.14986603932622683 0.09655476988238962 1.029854290183735 0 0 0 0.31 142 505 148 242 196 187 
506 0.14986603932622683 0.09655476988238962 1.029854290183735 0 0 0 0.31 142 506 148 243 196 188 
507 -0.34833370824931803 0.0723795840351403 1.0092434096475384 0 0 0 0.2 142 507 159 195 224 87 
508 -0.32287441034267356 0.07284294252340814 1.005211608943411 0 0 0 0.32 142 508 148 244 159 196 162 54 164 128 196 189 
509 0.13621911814565485 0.09922118459871165 1.0300811291418757 0 0 0 0.29 142 509 148 245 159 197 164 129 196 190 
510 0.13609552281020248 0.09917892163006371 1.030095717942562 0 0 0 0.4 142 510 148 246 159 198 164 130 185 75 
511 0.004519104146877181 0.09081634622606052 1.0101120494570655 0 0 0 0.13 142 511 148 247 196 191 220 84 
512 0.1299276863144211 0.09951743182007594 1.026941037773773 0 0 0 0.17 142 512 148 248 159 199 196 192 220 85 
513 -0.2989046192591906 0.05559227900911941 0.8771546253847542 0 0 0 0.1 142 513 159 200 196 193 
514 -0.1525558256729859 0.0876109658031939 1.0074970652559259 0 0 0 0.71 142 514 159 201 224 88 
515 -0.29788243669890496 0.05583237763291318 0.8658873107665089 0 0 0 0.19 142 515 148 249 159 202 
516 0.1786249268975851 0.10532644031961541 1.031401394746554 0 0 0 0.47 142 516 194 78 221 54 
517 0.18023833568332573 0.10746543402784342 1.0309466378990506 0 0 0 0.31 142 517 162 55 163 20 194 79 
518 0.11840661332452694 0.10470901875934628 1.0243271210590807 0 0 0 0.19 142 518 148 250 194 80 232 73 
519 0.15217200492161687 0.10696714735263689 1.028269597948789 0 0 0 0.16 142 519 148 251 185 76 194 81 223 12 
520 -0.3021923835219928 0.06866947321946071 0.9006678692010615 0 0 0 0.23 142 520 148 252 164 131 
521 -0.19374553435597158 0.09305354275979814 1.0021318847984118 0 0 0 0.18 142 521 196 194 224 89 
522 -0.07877357941526418 0.10831283830275718 0.9979451079728829 0 0 0 0.3 142 522 164 132 185 77 190 37 222 49 
523 -0.29847426579287806 0.07798460290016727 0.8728693345109428 0 0 0 0.21 142 523 159 203 164 133 196 195 
524 0.07169191163315843 0.11629807748564346 1.0129916515201207 0 0 0 0.13 142 524 194 82 196 196 
525 -0.1846082426789574 0.11172166593985859 0.9992665833547241 0 0 0 0.2 142 525 148 253 164 134 204 36 
526 0.0557881591349983 0.12202827091004417 1.0143015670238367 0 0 0 0.33 142 526 204 37 232 74 
527 0.061815671860176856 0.12222496513509477 1.0133572749119446 0 0 0 0.72 142 527 148 254 164 135 172 44 223 13 232 75 
528 -0.29541890471433674 0.08363059406121656 0.8500779927170806 0 0 0 0.2 142 528 148 255 159 204 196 197 
529 -0.36946382895900687 0.11518340947896108 1.0005688294582915 0 0 0 0.26 142 529 159 205 196 198 224 90 
530 -0.34471725409469467 0.11527198429728013 0.9985845084763498 0 0 0 0.19 142 530 148 256 224 91 
531 -0.3008552768068669 0.11644446492780067 0.9983864038637303 0 0 0 0.2 142 531 162 56 196 199 
532 -0.07786791802091957 0.12098787048118526 0.9942193747653527 0 0 0 0.5 142 532 148 257 164 136 196 200 
533 -0.023184357285182686 0.1280542576836857 1.0020161931598066 0 0 0 0.27 142 533 213 52 222 50 
534 -0.18399236118009493 0.12590433381117158 0.9951928843997091 0 0 0 0.51 142 534 219 39 224 92 
535 -0.10290696154450771 0.12728760272977419 0.9986091246778938 0 0 0 0.14 142 535 148 258 172 45 232 76 
536 0.1972528861871555 0.1367288131339702 1.0311581606898623 0 0 0 0.4 142 536 148 259 162 57 164 137 213 53 
537 0.1602070481887699 0.1350359174055026 1.02387525563562 0 0 0 0.29 142 537 148 260 194 83 220 86 223 14 
538 -0.28932008456556313 0.08378160880547114 0.8080961129743142 0 0 0 0.07 142 538 159 206 196 201 
539 0.15551084371868207 0.13688963565231113 1.0232901455330912 0 0 0 0.41 142 539 148 261 196 202 223 15 
540 0.19982032607049913 0.13893871445715067 1.0288996511850519 0 0 0 0.25 142 540 148 262 220 87 
541 0.19985485728770597 0.13890334274637722 1.0287683790800242 0 0 0 0.2 142 541 148 263 194 84 220 88 
542 -0.3153205205745743 0.13279873988259175 0.9976745862939259 0 0 0 0.31 142 542 176 36 232 77 
543 -0.21760538696529697 0.13493910112238172 0.9918748063930951 0 0 0 0.29 142 543 148 264 196 203 
544 -0.017874988400309974 0.1395792029100679 0.9992623725073725 0 0 0 0.14 142 544 194 85 196 204 
545 -0.3192066002364971 0.13831161592535562 0.992882718877344 0 0 0 0.24 142 545 148 265 159 207 164 138 224 93 
546 0.09547413446408995 0.1454135123139147 1.012496451719709 0 0 0 0.21 142 546 222 51 232 78 
547 -0.21471201436004447 0.1435553919897708 0.9945984707100735 0 0 0 0.48 142 547 164 139 200 26 
548 -0.21393718139549184 0.14293632665571337 0.9931548903292169 0 0 0 0.08 142 548 148 266 164 140 
549 -0.018270084632472722 0.143916825340316 0.9974683320204276 0 0 0 0.22 142 549 194 86 196 205 
550 0.025442828232559 0.14547212690034603 1.0029846344146653 0 0 0 0.11 142 550 194 87 196 206 
551 -0.37680286821561854 0.14799957902750302 0.9947708767043941 0 0 0 0.19 142 551 159 208 196 207 
552 -0.29774942118959763 0.12075035940676321 0.8646901119135032 0 0 0 0.24 142 552 148 267 164 141 
553 -0.07578111508259701 0.15324116769114393 0.9908818812874309 0 0 0 0.12 142 553 194 88 220 89 
554 -0.2974895557573016 0.12707733532941112 0.8672987362272374 0 0 0 0.36 142 554 148 268 164 142 
555 -0.07799619473123584 0.15667277157627407 0.9878913591750017 0 0 0 0.14 142 555 194 89 196 208 
556 0.14264376882791846 -0.07366255072299445 1.0653363214968077 0 0 0 0.44 142 556 221 55 232 79 
557 0.14481215268786568 -0.0712486530911073 1.0677859486066155 0 0 0 0.37 142 557 148 269 221 56 
558 0.1510059232105867 -0.06483055272487627 1.0689323214987625 0 0 0 0.22 142 558 148 270 162 58 220 90 
559 0.13622357517982356 -0.055085781543502056 1.0618756016277426 0 0 0 0.14 142 559 220 91 222 52 
560 0.1415807160716921 -0.05384826843857161 1.0609878779564839 0 0 0 0.55 142 560 159 209 220 92 221 57 
561 0.13035584687357518 -0.05326879167463916 1.06066813126277 0 0 0 0.16 142 561 217 34 232 80 
562 0.038358600787968156 -0.06773601805130197 1.0512183018997225 0 0 0 0.29 142 562 148 271 196 209 
563 -0.02519678775470047 -0.0700078893006468 1.0430373893239888 0 0 0 1.06 142 563 148 272 159 210 176 37 
564 0.06565363422522212 -0.04068044085934256 1.049694486686262 0 0 0 0.73 142 564 148 273 172 46 185 78 190 38 
565 0.18357238793350508 -0.020744758883575885 1.0615607503450923 0 0 0 0.33 142 565 159 211 172 47 221 58 227 22 
566 -0.24124011424850939 -0.08390132421975308 1.0337619042434145 0 0 0 0.19 142 566 162 59 164 143 
567 0.02808695516358861 -0.04003846534141299 1.0435080328298187 0 0 0 0.28 142 567 196 210 200 27 217 35 
568 -0.04361583119474358 -0.0500671544988611 1.0343011440518413 0 0 0 0.77 142 568 162 60 185 79 204 38 
569 -0.2523982147816281 -0.07651273846836533 1.0354175902207114 0 0 0 0.18 142 569 164 144 196 211 224 94 
570 -0.015434239168494965 -0.04204137614290601 1.0388061216711066 0 0 0 0.38 142 570 148 274 185 80 196 212 232 81 
571 -0.002627230576612908 -0.039375600412186594 1.038523175632118 0 0 0 0.28 142 571 148 275 196 213 
572 -0.2551770017836876 -0.07234425494213545 1.0364924050430289 0 0 0 0.59 142 572 164 145 224 95 
573 -0.2551770017836876 -0.07234425494213545 1.0364924050430289 0 0 0 0.59 142 573 164 146 224 96 
574 -0.24924127692330258 -0.06212074902007709 1.0371756580004834 0 0 0 0.35 142 574 159 212 196 214 
575 -0.09871528574799358 -0.02208161838605401 1.0276207424718773 0 0 0 0.35 142 575 159 213 224 97 
576 0.17503306091249501 0.016862539577931317 1.0555678894707827 0 0 0 0.29 142 576 148 276 163 21 
577 -0.15658778126264378 -0.020962897545419 1.027784435946772 0 0 0 0.23 142 577 159 214 204 39 
578 -0.398511088002382 -0.04016983352438549 1.0258008153309324 0 0 0 0.26 142 578 159 215 224 98 
579 -0.34364826760309414 -0.030284625657239713 1.030054214951415 0 0 0 0.27 142 579 148 277 224 99 
580 0.17498150410946123 0.03132181329674985 1.0507286654242873 0 0 0 0.1 142 580 148 278 220 93 
581 0.16090657366453542 0.031286511886704 1.0480782811858087 0 0 0 0.3 142 581 148 279 163 22 232 82 
582 -0.23766276799062822 -0.006570845075115598 1.0251407213994097 0 0 0 0.18 142 582 162 61 196 215 224 100 
583 -0.0009533104737853219 0.03721443322191297 1.0238911052050272 0 0 0 0.28 142 583 148 280 159 216 176 38 
584 -0.2979083148377476 0.002498069532435042 0.8666795500138371 0 0 0 0.28 142 584 148 281 159 217 
585 -0.2991912954788926 0.004097066751747121 0.8760326893473498 0 0 0 0.2 142 585 148 282 159 218 
586 -0.14698151052688027 0.043768689939347905 1.0159583468797184 0 0 0 0.2 142 586 198 45 199 40 
587 -0.3001979987155948 0.013410382310227946 0.8751703337456324 0 0 0 0.45 142 587 159 219 196 216 
588 -0.29654096457567514 0.017093139003627866 0.8948456500471612 0 0 0 0.36 142 588 159 220 196 217 
589 -0.3944297521039904 0.033726279815889194 1.01811704512396 0 0 0 0.35 142 589 159 221 196 218 
590 -0.2970002212701375 0.017798079576405307 0.8633020146638387 0 0 0 0.35 142 590 148 283 159 222 164 147 196 219 
591 -0.29806189585025405 0.022209141631974204 0.8765745568345358 0 0 0 0.32 142 591 159 223 164 148 
592 -0.28426050186302404 0.04781688028066175 1.0143846596844124 0 0 0 0.27 142 592 148 284 159 224 162 62 
593 -0.29766171777420125 0.02754578452677954 0.8858528692851062 0 0 0 0.37 142 593 159 225 196 220 
594 0.1758356383003062 0.08844319070585357 1.0383594526378284 0 0 0 0.13 142 594 147 30 232 83 
595 -0.33465551303563545 0.06435151937643115 1.0088926601333783 0 0 0 0.14 142 595 159 226 196 221 224 101 
596 -0.2996889180816296 0.051846180838700705 0.8943582364317907 0 0 0 0.33 142 596 148 285 159 227 164 149 196 222 
597 -0.04068374158542531 0.08972205824812987 1.0122629857342726 0 0 0 0.22 142 597 159 228 194 90 
598 0.14680265130619902 0.100936577481563 1.0306818346866138 0 0 0 0.33 142 598 148 286 159 229 164 150 185 81 194 91 213 54 
599 -0.3788535240440409 0.08463167321113675 1.0099246243183393 0 0 0 0.22 142 599 159 230 196 223 224 102 
600 0.15517451587086825 0.10976926994258895 1.0286711977303855 0 0 0 0.31 142 600 159 231 222 53 
601 -0.29728734334329887 0.06423682475578227 0.8634995014823744 0 0 0 0.18 142 601 148 287 196 224 
602 0.1552704978525861 0.115643979579468 1.0280436304667946 0 0 0 0.22 142 602 146 28 148 288 164 151 172 48 185 82 194 92 196 225 213 55 214 41 222 54 223 16 
603 0.15541419633155765 0.11975284767478789 1.026976285300653 0 0 0 0.17 142 603 148 289 164 152 185 83 214 42 222 55 223 17 
604 -0.2973900326822815 0.07871732703304418 0.8610390575698293 0 0 0 0.13 142 604 148 290 159 232 196 226 
605 -0.29603789463111857 0.07691857280615176 0.8521649215842291 0 0 0 0.08 142 605 159 233 196 227 
606 -0.2982836168321409 0.08563711329993971 0.8611171459303713 0 0 0 0.2 142 606 148 291 159 234 164 153 196 228 
607 -0.3126078375632267 0.11843220833676305 1.0026454859533565 0 0 0 0.37 142 607 159 235 196 229 
608 -0.31664103061554705 0.11872850499011135 1.0064481331301542 0 0 0 0.41 142 608 148 292 159 236 164 154 196 230 
609 -0.31899045820100097 0.11784473446365311 1.00149489237187 0 0 0 0.41 142 609 159 237 162 63 196 231 
610 -0.2972457093911789 0.09190565539821217 0.8738315806276189 0 0 0 0.14 142 610 159 238 196 232 
611 0.19280433354894905 0.1331671583396031 1.029845791536587 0 0 0 0.35 142 611 162 64 164 155 172 49 185 84 194 93 196 233 220 94 222 56 
612 -0.18460622116759423 0.12423620026029579 0.9974701946872309 0 0 0 0.08 142 612 148 293 164 156 
613 0.18371609608130768 0.13448516940830968 1.0285844396762478 0 0 0 0.2 142 613 185 85 222 57 232 84 
614 -0.194239788413622 0.12521618516684982 0.9974748967532963 0 0 0 0.49 142 614 148 294 164 157 199 41 221 59 
615 0.1769846048760687 0.13560277113902341 1.027982191990248 0 0 0 0.12 142 615 194 94 220 95 
616 -0.29665400186681407 0.09709750030343628 0.8576329604072982 0 0 0 0.25 142 616 148 295 159 239 
617 0.20493694140751592 0.13934310919501747 1.0275162807372618 0 0 0 0.32 142 617 163 23 185 86 194 95 
618 -0.2956946947942635 0.0955638168785893 0.8487552775998017 0 0 0 0.24 142 618 148 296 159 240 196 234 
619 -0.29894563492241893 0.10441811041385582 0.8814652234115983 0 0 0 0.27 142 619 148 297 159 241 
620 0.18518791233486934 0.13972388618438386 1.0245568448579039 0 0 0 0.08 142 620 148 298 194 96 196 235 
621 0.17462751389412343 0.1406199417581414 1.022621474370831 0 0 0 0.33 142 621 148 299 162 65 163 24 164 158 194 97 220 96 
622 0.0865648650586351 0.14018057978949386 1.0129909935256523 0 0 0 0.19 142 622 190 39 222 58 
623 0.17515041563683673 0.14506626466652994 1.0229560396771227 0 0 0 0.25 142 623 162 66 222 59 
624 -0.028492033015149357 0.1403918500991492 0.9999997537485985 0 0 0 0.3 142 624 146 29 164 159 214 43 
625 -0.24392825185462355 0.14319682245816864 0.9955290250370126 0 0 0 0.53 142 625 176 39 196 236 
626 0.06563461019930955 0.14534915490224187 1.0101776868279722 0 0 0 0.21 142 626 147 31 232 85 
627 -0.03068355756561095 -0.09810603422299637 1.0505308341574202 0 0 0 0.44 142 627 185 87 196 237 
628 -0.08876587507761201 -0.09770410003331265 1.044963511306338 0 0 0 0.12 142 628 164 160 185 88 224 103 
629 0.1288090842231862 -0.05655211285045832 1.060053344008543 0 0 0 0.27 142 629 147 32 220 97 222 60 
630 0.1288063922092875 -0.056475022346737215 1.0597931502654905 0 0 0 0.44 142 630 162 67 163 25 217 36 
631 -0.09295535756943174 -0.05393329897298824 1.0322999158317099 0 0 0 0.36 142 631 148 300 159 242 
632 0.059166282483486037 -0.02973115919933339 1.045343811207972 0 0 0 0.07 142 632 148 301 196 238 
633 0.01765857726337837 -0.03293242184670215 1.040044049890978 0 0 0 0.09 142 633 148 302 196 239 220 98 
634 -0.278664546455856 -0.06527371398763172 1.0498680606492665 0 0 0 0.46 142 634 196 240 224 104 
635 0.12748934198486503 -0.01001371890102351 1.050487043186241 0 0 0 0.3 142 635 147 33 148 303 152 13 162 68 163 26 172 50 217 37 220 99 221 60 222 61 
636 -0.015544097110380744 -0.026647796153506164 1.0349956617694291 0 0 0 0.23 142 636 146 30 164 161 
637 -0.03733773792548354 -0.009917375039210845 1.0266880700946093 0 0 0 0.62 142 637 148 304 190 40 194 98 
638 -0.2978097457474314 -0.05162237459339402 0.8599428679021497 0 0 0 0.08 142 638 199 42 224 105 
639 -0.4000916655701176 -0.03634041770457684 1.036091526791483 0 0 0 0.41 142 639 159 243 196 241 
640 -0.3579069959528684 -0.028291411986029698 1.0326738811471368 0 0 0 0.14 142 640 148 305 196 242 224 106 
641 -0.20501920025411394 -0.01332881970944214 1.024806636481484 0 0 0 0.22 142 641 148 306 164 162 185 89 224 107 
642 -0.39910788265388547 -0.031064014069385724 1.0408337329185318 0 0 0 0.1 142 642 159 244 196 243 
643 -0.3608559594713858 -0.00245827544127398 1.0267726749755954 0 0 0 0.27 142 643 148 307 196 244 224 108 
644 -0.40287325902339216 -0.0010803514893342793 1.0275512791344057 0 0 0 0.09 142 644 159 245 196 245 
645 -0.39393441257648004 0.0017829384015664326 1.0261149601462665 0 0 0 0.12 142 645 159 246 196 246 
646 -0.3003749658091897 0.009234381368962232 0.8979495481093629 0 0 0 0.21 142 646 148 308 159 247 164 163 196 247 
647 -0.16595326601819446 0.04360379546734143 1.0159050111852093 0 0 0 0.24 142 647 146 31 159 248 164 164 196 248 214 44 
648 -0.1808623961771361 0.04395428651405788 1.015708218099025 0 0 0 0.17 142 648 198 46 199 43 
649 0.1359950604613864 0.079991071094756 1.035635763593945 0 0 0 0.2 142 649 194 99 220 100 
650 0.007060826339508835 0.08828455520773261 1.0161095053137668 0 0 0 0.15 142 650 196 249 199 44 
651 -0.29975694434041805 0.050341720988239684 0.88701312614215 0 0 0 0.27 142 651 148 309 159 249 164 165 196 250 
652 -0.282647054605616 0.09918309778045457 1.0031402355539178 0 0 0 0.27 142 652 159 250 196 251 
653 -0.27525182808504783 0.1071255053626815 1.002849434662132 0 0 0 0.26 142 653 162 69 164 166 196 252 224 109 
654 -0.3406639082254903 0.12414279809663563 0.9990227839164946 0 0 0 0.47 142 654 159 251 196 253 224 110 
655 -0.2963965808801813 0.12791184889376594 0.9937609258165492 0 0 0 0.34 142 655 148 310 159 252 162 70 164 167 196 254 221 61 224 111 
656 0.1924530084130816 0.13825409151473497 1.027798071464327 0 0 0 0.3 142 656 163 27 194 100 196 255 220 101 
657 -0.295476028240993 0.0961344869146378 0.8421642581031601 0 0 0 0.43 142 657 148 311 159 253 196 256 
658 -0.295476028240993 0.0961344869146378 0.8421642581031601 0 0 0 0.43 142 658 148 312 159 254 196 257 
659 0.10377409179380775 0.14058113305511316 1.016117736420623 0 0 0 0.23 142 659 148 313 198 47 199 45 
660 0.18486242293149002 0.14263664434307288 1.0221692393737694 0 0 0 0.27 142 660 148 314 162 71 163 28 164 168 194 101 196 258 199 46 220 102 222 62 
661 0.1935052643666602 0.1451486888129782 1.0260582122793942 0 0 0 0.37 142 661 148 315 162 72 185 90 194 102 196 259 198 48 214 45 
662 0.03318865594498765 -0.09319916958578937 1.0584567990959974 0 0 0 0.35 142 662 148 316 162 73 196 260 
663 0.1463805145323772 -0.06741263413434845 1.0675868431975508 0 0 0 0.38 142 663 148 317 190 41 220 103 
664 -0.03009831408029724 -0.08980172323422439 1.0472665898052864 0 0 0 0.36 142 664 185 91 196 261 
665 0.016539647777391173 -0.04958461210786111 1.0474480767912482 0 0 0 1.61 142 665 190 42 214 46 
666 0.021457357342107478 -0.03740401311935239 1.0420814066573951 0 0 0 0.54 142 666 148 318 152 14 162 74 164 169 194 103 196 262 198 49 200 28 214 47 220 104 221 62 
667 -0.29921735971957275 -0.07781071874554547 0.8656213092006391 0 0 0 0.12 142 667 148 319 199 47 
668 -0.1645469929148011 -0.043701467003012286 1.0308916011631966 0 0 0 0.28 142 668 164 170 185 92 196 263 220 105 224 112 232 86 
669 -0.3385348295695599 -0.060047457780716795 1.039855605821944 0 0 0 0.26 142 669 148 320 196 264 198 50 199 48 
670 -0.22071010971332516 -0.04311952138083725 1.0352379509126284 0 0 0 0.36 142 670 159 255 196 265 224 113 
671 0.06232915364820609 -0.007096140471795137 1.0388715776231405 0 0 0 0.11 142 671 196 266 199 49 
672 0.04048369289664264 -0.008891173886387348 1.0393749245209385 0 0 0 0.31 142 672 194 104 196 267 
673 -0.3531701415474142 -0.03739533498973735 1.0335257449976867 0 0 0 0.18 142 673 148 321 164 171 196 268 224 114 
674 -0.2699174944815131 -0.052785792076357745 0.6552586659157517 0 0 0 0.48 142 674 198 51 199 50 221 63 
675 -0.348541423871213 -0.0037592296022556514 1.025307254938779 0 0 0 0.17 142 675 148 322 196 269 224 115 
676 -0.33574738888930117 0.006605074823065533 1.0211950896377244 0 0 0 0.39 142 676 148 323 196 270 224 116 
677 -0.3364121597274405 0.006639844077769984 1.021986232055252 0 0 0 0.48 142 677 148 324 224 117 
678 -0.3215913556295662 0.05417346000393873 1.0136878914014835 0 0 0 0.41 142 678 148 325 159 256 164 172 196 271 224 118 
679 -0.3216222116347123 0.05417603664182223 1.013626220836038 0 0 0 0.42 142 679 148 326 164 173 196 272 199 51 224 119 
680 0.18801965900681397 0.08887326188352568 1.0408877452546266 0 0 0 0.24 142 680 148 327 198 52 
681 -0.26995248868558147 0.011955930320319047 0.6410708343098159 0 0 0 0.43 142 681 199 52 224 120 
682 0.1440090221254925 0.1043563655432876 1.0275876309450374 0 0 0 0.59 142 682 164 174 194 105 196 273 198 53 
683 -0.013041406297338978 0.10406855772543834 1.010881176792874 0 0 0 0.38 142 683 148 328 196 274 220 106 
684 -0.3451289107123987 0.10829736464903723 1.0037823560783097 0 0 0 0.82 142 684 148 329 196 275 224 121 
685 0.1979605428170946 0.12655103524300643 1.0310588073187188 0 0 0 0.44 142 685 162 75 220 107 
686 0.03830784882907375 0.11998587627739841 1.012152677602148 0 0 0 0.25 142 686 190 43 204 40 213 56 
687 -0.16543575961075477 0.12070691457234896 0.9971433649668447 0 0 0 0.05 142 687 148 330 196 276 
688 -0.3162375502283352 0.12193297612543277 0.9994250587182004 0 0 0 0.34 142 688 148 331 164 175 196 277 
689 0.18842634176344986 0.13463216091656605 1.0294309551032683 0 0 0 0.44 142 689 148 332 185 93 194 106 196 278 220 108 
690 -0.03994379982935117 0.13517717708414817 1.0011961697868614 0 0 0 0.24 142 690 217 38 220 109 224 122 
691 -0.11849249762637229 -0.045299118298487005 1.0404128686268266 0 0 0 0.61 142 691 148 333 196 279 224 123 
692 -0.043778200778352386 -0.008995804229608188 1.026265001626503 0 0 0 0.29 142 692 176 40 204 41 
693 -0.29484049891644426 -0.03609395380784558 0.8443622236837598 0 0 0 0.4 142 693 159 257 199 53 
694 -0.32383195171081613 -0.0048294803091021524 1.023502592575179 0 0 0 0.36 142 694 196 280 224 124 
695 -0.32383195171081613 -0.0048294803091021524 1.023502592575179 0 0 0 0.36 142 695 196 281 224 125 
696 0.16219303487682635 0.043607617331619046 1.046187115019292 0 0 0 0.16 142 696 198 54 220 110 
697 -0.31236621419367216 0.046399164455418154 1.018185073310747 0 0 0 0.47 142 697 148 334 199 54 221 64 
698 -0.3015748796488323 0.058229695238558546 0.8872911939026799 0 0 0 0.46 142 698 148 335 159 258 164 176 
699 -0.3741444663522661 0.0859002703277145 1.0079405382597983 0 0 0 0.38 142 699 159 259 196 282 
700 -0.13516761037039401 0.0957133044398333 1.0051373287520224 0 0 0 0.25 142 700 148 336 196 283 
701 -0.04005913488184625 0.10366459805910333 1.0059300068384045 0 0 0 0.31 142 701 196 284 217 39 220 111 
702 -0.2703094310025192 0.09776186944924946 1.0025900861272485 0 0 0 0.64 142 702 148 337 196 285 
703 -0.2983517233702016 0.07092615502306512 0.8704451865780566 0 0 0 0.59 142 703 148 338 159 260 164 177 196 286 224 126 
704 -0.2983340930227533 0.07088217615078765 0.870439978605642 0 0 0 0.65 142 704 148 339 159 261 164 178 196 287 
705 -0.10057053155335396 0.10265727911979405 0.999944768093657 0 0 0 0.11 142 705 148 340 185 94 
706 -0.30401576886926307 0.10495593714382107 0.9986426571711816 0 0 0 1.5 142 706 196 288 224 127 
707 -0.24680794349176902 -0.07716481683051306 1.03871974799528 0 0 0 0.26 142 707 159 262 196 289 
708 -0.04387158331051596 -0.0474458701522345 1.0346587014287874 0 0 0 0.74 142 708 148 341 172 51 185 95 196 290 222 63 224 128 227 23 
709 -0.12698747794701556 -0.04458041878213097 1.0348358847383665 0 0 0 0.44 142 709 148 342 185 96 
710 -0.1266912497906156 -0.04466291637958857 1.0343360649507414 0 0 0 0.44 142 710 148 343 185 97 196 291 
711 0.1126237361937025 -0.007080646148769792 1.047102296379425 0 0 0 0.39 142 711 213 57 219 40 
712 -0.2280375061511393 -0.042265385230553065 1.0317119839038877 0 0 0 0.34 142 712 159 263 181 21 224 129 
713 -0.3439375892286981 -0.05532698512956656 1.031522418813162 0 0 0 0.56 142 713 159 264 196 292 
714 -0.27751657043147815 -0.044149551672380556 1.0384336002258185 0 0 0 0.66 142 714 159 265 196 293 
715 -0.2574543826696505 -0.028269018622449724 1.0304942039834621 0 0 0 0.53 142 715 148 344 164 179 196 294 199 55 224 130 
716 -0.27454979878588365 -0.015197999697362583 1.02333576441729 0 0 0 0.43 142 716 148 345 159 266 164 180 181 22 224 131 
717 -0.29472980152679995 0.006590069692868807 0.867563533088517 0 0 0 0.42 142 717 159 267 196 295 
718 -0.3626163680654082 0.026089705473590467 1.0204690917488175 0 0 0 0.48 142 718 148 346 196 296 224 132 
719 -0.2077493274135201 0.04559193572706827 1.0164441668817725 0 0 0 0.3 142 719 148 347 159 268 196 297 
720 -0.3025852466908465 0.01691897014501145 0.8716469584891972 0 0 0 1.0 142 720 159 269 196 298 224 133 
721 -0.30171492531066757 0.016764288480193543 0.870868386366878 0 0 0 1.13 142 721 196 299 224 134 
722 -0.29926778658760195 0.03996612450836976 0.8878974607103369 0 0 0 0.44 142 722 148 348 159 270 196 300 224 135 
723 -0.29775162673137395 0.03838207182408547 0.8642166223960824 0 0 0 0.32 142 723 148 349 159 271 224 136 
724 -0.2882128201555884 0.06864794998191213 0.874083788571794 0 0 0 0.6 142 724 159 272 196 301 
725 -0.29469889285685935 0.07269572300437818 0.834768741386158 0 0 0 0.38 142 725 159 273 196 302 
726 -0.11782546512848524 0.11594503767126185 0.9966280232344796 0 0 0 0.58 142 726 148 350 185 98 
727 -0.2972670605527369 0.09371412969164426 0.8767076344598044 0 0 0 0.51 142 727 159 274 196 303 
728 -0.29069568105592797 0.08894163871608742 0.8077225705755989 0 0 0 0.19 142 728 159 275 224 137 
729 -0.2949761193224997 0.09812878447826637 0.8514686435115064 0 0 0 0.31 142 729 148 351 196 304 
730 -0.2955453660094093 0.11140843901427547 0.8494843470178606 0 0 0 0.24 142 730 148 352 196 305 
731 -0.29498624270737483 0.10400366028330735 0.8088224491531956 0 0 0 0.23 142 731 159 276 224 138 
732 0.13583213548620618 -0.06748149515953987 1.0652276069459357 0 0 0 0.22 142 732 148 353 220 112 
733 0.01619606091956518 -0.07945145402952321 1.0595144174617688 0 0 0 0.78 142 733 148 354 199 56 
734 -0.019963306707929503 -0.07998263206185938 1.0510113619854438 0 0 0 1.54 142 734 148 355 152 15 220 113 
735 -0.14038759853589308 -0.0473370073658621 1.0317998286739536 0 0 0 0.55 142 735 148 356 159 277 164 181 185 99 198 55 220 114 
736 -0.1424502783233089 -0.04730597941008476 1.035027734759432 0 0 0 0.36 142 736 148 357 220 115 
737 0.12531281008706713 0.11534218297446541 1.0240579067200697 0 0 0 0.32 142 737 148 358 164 182 198 56 199 57 213 58 220 116 222 64 232 87 
738 0.06424827202643704 0.11492749908617349 1.0158558151940833 0 0 0 0.2 142 738 194 107 232 88 
739 -0.2068606291489221 0.1177101585029665 1.0001573445905585 0 0 0 0.15 142 739 148 359 196 306 224 139 
740 -0.29298317524590983 0.08105928754110336 0.8216118240709375 0 0 0 0.17 142 740 159 278 181 23 
741 -0.2875995226070527 0.1210331759157464 0.9977274571614493 0 0 0 0.36 142 741 159 279 164 183 176 41 
742 0.1110852762253003 0.13179138317137093 1.0181602893904846 0 0 0 0.37 142 742 148 360 162 76 196 307 217 40 220 117 
743 -0.30427398099492664 0.13326721216343596 0.9948314568777106 0 0 0 0.8 142 743 148 361 164 184 196 308 221 65 224 140 
744 -0.023987807029488693 0.14390507475467268 0.9981457960950152 0 0 0 0.53 142 744 146 32 164 185 172 52 190 44 194 108 198 57 200 29 213 59 220 118 
745 0.0049018990128912475 0.14564443580764183 1.0020072381406875 0 0 0 0.59 142 745 146 33 148 362 164 186 196 309 213 60 
746 -0.006570370829557856 -0.06907591751346202 1.0408063255443198 0 0 0 2.01 142 746 148 363 185 100 220 119 
747 0.13409497939653492 -0.017143955113616504 1.0528803998018526 0 0 0 0.26 142 747 159 280 222 65 
748 0.1527563210378919 0.013309330731836695 1.0519602409215556 0 0 0 0.24 142 748 164 187 217 41 220 120 
749 0.0953275688676942 0.11603138494331029 1.0188167429581385 0 0 0 0.3 142 749 146 34 147 34 217 42 220 121 
750 -0.17207293159255138 0.1163416532020827 1.0008130493975498 0 0 0 0.49 142 750 148 364 176 42 204 42 
751 -0.08104929285560436 -0.060846963458258366 1.0354342165064263 0 0 0 0.69 142 751 159 281 162 77 181 24 185 101 196 310 198 58 219 41 220 122 224 141 
752 0.15296939190687506 -0.01382296815919402 1.0519910023504526 0 0 0 0.34 142 752 147 35 190 45 222 66 
753 0.12305187927277272 -0.013865561252173943 1.049158513171378 0 0 0 0.63 142 753 148 365 152 16 159 282 172 53 185 102 204 43 219 42 220 123 221 66 227 24 232 89 
754 0.1230304079830178 -0.014136833760086903 1.0484742571030927 0 0 0 0.52 142 754 147 36 148 366 152 17 198 59 199 58 213 61 219 43 220 124 221 67 222 67 232 90 
755 -0.27119066549500387 -0.07354645887332521 0.6800091190573896 0 0 0 0.21 142 755 198 60 199 59 
756 0.13817875406002697 0.01828559309974764 1.0498583745743104 0 0 0 0.36 142 756 220 125 232 91 
757 0.1385196470658712 0.018355287031359913 1.0491212280240367 0 0 0 0.46 142 757 147 37 164 188 217 43 220 126 232 92 
758 -0.3845745002731697 -0.03713084852318107 1.0434870662550937 0 0 0 0.97 142 758 159 283 196 311 
759 0.13980692671092287 0.07510678921158595 1.0350386766676987 0 0 0 0.67 142 759 148 367 164 189 217 44 
760 0.1686770895058446 0.11617736150653175 1.031334638131981 0 0 0 0.49 142 760 162 78 222 68 
761 -0.29817108172317247 -0.09802493331826703 0.8577856978723353 0 0 0 0.61 142 761 199 60 224 142 
762 0.09633356778929744 0.13116236156811706 1.0143484326326013 0 0 0 0.31 142 762 198 61 199 61 
763 0.08491586156904161 -0.05750115821361215 1.056370308665078 0 0 0 0.57 142 763 148 368 181 25 198 62 
764 -0.11496721409306601 -0.07199536002301922 1.0435068735611395 0 0 0 1.79 142 764 196 312 198 63 
