# 3D point list with one line of data per point:
#   POINT3D_ID, X, Y, Z, R, G, B, ERROR, TRACK[] as (IMAGE_ID, POINT2D_IDX)
# Number of points: 708, mean track length: 6.43
0 -0.023652895078193525 -0.2669971235098225 0.7011788160187578 0 0 0 0.31 22 0 195 0 230 0 
1 -0.004943085762446358 -0.2513314943231006 0.7104650488423381 0 0 0 0.25 22 1 122 0 230 1 
2 0.09519734319600957 -0.07522377592894652 0.6474987641421922 0 0 0 0.16 22 2 122 1 230 2 
3 0.011432098107465802 -0.044157040056756316 0.6358112057209538 0 0 0 0.17 22 3 90 0 228 0 230 3 
4 0.32201683788150737 -0.04340046798836578 0.6654368220414775 0 0 0 0.24 22 4 94 0 122 2 149 0 230 4 
5 -0.14164420241642656 -0.03304171077661074 0.6649612466569556 0 0 0 0.18 22 5 122 3 230 5 
6 -0.05087712789395889 -0.006606789294746521 0.6614509277784165 0 0 0 0.68 22 6 122 4 149 1 230 6 
7 -0.07817684147228689 0.040428456682347826 0.6383970381486546 0 0 0 0.3 22 7 122 5 210 0 230 7 
8 0.31584557510363687 0.044139194812041545 0.641532839089675 0 0 0 0.39 22 8 122 6 140 0 149 2 230 8 
9 -0.03342861379328747 0.04046100669942057 0.596936708393956 0 0 0 0.34 22 9 149 3 230 9 233 0 
10 0.09835534748965664 0.04460033477979249 0.5981200272195323 0 0 0 0.32 22 10 70 0 122 7 230 10 
11 -0.03350155570324978 0.044511014487103734 0.5950224776614069 0 0 0 0.23 22 11 122 8 230 11 
12 -0.03350155570324978 0.044511014487103734 0.5950224776614069 0 0 0 0.23 22 12 122 9 230 12 
13 0.096083449948032 0.05813631278121513 0.5946582280942198 0 0 0 0.22 22 13 122 10 230 13 
14 -0.17683179615244518 0.06775597986180049 0.623620269093017 0 0 0 0.29 22 14 70 1 230 14 
15 -0.13027898222050033 0.06814219044545872 0.6252795898157426 0 0 0 0.13 22 15 230 15 233 1 
16 -0.12128861188227491 0.07580291750397912 0.616786692549774 0 0 0 0.29 22 16 90 1 230 16 
17 -0.037562019752434485 0.07355508433857255 0.584916395225698 0 0 0 0.08 22 17 122 11 230 17 
18 -0.03752130734185321 0.07352317207773204 0.5850783808750526 0 0 0 0.14 22 18 122 12 149 4 230 18 233 2 
19 0.08010313890362113 0.07854599336664318 0.5892857994551861 0 0 0 0.3 22 19 70 2 122 13 230 19 
20 -0.13266072300632192 0.08692667269190868 0.6199593128661819 0 0 0 0.28 22 20 37 0 94 1 116 0 145 0 149 5 151 0 154 0 183 0 210 1 228 1 230 20 
21 -0.028215447782885733 0.0854525755032305 0.5796663753374981 0 0 0 0.22 22 21 122 14 230 21 
22 -0.08188717246443661 0.09300540716085728 0.6178720781695017 0 0 0 0.32 22 22 122 15 230 22 
23 -0.03581390870959209 0.0897118102690234 0.5845414974834166 0 0 0 0.13 22 23 149 6 230 23 
24 -0.011630784002259146 0.09616455205387157 0.5816890785919668 0 0 0 0.18 22 24 122 16 230 24 
25 0.0758179275149545 0.1020355513397422 0.5841366181560641 0 0 0 0.09 22 25 122 17 230 25 
26 0.08077360562478296 0.10480926503800408 0.579002387318567 0 0 0 0.21 22 26 230 26 233 3 
27 0.09001468980363904 0.12052740399766657 0.5781630566114626 0 0 0 0.12 22 27 70 3 230 27 
28 -0.02208639470865615 0.1270499407528901 0.5692679117575786 0 0 0 0.24 22 28 122 18 230 28 
29 0.2083416050675051 0.143012814116469 0.6055842070602535 0 0 0 0.24 22 29 226 0 230 29 
30 0.2111782024502423 0.1423367532567426 0.568629516543934 0 0 0 0.45 22 30 226 1 230 30 
31 0.06288083269242789 0.14191660862754055 0.5695852591403253 0 0 0 0.19 22 31 70 4 230 31 
32 0.10404691188664238 0.14278626626218072 0.5690186774798881 0 0 0 0.23 22 32 70 5 230 32 233 4 
33 0.03849907661440741 -0.2658925741226036 0.7079417893732113 0 0 0 0.91 22 33 83 0 230 33 
34 0.031232654260103507 -0.23717056998370786 0.7034650785493025 0 0 0 0.16 22 34 45 0 55 0 230 34 
35 0.4551144665451955 -0.22494107308906303 0.8737180381595302 0 0 0 0.3 22 35 161 0 230 35 233 5 
36 -0.27545632063655356 -0.17397179570760687 0.8081082462188605 0 0 0 0.34 22 36 57 0 149 7 230 36 
37 0.06702152159545617 -0.1324350366439892 0.6728132386370134 0 0 0 0.32 22 37 193 0 230 37 
38 0.19165858973738278 -0.038434204589860646 0.6711009984553781 0 0 0 0.16 22 38 83 1 230 38 
39 0.19234365352197338 -0.03849980532305068 0.6731029124620141 0 0 0 0.41 22 39 94 2 230 39 
40 0.26985529717924656 -0.03547821577471501 0.6666523665047879 0 0 0 0.3 22 40 230 40 233 6 
41 0.07842867252512715 -0.024875874524408564 0.6293926329933008 0 0 0 0.29 22 41 90 2 122 19 193 1 230 41 
42 -0.32993258569741507 -0.024981447010136788 0.6606398584946073 0 0 0 0.66 22 42 228 2 230 42 
43 0.21957391488275183 -0.005099968431301701 0.6508915690519742 0 0 0 0.13 22 43 122 20 230 43 
44 0.09611408560554303 -0.0011784506359467323 0.6153854353414301 0 0 0 0.11 22 44 94 3 122 21 230 44 
45 -0.030495648006320906 -0.002006888909040217 0.6087169689369964 0 0 0 0.19 22 45 122 22 230 45 
46 0.0943301696402845 0.005173851421344475 0.612524586663906 0 0 0 0.16 22 46 122 23 230 46 
47 0.030920992487609225 0.02627466472818598 0.6048959217974781 0 0 0 0.25 22 47 94 4 122 24 125 0 139 0 140 1 151 1 166 0 183 1 193 2 205 0 230 47 
48 0.09841832921986908 0.0405212924199946 0.599682462693581 0 0 0 0.28 22 48 70 6 122 25 230 48 233 7 
49 -0.12820892286440697 0.05614606808617016 0.6293570843181807 0 0 0 0.25 22 49 116 1 211 0 230 49 
50 -0.05438147821048178 0.07295702176389206 0.623327428886701 0 0 0 0.29 22 50 122 26 230 50 
51 0.022110649517194884 0.07719321377808488 0.5875348290324768 0 0 0 0.11 22 51 122 27 230 51 
52 0.07795766608746148 0.08019972500722544 0.5899309955554091 0 0 0 0.17 22 52 70 7 90 3 122 28 230 52 233 8 
53 0.007313680817845573 0.08274844688463832 0.5893837059728905 0 0 0 0.29 22 53 70 8 90 4 122 29 149 8 193 3 195 1 230 53 233 9 
54 -0.03123144194209342 0.08612949905387149 0.5812232493315247 0 0 0 0.13 22 54 122 30 230 54 
55 -0.03510073928592378 0.08642282130638997 0.5822828341179709 0 0 0 0.21 22 55 122 31 230 55 
56 -0.06172466766637355 0.09324600469338865 0.6184242353857258 0 0 0 0.08 22 56 140 2 230 56 
57 0.07990954905191237 0.09211833466995398 0.5852027024915785 0 0 0 0.17 22 57 70 9 122 32 230 57 
58 -0.022810715732587947 0.09348831016720893 0.5840631670576478 0 0 0 0.17 22 58 122 33 192 0 195 2 230 58 
59 0.24877551218279334 0.10681542506749818 0.6182063739857978 0 0 0 0.15 22 59 122 34 230 59 233 10 
60 0.09768209777176103 0.10408352640148741 0.5838653157278479 0 0 0 0.24 22 60 195 3 230 60 
61 0.24665797833757952 0.13929651970418347 0.6101413633780187 0 0 0 0.2 22 61 151 2 226 2 230 61 
62 -0.007609956612690964 0.12971953569318692 0.5722131392244604 0 0 0 0.12 22 62 70 10 149 9 230 62 
63 -0.016161058574765803 0.13322321613661717 0.5702600031521801 0 0 0 0.22 22 63 122 35 230 63 
64 0.09261959502182725 0.13910362687695416 0.5709169803014561 0 0 0 0.14 22 64 70 11 230 64 
65 0.022904910714355624 0.1405841325759789 0.568572883911198 0 0 0 0.27 22 65 70 12 122 36 140 3 230 65 233 11 
66 0.013647096672621154 0.14355259905374326 0.567110081283266 0 0 0 0.1 22 66 122 37 230 66 
67 0.00511417657938795 0.14796387082530793 0.565726543737363 0 0 0 0.12 22 67 122 38 230 67 
68 -0.002984921206062514 0.15392882790683776 0.5631534001366618 0 0 0 0.16 22 68 122 39 166 1 193 4 228 3 230 68 233 12 
69 -0.009101232789323488 0.16143731888289387 0.5610137437986834 0 0 0 0.12 22 69 122 40 230 69 233 13 
70 0.0325498124283996 -0.2651744438765638 0.7051865923461593 0 0 0 0.35 22 70 122 41 145 1 149 10 183 2 193 5 210 2 230 70 
71 0.0136946852595529 -0.2543373670104023 0.7130049378569357 0 0 0 0.35 22 71 90 5 230 71 
72 0.013856667405575623 -0.23015940389342462 0.7079604124376855 0 0 0 0.21 22 72 216 0 230 72 
73 0.013924666046451633 -0.23022890007587038 0.7079864727751356 0 0 0 0.29 22 73 90 6 230 73 
74 0.06470384720233363 -0.15269663137988304 0.6759368581019382 0 0 0 0.28 22 74 37 1 45 1 86 0 90 7 94 5 125 1 139 1 230 74 
75 0.057961796778838136 -0.05074833626216107 0.6395332315151729 0 0 0 0.31 22 75 90 8 161 1 226 3 230 75 
76 0.013027204173204932 -0.047719402055823486 0.6367448614633824 0 0 0 0.16 22 76 211 1 230 76 
77 0.32373420075655135 -0.036829705993575795 0.6616363828112318 0 0 0 0.36 22 77 116 2 154 1 230 77 
78 0.4159365443230978 -0.02864300167165214 0.6534202044237767 0 0 0 0.29 22 78 94 6 149 11 230 78 233 14 
79 -0.027859770750555297 -0.027817835453263096 0.6205722063232824 0 0 0 0.2 22 79 122 42 230 79 
80 0.1942347331614058 -0.0277272371463164 0.6676449251923021 0 0 0 0.26 22 80 45 2 90 9 230 80 
81 0.31850511547600335 0.025578312327890602 0.6410982637723167 0 0 0 0.32 22 81 37 2 46 0 94 7 116 3 122 43 140 4 193 6 216 1 228 4 230 81 233 15 
82 -0.029209500004338727 0.021704453361588157 0.6048482424516275 0 0 0 0.24 22 82 45 3 151 3 192 1 211 2 216 2 218 0 226 4 228 5 230 82 
83 -0.009198815703356886 0.023390046472076514 0.6094608333987711 0 0 0 0.23 22 83 90 10 122 44 230 83 
84 0.3205222571364773 0.0289323364961578 0.6400156196332812 0 0 0 0.25 22 84 46 1 140 5 193 7 228 6 230 84 233 16 
85 -0.1565033135259779 0.037916170003189725 0.6375251554675585 0 0 0 0.3 22 85 195 4 230 85 
86 0.2101107761938391 0.049257439197720417 0.6362610055464727 0 0 0 0.29 22 86 94 8 122 45 151 4 177 0 193 8 218 1 228 7 230 86 233 17 
87 0.32323521914028175 0.05116970526612655 0.6293685964818501 0 0 0 0.22 22 87 90 11 94 9 230 87 
88 0.09876507161168008 0.05596315341034997 0.5938590032628862 0 0 0 0.14 22 88 122 46 140 6 230 88 
89 -0.12741693577851723 0.07175687797307825 0.6226741467681881 0 0 0 0.25 22 89 34 0 45 4 55 1 139 2 140 7 149 12 151 5 161 2 183 3 228 8 230 89 
90 0.28342269312193763 0.08557631165354615 0.6258000160841165 0 0 0 0.33 22 90 55 2 140 8 143 0 230 90 
91 -0.0008455386655508298 0.07941046070190652 0.5883028166038538 0 0 0 0.44 22 91 45 5 90 12 195 5 230 91 
92 -0.038990300518401 0.0799400122145592 0.5853449654622499 0 0 0 0.23 22 92 94 10 116 4 122 47 139 3 140 9 143 1 151 6 161 3 193 9 205 1 210 3 211 3 215 0 216 3 226 5 228 9 230 92 233 18 
93 -0.1308680284222681 0.08933961435624409 0.6161036806653315 0 0 0 0.29 22 93 45 6 55 3 195 6 230 93 
94 0.03261837729396114 0.11507325117418062 0.568176380018823 0 0 0 0.23 22 94 70 13 94 11 193 10 195 7 230 94 
95 -0.004101472042482174 0.1190881757974284 0.5760314286368482 0 0 0 0.33 22 95 70 14 83 2 192 2 230 95 
96 -0.03586094949460476 0.15340255083056506 0.561426730658861 0 0 0 0.28 22 96 122 48 230 96 
97 -0.0830783535016934 0.15359004421611092 0.5631798720897125 0 0 0 0.44 22 97 45 7 125 2 132 0 143 2 149 13 161 4 177 1 193 11 205 2 215 1 228 10 230 97 233 19 
98 0.18585457937860855 0.1610045019709836 0.5653710201011104 0 0 0 0.39 22 98 191 0 230 98 
99 0.1308373941994407 0.16077054877413083 0.563923394215208 0 0 0 0.22 22 99 161 5 193 12 230 99 
100 0.06226444076194883 -0.25480330744836865 0.714698847992459 0 0 0 0.24 22 100 132 1 230 100 
101 0.41418023798169357 -0.12253340302071514 0.6940848569683512 0 0 0 0.14 22 101 90 13 230 101 
102 -0.02234776511183371 -0.07928286639446035 0.6418754695689354 0 0 0 0.71 22 102 57 1 90 14 230 102 
103 0.4043995764587056 -0.05239885411380332 0.6630837289682869 0 0 0 0.22 22 103 37 3 46 2 90 15 94 12 116 5 149 14 166 2 215 2 216 4 230 103 
104 0.41118584269978947 -0.05122986316473688 0.6525970640549678 0 0 0 0.13 137 0 149 15 193 13 211 4 212 0 218 2 230 104 233 20 
105 0.4023140976780853 -0.047263072396632286 0.6640989230612583 0 0 0 0.3 22 104 94 13 119 0 122 49 125 3 149 16 166 3 211 5 228 11 230 105 
106 0.4193153337130281 -0.044430285914167894 0.6459851625433295 0 0 0 0.21 22 105 94 14 149 17 166 4 193 14 210 4 215 3 230 106 233 21 
107 0.3910063879835723 -0.04488019683381733 0.6710039405705794 0 0 0 0.33 22 106 45 8 90 16 216 5 230 107 
108 0.39758365827873243 -0.044917642752260185 0.6694824056003875 0 0 0 0.35 22 107 37 4 46 3 94 15 116 6 122 50 125 4 149 18 166 5 216 6 230 108 
109 -0.1602037838034855 -0.04842219695718431 0.6677357369983514 0 0 0 0.38 22 108 122 51 139 4 230 109 
110 0.31219755831117685 -0.04474131016664216 0.66827530890813 0 0 0 0.15 22 109 94 16 161 6 230 110 
111 0.40852413252707687 -0.0010272305338910007 0.6489280421554727 0 0 0 0.33 22 110 94 17 149 19 166 6 193 15 230 111 
112 0.20824892215821922 0.029757279578589042 0.6500948631349656 0 0 0 0.39 22 111 189 0 210 5 230 112 
113 -0.028685152035056616 0.031123726637628663 0.6003155709939778 0 0 0 0.28 22 112 90 17 122 52 230 113 
114 -0.0031240913903433257 0.05753884014696315 0.5971268880796065 0 0 0 0.37 22 113 45 9 230 114 
115 0.20401279917951096 0.06969451585970253 0.6281807567892411 0 0 0 0.35 22 114 45 10 139 5 140 10 161 7 166 7 183 4 226 6 230 115 233 22 
116 -0.029997131080282225 0.07433343593568008 0.5850176113410385 0 0 0 0.51 22 115 70 15 195 8 230 116 
117 -0.028627147824361602 0.07836698502543774 0.58201667212918 0 0 0 0.25 22 116 34 1 55 4 90 18 94 18 122 53 139 6 140 11 143 3 145 2 149 20 151 7 161 8 166 8 183 5 195 9 205 3 211 6 216 7 228 12 230 117 233 23 
118 0.013135394577131318 0.08050567864595627 0.5911260585066469 0 0 0 0.4 22 117 37 5 45 11 57 2 90 19 94 19 116 7 119 1 122 54 125 5 132 2 139 7 140 12 143 4 151 8 193 16 211 7 216 8 228 13 230 118 233 24 
119 -0.023663357198236482 0.08016289362728563 0.5824122797176168 0 0 0 0.36 22 118 70 16 90 20 122 55 205 4 230 119 
120 -0.08485881351217069 0.09041254341121419 0.6190187626388655 0 0 0 0.27 22 119 125 6 139 8 140 13 144 0 145 3 149 21 151 9 154 2 166 9 189 1 191 1 193 17 210 6 211 8 216 9 218 3 230 120 
121 0.25055678883105176 0.10097610448227173 0.6171181480646334 0 0 0 0.26 22 120 55 5 59 0 90 21 116 8 125 7 137 1 140 14 143 5 144 1 145 4 149 22 193 18 216 10 218 4 230 121 233 25 
122 0.028491485797733352 0.09691476293207096 0.5776167853556595 0 0 0 0.3 22 121 122 56 137 2 139 9 140 15 143 6 166 10 193 19 211 9 216 11 226 7 228 14 230 122 
123 0.17395423728034776 0.1272402202406274 0.6147687699027352 0 0 0 0.22 22 122 94 20 230 123 
124 0.04458755640802428 0.13589819381553203 0.5700811303465876 0 0 0 0.4 22 123 34 2 45 12 195 10 228 15 230 124 233 26 
125 0.0445999140020354 0.1360940051878184 0.5703681722310061 0 0 0 0.38 22 124 45 13 55 6 119 2 132 3 143 7 144 2 177 2 193 20 195 11 211 10 215 4 218 5 228 16 230 125 233 27 
126 0.1391444925044133 0.15668357989010143 0.5637889589168299 0 0 0 0.31 22 125 45 14 90 22 151 10 161 9 230 126 
127 0.14664012192291045 0.15711316076618503 0.5653190183963435 0 0 0 0.39 22 126 132 4 139 10 151 11 161 10 211 11 228 17 230 127 
128 0.1467927322956005 0.15990543862703055 0.563394592818937 0 0 0 0.4 22 127 83 3 161 11 230 128 
129 0.10776350579396739 0.16274517581163553 0.5603133794119998 0 0 0 0.36 22 128 45 15 90 23 122 57 132 5 211 12 230 129 233 28 
130 0.4237241705544968 -0.1181339888565016 0.6806798303158957 0 0 0 0.42 37 6 46 4 86 1 94 21 122 58 143 8 149 23 166 11 211 13 215 5 230 130 
131 0.4262464503199771 -0.10581814765339963 0.6765783295201919 0 0 0 0.45 94 22 122 59 125 8 149 24 151 12 166 12 193 21 218 6 230 131 
132 -0.19261928172359213 -0.05299148239555243 0.6698008075856343 0 0 0 0.23 22 129 195 12 230 132 
133 -0.13250340712693057 -0.04218279946223829 0.6672652259190558 0 0 0 0.06 22 130 45 16 230 133 
134 -0.1324990022306799 -0.04218341755696358 0.6672008079207826 0 0 0 0.07 22 131 139 11 230 134 
135 -0.10583144150873086 -0.04139369156214165 0.6661742390747143 0 0 0 0.43 22 132 45 17 57 3 70 17 90 24 119 3 149 25 228 18 230 135 
136 0.4123903367818008 -0.033628694457993095 0.6528737718274209 0 0 0 0.35 34 3 37 7 46 5 57 4 122 60 149 26 151 13 193 22 211 14 228 19 230 136 
137 -0.21835772084228972 -0.03441667289764507 0.6668468486203015 0 0 0 0.15 22 133 45 18 90 25 230 137 
138 0.3770270891176444 -0.02896130420528022 0.6667690806971439 0 0 0 0.2 22 134 45 19 90 26 139 12 230 138 233 29 
139 0.2695788324260004 -0.029327544905953577 0.6676618413312498 0 0 0 0.25 22 135 59 1 116 9 119 4 144 3 149 27 212 1 230 139 
140 0.4107190206358792 -0.022519494091749703 0.6542482884912445 0 0 0 0.35 46 6 94 23 125 9 139 13 149 28 166 13 193 23 210 7 211 15 212 2 230 140 233 30 
141 0.08260297922240259 -0.009387200183097941 0.622207864894803 0 0 0 0.21 22 136 37 8 45 20 46 7 47 0 55 7 59 2 90 27 94 24 116 10 119 5 122 61 125 10 139 14 140 16 151 14 161 12 166 14 189 2 191 2 193 24 205 5 211 16 212 3 215 6 216 12 228 20 230 141 233 31 
142 -0.09927471780274592 -0.006362133027430064 0.6589970752753989 0 0 0 0.39 22 137 90 28 122 62 230 142 
143 0.2873819417827314 0.013179003833478219 0.6481864254190077 0 0 0 0.19 22 138 45 21 90 29 230 143 
144 0.3185114595864704 0.01665911101657413 0.6442785162583938 0 0 0 0.2 22 139 37 9 45 22 46 8 90 30 116 11 125 11 139 15 140 17 151 15 166 15 177 3 193 25 210 8 216 13 218 7 228 21 230 144 233 32 
145 -0.028206687551009337 0.0163748835102568 0.6058487630014657 0 0 0 0.13 22 140 55 8 139 16 216 14 230 145 
146 -0.08030086502301322 0.026598991235926087 0.6451867489995932 0 0 0 0.39 22 141 195 13 230 146 
147 0.09477075649632008 0.03459839059029839 0.6054515929600823 0 0 0 0.31 22 142 45 23 59 3 90 31 122 63 125 12 132 6 139 17 228 22 230 147 
148 0.08274350889468006 0.0345760850160337 0.6071635765534924 0 0 0 0.37 22 143 122 64 132 7 139 18 211 17 230 148 233 33 
149 -0.15938849647414327 0.033924682010283064 0.6381276437956398 0 0 0 0.28 22 144 90 32 161 13 205 6 211 18 228 23 230 149 
150 -0.07966528578494678 0.035041744495652 0.6393932033862276 0 0 0 0.48 22 145 70 18 192 3 195 14 230 150 
151 -0.0748759499197256 0.04654474281224676 0.6353248072360038 0 0 0 0.54 22 146 70 19 122 65 230 151 
152 -0.07496557499004883 0.046753624586761564 0.6359560372851053 0 0 0 0.54 22 147 70 20 230 152 
153 0.037588453390680725 0.05287524758436037 0.5913174767367286 0 0 0 0.22 22 148 139 19 211 19 230 153 
154 0.0023118387014270875 0.05477972072925961 0.5992965612208165 0 0 0 0.08 22 149 139 20 230 154 
155 -0.16583255125174678 0.06465045998273222 0.6265766212798926 0 0 0 0.47 22 150 70 21 230 155 
156 0.1780519007544685 0.07065137495340208 0.6297842491982732 0 0 0 0.44 22 151 45 24 57 5 211 20 230 156 
157 -0.17167315066356506 0.07065735314911847 0.6255689342730346 0 0 0 0.24 22 152 161 14 230 157 
158 -0.07514146062149225 0.12551022820634708 0.6057900579717496 0 0 0 0.21 22 153 195 15 230 158 233 34 
159 0.21149827862715717 0.12955610357088612 0.6056197788928582 0 0 0 0.4 22 154 37 10 59 4 122 66 132 8 137 3 140 18 166 16 177 4 193 26 202 0 210 9 211 21 215 7 216 15 218 8 228 24 230 159 233 35 
160 0.029187836048320544 0.13006402781019416 0.5728749879196857 0 0 0 0.19 22 155 55 9 137 4 143 9 215 8 230 160 
161 -0.004878206861107533 0.1315456848584725 0.5720130272144591 0 0 0 0.33 22 156 37 11 46 9 90 33 116 12 149 29 151 16 195 16 211 22 228 25 230 161 
162 0.052316287235056505 0.13222627920981486 0.5757312457599285 0 0 0 0.25 22 157 45 25 230 162 
163 0.061357042149283336 0.13614988506359021 0.5721035003462498 0 0 0 0.38 22 158 34 4 37 12 45 26 46 10 57 6 59 5 70 22 83 4 90 34 116 13 122 67 132 9 139 21 140 19 144 4 149 30 151 17 166 17 177 5 193 27 205 7 211 23 216 16 218 9 228 26 230 163 233 36 
164 -0.010071685316731067 0.13517738725709297 0.5693942408178196 0 0 0 0.43 22 159 45 27 70 23 83 5 90 35 122 68 139 22 154 3 166 18 183 6 192 4 195 17 202 1 211 24 228 27 230 164 233 37 
165 0.017911746690990597 0.13985966003722855 0.5708850970086405 0 0 0 0.27 22 160 37 13 70 24 122 69 132 10 139 23 144 5 149 31 151 18 193 28 211 25 228 28 230 165 233 38 
166 0.05088455100001457 0.14098210906661532 0.5709312482925477 0 0 0 0.47 22 161 34 5 37 14 45 28 132 11 145 5 149 32 192 5 228 29 230 166 233 39 
167 0.058755981596758926 0.14077649713630053 0.5708641038890311 0 0 0 0.2 22 162 37 15 70 25 116 14 122 70 195 18 211 26 228 30 230 167 233 40 
168 -0.03484525241621111 0.13909770995769294 0.5666410925219185 0 0 0 0.27 22 163 151 19 205 8 218 10 230 168 
169 0.00032395708820968846 0.14048193133014134 0.5702063777706219 0 0 0 0.23 22 164 70 26 83 6 90 36 122 71 132 12 140 20 144 6 177 6 192 6 211 27 230 169 233 41 
170 0.0509674145798407 0.16847817812364016 0.5643335969436437 0 0 0 0.32 22 165 34 6 37 16 55 10 57 7 90 37 116 15 119 6 122 72 139 24 143 10 144 7 145 6 149 33 183 7 191 3 193 29 202 2 211 28 212 4 218 11 230 170 233 42 
171 -0.035814607665908216 0.1671577950756705 0.5552778378692504 0 0 0 0.27 22 166 195 19 230 171 
172 -0.035814607665908216 0.1671577950756705 0.5552778378692504 0 0 0 0.27 22 167 195 20 230 172 
173 0.41175796748625776 -0.04508953453120361 0.6512512307323259 0 0 0 0.35 22 168 37 17 45 29 46 11 55 11 122 73 140 21 177 7 191 4 193 30 210 10 211 29 216 17 228 31 230 173 233 43 
174 0.4074469569764123 -0.042639218185018944 0.660748746830147 0 0 0 0.3 34 7 37 18 46 12 57 8 59 6 86 2 94 25 122 74 125 13 144 8 149 34 151 20 166 19 177 8 191 5 211 30 212 5 215 9 216 18 218 12 228 32 230 174 233 44 
175 0.29424588573779803 -0.03963309229417322 0.6695359293175592 0 0 0 0.46 22 169 57 9 139 25 149 35 228 33 230 175 
176 0.40155993726547556 -0.011441653370307897 0.6568825297121983 0 0 0 0.21 22 170 119 7 230 176 
177 0.40118749823364175 -0.011417267858694105 0.656343305265094 0 0 0 0.32 22 171 57 10 119 8 166 20 230 177 
178 0.40527997922539577 0.008783843950144381 0.644242073446869 0 0 0 0.26 45 30 55 12 119 9 137 5 166 21 177 9 215 10 226 8 230 178 
179 0.07831288629494798 0.025107441980125295 0.6107719541229087 0 0 0 0.26 22 172 34 8 37 19 45 31 46 13 47 1 55 13 59 7 86 3 90 38 94 26 116 16 119 10 125 14 132 13 137 6 140 22 143 11 144 9 145 7 149 36 151 21 154 4 161 15 166 22 177 10 183 8 189 3 191 6 193 31 202 3 205 9 210 11 211 31 215 11 216 19 218 13 226 9 228 34 230 179 233 45 
180 -0.01747578330636219 0.09184059753497255 0.5853934870590503 0 0 0 0.35 22 173 34 9 37 20 45 32 59 8 90 39 119 11 122 75 132 14 137 7 143 12 144 10 145 8 149 37 151 22 189 4 193 32 195 21 202 4 216 20 228 35 230 180 
181 -0.009423996603120023 0.11576349830195701 0.5761898588856873 0 0 0 0.32 22 174 70 27 83 7 192 7 195 22 230 181 
182 0.08172699937368388 0.11705118759637914 0.5766532372352831 0 0 0 0.23 22 175 37 21 45 33 46 14 55 14 59 9 70 28 90 40 119 12 122 76 125 15 132 15 137 8 139 26 143 13 144 11 149 38 151 23 161 16 183 9 189 5 191 7 192 8 193 33 195 23 205 10 211 32 212 6 215 12 218 14 226 10 228 36 230 182 233 46 
183 0.20930790818039022 0.1366204656513992 0.6104739395248657 0 0 0 0.62 22 176 183 10 230 183 
184 0.059874156121013294 0.1316296843758729 0.5741418422064106 0 0 0 0.3 22 177 37 22 45 34 46 15 55 15 57 11 90 41 119 13 122 77 125 16 132 16 137 9 139 27 177 11 183 11 189 6 193 34 202 5 212 7 215 13 218 15 228 37 230 184 233 47 
185 0.0622949159183459 0.18908690730492958 0.5519910425166848 0 0 0 0.37 22 178 34 10 57 12 90 42 137 10 139 28 144 12 145 9 191 8 193 35 211 33 215 14 230 185 
186 0.4506581757665784 -0.20692554793972467 0.8757574042132317 0 0 0 1.23 22 179 34 11 45 35 230 186 
187 -0.19429370855535297 -0.036099044596355906 0.657771382735273 0 0 0 0.33 22 180 70 29 230 187 
188 0.38570481242264576 -0.026187960781356354 0.6648512860481819 0 0 0 0.27 22 181 45 36 90 43 125 17 139 29 166 23 202 6 211 34 212 8 228 38 230 188 233 48 
189 0.376907689734515 -0.017350620776242554 0.6614440596386375 0 0 0 0.4 22 182 45 37 122 78 230 189 
190 -0.16754028017577755 0.012484565652723207 0.649121336876728 0 0 0 0.11 22 183 195 24 230 190 
191 0.02557524936561064 0.05467520807220648 0.5927903896434111 0 0 0 0.48 22 184 45 38 57 13 70 30 90 44 230 191 
192 0.053990617082723076 0.12621761593130745 0.5783906663729561 0 0 0 0.26 22 185 90 45 230 192 
193 0.07103334840520502 0.1438752985546465 0.5680651015523099 0 0 0 0.28 22 186 37 23 46 16 191 9 230 193 
194 -0.002374941434127086 -0.1956946931222945 0.6951698503922507 0 0 0 0.43 22 187 45 39 230 194 
195 0.0985115339076835 0.16891033407429237 0.5604687540164042 0 0 0 0.7 22 188 70 31 230 195 
196 0.08107354929230329 -0.06258179386120621 0.6400588759264594 0 0 0 0.4 22 189 45 40 192 9 230 196 
197 -0.006862657794853226 0.12649990254822896 0.5750336498654794 0 0 0 0.51 22 190 45 41 70 32 83 8 90 46 122 79 139 30 140 23 145 10 183 12 192 10 193 36 195 25 211 35 230 197 233 49 
198 -0.1370415151121599 0.07838477110778985 0.6213412508675292 0 0 0 0.5 22 191 90 47 144 13 195 26 211 36 230 198 233 50 
199 0.06297653553537455 -0.22837489164854213 0.7079383756648135 0 0 0 0.59 22 192 45 42 90 48 230 199 
200 0.06297653553537455 -0.22837489164854213 0.7079383756648135 0 0 0 0.59 22 193 45 43 90 49 230 200 
201 0.01212963807943945 -0.08104422418520003 0.6533258406132979 0 0 0 1.45 22 194 195 27 230 201 
202 0.01212963807943945 -0.08104422418520003 0.6533258406132979 0 0 0 1.45 22 195 195 28 230 202 
203 0.09222203014760579 -0.27924769182317427 0.7100817503074478 0 0 0 0.13 34 12 45 44 230 203 
204 0.08713960606537687 -0.2765197749988752 0.7142655837361768 0 0 0 0.31 34 13 86 4 94 27 125 18 230 204 
205 0.09309864267289525 -0.258449480337996 0.7098660508084258 0 0 0 0.41 34 14 37 24 122 80 125 19 140 24 143 14 149 39 151 24 161 17 166 24 195 29 218 16 230 205 
206 0.45245463706482497 -0.2184688403386589 0.8450767137813063 0 0 0 0.55 34 15 145 11 230 206 
207 -0.008397077931335265 -0.1306166454503104 0.6656074454903332 0 0 0 0.37 34 16 55 16 177 12 205 11 218 17 228 39 230 207 
208 -0.25157745957592326 -0.03339356713649679 0.6642370120616164 0 0 0 0.35 34 17 94 28 139 31 154 5 210 12 230 208 
209 0.07744767506302379 -0.04248942207416019 0.6370364964087003 0 0 0 0.34 34 18 45 45 122 81 139 32 140 25 149 40 151 25 161 18 193 37 210 13 211 37 215 15 216 21 228 40 230 209 233 51 
210 0.41046919990830033 -0.07417125984206598 0.6759798275534546 0 0 0 0.25 34 19 90 50 125 20 139 33 140 26 166 25 193 38 212 9 215 16 230 210 
211 0.07736806930735526 -0.03018333644517717 0.6315996552415161 0 0 0 0.21 34 20 37 25 55 17 90 51 94 29 116 17 119 14 122 82 132 17 140 27 149 41 154 6 161 19 177 13 193 39 205 12 216 22 218 18 226 11 228 41 230 211 233 52 
212 0.07734822977573735 -0.030280891807970993 0.6316842087001606 0 0 0 0.27 34 21 37 26 45 46 57 14 86 5 90 52 94 30 116 18 119 15 122 83 132 18 140 28 144 14 145 12 149 42 161 20 177 14 191 10 193 40 205 13 211 38 218 19 228 42 230 212 233 53 
213 0.41878435879101517 -0.015556611407618236 0.6348827996613425 0 0 0 0.25 34 22 37 27 45 47 57 15 94 31 125 21 149 43 166 26 177 15 193 41 211 39 212 10 218 20 228 43 230 213 
214 0.2073179526101922 0.04060342922246201 0.6463112734712647 0 0 0 0.3 34 23 46 17 55 18 116 19 132 19 139 34 143 15 191 11 193 42 211 40 216 23 218 21 230 214 
215 0.09449786988696149 0.08127308082723496 0.5865244836247784 0 0 0 0.31 34 24 37 28 45 48 47 2 90 53 94 32 122 84 125 22 140 29 149 44 151 26 166 27 205 14 218 22 230 215 233 54 
216 0.17255246897499335 0.10102098838596285 0.6237245224456365 0 0 0 0.39 34 25 37 29 46 18 151 27 193 43 230 216 233 55 
217 0.028546053421826523 0.11382618150923028 0.5714294675938159 0 0 0 0.45 34 26 90 54 122 85 125 23 149 45 151 28 166 28 177 16 193 44 211 41 228 44 230 217 233 56 
218 0.21062761361633592 0.1216391802275427 0.6068346183947236 0 0 0 0.27 34 27 46 19 90 55 94 33 116 20 119 16 122 86 125 24 140 30 151 29 211 42 228 45 230 218 233 57 
219 0.08149604917230466 -0.6982580952422768 0.9042553200928066 0 0 0 0.38 34 28 37 30 45 49 46 20 55 19 59 10 86 6 90 56 94 34 116 21 119 17 122 87 139 35 149 46 151 30 166 29 183 13 189 7 191 12 202 7 205 15 211 43 212 11 218 23 230 219 
220 0.020858331471673725 -0.6258274565950624 0.8745164918038257 0 0 0 0.25 34 29 57 16 59 11 144 15 189 8 211 44 212 12 230 220 
221 0.026625909792417243 -0.21197789060893327 0.7010847311970595 0 0 0 0.35 34 30 45 50 55 20 59 12 90 57 94 35 116 22 119 18 140 31 144 16 149 47 154 7 161 21 202 8 205 16 211 45 212 13 215 17 230 221 
222 0.06944324227763102 -0.13589436662473028 0.6718457151082029 0 0 0 0.41 34 31 45 51 90 58 119 19 122 88 125 25 139 36 143 16 151 31 161 22 166 30 193 45 205 17 211 46 228 46 230 222 
223 0.4116396648044806 -0.07275815861579271 0.6843039050999288 0 0 0 0.22 34 32 37 31 55 21 59 13 86 7 90 59 94 36 116 23 119 20 125 26 137 11 139 37 140 32 144 17 151 32 154 8 166 31 177 17 191 13 193 46 202 9 211 47 212 14 216 24 228 47 230 223 233 58 
224 0.4105259874230435 -0.06970563016166738 0.663871198523217 0 0 0 0.23 34 33 37 32 46 21 94 37 122 89 125 27 144 18 149 48 177 18 191 14 193 47 211 48 216 25 218 24 228 48 230 224 
225 -0.03585313918165537 0.023162902057732138 0.6077811234261211 0 0 0 0.19 34 34 45 52 90 60 116 24 122 90 139 38 140 33 149 49 151 33 161 23 193 48 205 18 211 49 216 26 228 49 230 225 
226 0.030930931743343774 0.018097377615793213 0.6089051982423764 0 0 0 0.1 34 35 45 53 230 226 
227 0.08884788780115664 0.026790518397271004 0.6087181102573206 0 0 0 0.28 34 36 45 54 132 20 139 39 205 19 230 227 
228 0.09453055994360675 0.03465966029407511 0.6052194056349867 0 0 0 0.27 34 37 47 3 59 14 90 61 122 91 125 28 139 40 151 34 215 18 228 50 230 228 233 59 
229 0.07090077869341059 0.05580374029724718 0.599425205342102 0 0 0 0.21 34 38 37 33 46 22 55 22 57 17 59 15 86 8 90 62 94 38 116 25 119 21 122 92 125 29 132 21 139 41 144 19 151 35 154 9 161 24 166 32 177 19 183 14 189 9 193 49 202 10 205 20 211 50 212 15 216 27 218 25 228 51 230 229 233 60 
230 0.2586943851438569 0.06016630633915205 0.633672201590565 0 0 0 0.22 34 39 37 34 46 23 122 93 125 30 132 22 230 230 
231 0.27703013067252813 0.05910373147711754 0.6336115043706873 0 0 0 0.24 34 40 57 18 145 13 177 20 228 52 230 231 
232 0.0903699619947662 0.0710791172501055 0.5928800883779313 0 0 0 0.23 34 41 55 23 139 42 144 20 145 14 230 232 
233 -0.027567720376108978 0.09460783007133702 0.5832472762713601 0 0 0 0.26 34 42 45 55 55 24 59 16 116 26 122 94 125 31 132 23 137 12 139 43 145 15 149 50 151 36 166 33 177 21 183 15 193 50 202 11 211 51 212 16 215 19 216 28 218 26 226 12 228 53 230 233 
234 -0.018651081681223626 0.13707775411249368 0.567846962842182 0 0 0 0.36 34 43 55 25 183 16 230 234 
235 0.0015200018400046288 0.15108535994344682 0.562951061017046 0 0 0 0.36 34 44 59 17 90 63 122 95 132 24 139 44 140 34 143 17 144 21 149 51 166 34 193 51 211 52 212 17 228 54 230 235 233 61 
236 0.1551502063922826 0.1597831567451211 0.5613103588213865 0 0 0 0.23 34 45 59 18 149 52 161 25 193 52 205 21 228 55 230 236 
237 -0.007125752482478238 -0.25766619519486594 0.7111817571364011 0 0 0 0.35 34 46 45 56 47 4 57 19 59 19 90 64 94 39 116 27 125 32 132 25 140 35 144 22 145 16 149 53 151 37 154 10 161 26 177 22 193 53 202 12 205 22 211 53 212 18 230 237 
238 0.08154765045523409 -0.25676697860077935 0.7121210434112386 0 0 0 0.46 34 47 37 35 45 57 47 5 90 65 94 40 116 28 119 22 144 23 145 17 149 54 151 38 161 27 166 35 189 10 193 54 202 13 205 23 211 54 212 19 230 238 
239 -0.03849271256520059 0.12472408830826744 0.6017027079308375 0 0 0 0.24 34 48 37 36 45 58 57 20 59 20 90 66 94 41 125 33 140 36 143 18 144 24 149 55 151 39 161 28 166 36 177 23 183 17 189 11 191 15 210 14 211 55 212 20 226 13 230 239 233 62 
240 0.07157077924079998 0.13005771199940422 0.5733964503206445 0 0 0 0.29 34 49 37 37 45 59 55 26 57 21 116 29 119 23 122 96 125 34 132 26 137 13 139 45 140 37 143 19 144 25 145 18 149 56 151 40 166 37 183 18 189 12 191 16 193 55 211 56 212 21 215 20 216 29 218 27 226 14 228 56 230 240 233 63 
241 0.0218975097683526 -0.2532355233673342 0.7124182185658192 0 0 0 0.47 34 50 47 6 59 21 94 42 125 35 132 27 140 38 144 26 149 57 151 41 183 19 218 28 230 241 
242 -0.03284465071518175 -0.20377257891310357 0.8403105615888806 0 0 0 0.43 34 51 45 60 90 67 125 36 144 27 154 11 211 57 228 57 230 242 
243 0.0684101847608356 0.15587231096834042 0.5620918204948174 0 0 0 0.34 34 52 57 22 139 46 230 243 
244 0.4171293642530492 -0.2204949957326945 0.7344478274363843 0 0 0 0.6 34 53 90 68 122 97 230 244 
245 -0.13771624496187887 -0.0221519725051552 0.6612429162050899 0 0 0 0.3 34 54 37 38 45 61 57 23 90 69 116 30 119 24 139 47 140 39 143 20 144 28 145 19 149 58 151 42 154 12 161 29 177 24 183 20 193 56 205 24 210 15 211 58 226 15 230 245 233 64 
246 0.013453813090275272 -0.031288206945024315 0.6314867071458816 0 0 0 0.29 34 55 57 24 59 22 90 70 116 31 122 98 125 37 139 48 140 40 143 21 144 29 149 59 151 43 154 13 177 25 211 59 212 22 216 30 228 58 230 246 
247 0.4003882514231223 -0.049025018662041106 0.6687746177758103 0 0 0 0.33 34 56 45 62 57 25 59 23 90 71 94 43 119 25 125 38 140 41 149 60 151 44 166 38 191 17 193 57 211 60 212 23 215 21 216 31 228 59 230 247 
248 0.40262324878105277 0.0014952744962710193 0.6510470770092521 0 0 0 0.26 34 57 37 39 45 63 57 26 86 9 119 26 125 39 139 49 143 22 144 30 149 61 154 14 166 39 189 13 191 18 212 24 216 32 226 16 230 248 
249 0.10165298444636925 0.09149607363397598 0.5862903181633512 0 0 0 0.39 34 58 57 27 125 40 132 28 139 50 140 42 144 31 145 20 151 45 161 30 193 58 202 14 211 61 228 60 230 249 
250 0.4455523325907617 -0.2062566699065578 0.7208599914247025 0 0 0 0.49 34 59 45 64 116 32 139 51 144 32 149 62 154 15 166 40 211 62 212 25 230 250 233 65 
251 -0.03739856755694301 -0.2152038561478414 0.8380611113359293 0 0 0 0.71 34 60 45 65 205 25 230 251 
252 0.418077868830865 -0.096098766754901 0.6882697001081437 0 0 0 0.6 34 61 116 33 137 14 139 52 144 33 151 46 189 14 202 15 212 26 230 252 
253 0.022723016901037184 -0.6359688557977454 0.8735669373836427 0 0 0 0.69 37 40 90 72 94 44 183 21 230 253 
254 0.017159713281362617 -0.6305692781402227 0.87546762758688 0 0 0 0.18 37 41 46 24 86 10 94 45 116 34 149 63 151 47 211 63 230 254 
255 0.030756589699005233 -0.2828137928725182 0.7074685052476296 0 0 0 0.25 37 42 90 73 140 43 230 255 
256 -0.008334906772310975 -0.23614271615267055 0.7052475330881698 0 0 0 0.43 37 43 90 74 94 46 125 41 132 29 230 256 
257 0.42976779957015865 -0.2680163300799283 0.7580229516182384 0 0 0 0.24 37 44 46 25 122 99 230 257 
258 0.07377020475065582 -0.19755322029491668 0.6957738082791107 0 0 0 0.39 37 45 45 66 47 7 90 75 137 15 139 53 151 48 193 59 205 26 226 17 230 258 
259 0.4107054655233646 -0.06459462532913288 0.6614129535471996 0 0 0 0.32 37 46 46 26 94 47 193 60 230 259 
260 0.06271495586373378 -0.035247502479191554 0.6335551650904563 0 0 0 0.19 37 47 45 67 90 76 122 100 230 260 
261 0.19490097944875695 -0.023840040613005375 0.6632673344829688 0 0 0 0.11 37 48 90 77 230 261 
262 0.4040065487176567 -0.008446330446780453 0.6509210381565133 0 0 0 0.16 37 49 122 101 140 44 211 64 230 262 233 66 
263 0.32092007187899796 0.011329903634906633 0.6438150828099205 0 0 0 0.53 37 50 45 68 90 78 125 42 139 54 151 49 192 11 211 65 228 61 230 263 233 67 
264 0.08212460734016604 0.028294608629040385 0.609232574792878 0 0 0 0.2 37 51 45 69 46 27 90 79 94 48 122 102 149 64 193 61 195 30 211 66 230 264 233 68 
265 0.31503079694215613 0.040434239885199154 0.6462829346116532 0 0 0 0.24 37 52 90 80 149 65 154 16 193 62 211 67 230 265 
266 0.09137387124963699 0.04794052403593988 0.6015902000010498 0 0 0 0.32 37 53 139 55 149 66 161 31 216 33 226 18 230 266 233 69 
267 0.2520719154211026 0.049663858139058326 0.6375669892189262 0 0 0 0.18 37 54 140 45 230 267 
268 0.09251241157189219 0.0683492350815887 0.5902536680730247 0 0 0 0.39 37 55 45 70 47 8 70 33 90 81 94 49 116 35 122 103 125 43 140 46 144 34 149 67 151 50 166 41 183 22 192 12 193 63 195 31 211 68 230 268 233 70 
269 0.28123185469934153 0.10978956114855136 0.615503672617252 0 0 0 0.33 37 56 46 28 122 104 149 68 151 51 193 64 228 62 230 269 233 71 
270 0.08186581832458226 -0.7129746371342441 0.9101011603257158 0 0 0 0.35 37 57 45 71 46 29 55 27 57 28 86 11 94 50 119 27 139 56 144 35 149 69 151 52 166 42 183 23 191 19 205 27 211 69 212 27 218 29 226 19 230 270 
271 0.07389505407735865 -0.22400054472301165 0.7069623247160565 0 0 0 0.24 37 58 45 72 205 28 230 271 
272 0.41635318027814067 -0.06532129935243781 0.6559778037631516 0 0 0 0.23 37 59 46 30 59 24 140 47 149 70 151 53 211 70 218 30 228 63 230 272 
273 0.27617744495090146 -0.029576504754353004 0.6656709285467848 0 0 0 0.29 37 60 45 73 116 36 140 48 151 54 166 43 230 273 
274 0.4354727803394989 -0.04245934356759978 0.6456533474749344 0 0 0 0.53 37 61 149 71 151 55 211 71 228 64 230 274 
275 0.3991720355174821 0.014356077045313541 0.6451712271750449 0 0 0 0.25 37 62 46 31 55 28 57 29 59 25 94 51 116 37 119 28 125 44 137 16 140 49 143 23 144 36 149 72 151 56 154 17 166 44 177 26 191 20 193 65 210 16 211 72 212 28 215 22 216 34 218 31 226 20 228 65 230 275 233 72 
276 0.014608630780415974 0.0617121789418119 0.5964427018032962 0 0 0 0.28 37 63 151 57 230 276 
277 0.20804554129140873 0.06981220313119746 0.6246926931551399 0 0 0 0.4 37 64 45 74 59 26 125 45 140 50 151 58 166 45 191 21 193 66 205 29 211 73 216 35 218 32 226 21 230 277 
278 -0.16666215875260187 0.08973131790710231 0.6179919053731322 0 0 0 0.28 37 65 45 75 125 46 140 51 143 24 149 73 151 59 154 18 161 32 193 67 210 17 211 74 216 36 228 66 230 278 
279 0.09035340457962149 0.07734357087164491 0.5911177145380314 0 0 0 0.34 37 66 46 32 47 9 90 82 94 52 139 57 144 37 145 21 151 60 161 33 183 24 205 30 216 37 230 279 233 73 
280 0.06156077999516771 0.13626624390217285 0.5720121916863551 0 0 0 0.32 37 67 45 76 55 29 57 30 125 47 139 58 140 52 143 25 149 74 166 46 183 25 191 22 211 75 215 23 216 38 218 33 226 22 230 280 
281 0.18124644685714617 0.15700747133209778 0.565467636285924 0 0 0 0.43 37 68 45 77 59 27 90 83 125 48 132 30 139 59 151 61 230 281 
282 0.019848754763604416 -0.6099100903986552 0.8740147018524271 0 0 0 0.26 37 69 45 78 46 33 90 84 139 60 143 26 149 75 202 16 211 76 230 282 
283 0.31762456913251724 0.05816879266601445 0.6309171818551665 0 0 0 0.27 37 70 57 31 132 31 166 47 191 23 216 39 230 283 233 74 
284 -0.022847248334350374 0.08665415949821773 0.5846921053255515 0 0 0 0.53 37 71 45 79 122 105 139 61 144 38 183 26 202 17 211 77 230 284 
285 0.25285298045306276 0.10661779648102325 0.614786095300703 0 0 0 0.23 37 72 45 80 90 85 132 32 137 17 151 62 230 285 
286 0.140276145026497 0.1641770390676847 0.5592199975417733 0 0 0 0.33 37 73 119 29 125 49 132 33 139 62 140 53 144 39 149 76 151 63 161 34 177 27 193 68 202 18 211 78 212 29 216 40 218 34 228 67 230 286 
287 0.06759160357270803 0.1905941769930904 0.5449339549297618 0 0 0 0.3 37 74 45 81 144 40 183 27 189 15 191 24 193 69 202 19 211 79 228 68 230 287 233 75 
288 0.09360446980901722 0.05587525807805521 0.5980472998993749 0 0 0 0.22 37 75 90 86 122 106 132 34 149 77 154 19 202 20 228 69 230 288 233 76 
289 0.09314969523283224 0.05592900297377368 0.5975822152335929 0 0 0 0.22 37 76 47 10 57 32 59 28 94 53 116 38 122 107 125 50 132 35 140 54 144 41 145 22 149 78 151 64 154 20 161 35 166 48 191 25 193 70 202 21 211 80 212 30 218 35 228 70 230 289 233 77 
290 0.05598614724295251 0.17950456285740488 0.5606143188378969 0 0 0 0.33 37 77 45 82 90 87 132 36 137 18 211 81 228 71 230 290 233 78 
291 0.061090494183565665 0.1798359874333508 0.553212341371235 0 0 0 0.34 37 78 151 65 230 291 
292 0.3408998762094223 -0.03601695608793301 0.666664084942204 0 0 0 0.43 37 79 125 51 177 28 211 82 216 41 228 72 230 292 233 79 
293 0.2159813859000922 0.011165344885783001 0.6490629826449779 0 0 0 0.35 37 80 230 293 233 80 
294 0.08547919615598819 0.10036208399187618 0.5873793875067428 0 0 0 0.65 37 81 45 83 132 37 183 28 189 16 230 294 233 81 
295 0.03736471732934685 0.10131283637535496 0.5835313754917805 0 0 0 0.63 37 82 46 34 55 30 83 9 119 30 125 52 132 38 139 63 140 55 183 29 189 17 192 13 211 83 215 24 226 23 228 73 230 295 233 82 
296 0.02904223182846972 -0.4404457809423904 0.8009249556613148 0 0 0 0.3 45 84 116 39 149 79 151 66 193 71 226 24 230 296 
297 -0.009028269199015096 -0.24731712007650916 0.7086746107207051 0 0 0 0.28 45 85 116 40 122 108 125 53 149 80 230 297 
298 0.08339582280360139 -0.15681999278289913 0.6750903498749707 0 0 0 0.18 45 86 140 56 230 298 
299 0.07688845242477102 -0.14108269931573955 0.6715524245377916 0 0 0 0.29 45 87 90 88 94 54 116 41 125 54 140 57 151 67 161 36 183 30 193 72 205 31 216 42 226 25 228 74 230 299 
300 -0.03170848826269824 -0.07908175906653514 0.6428613322424742 0 0 0 0.21 45 88 139 64 230 300 
301 0.2055747003232481 -0.044686695877641076 0.6725501147349403 0 0 0 0.4 45 89 90 89 166 49 216 43 230 301 
302 0.21501447302346754 -0.04044988787404065 0.6638748558407332 0 0 0 0.22 45 90 90 90 154 21 226 26 228 75 230 302 233 83 
303 0.40772342852561955 -0.04915622228657632 0.6594115989114021 0 0 0 0.28 45 91 125 55 211 84 230 303 
304 0.322930259225046 -0.0400400658733706 0.6637374557478881 0 0 0 0.14 45 92 90 91 94 55 140 58 154 22 216 44 230 304 233 84 
305 0.30154645527326784 -0.02825489043067955 0.6664839847025967 0 0 0 0.13 45 93 122 109 139 65 230 305 
306 0.08537373430839605 0.0028853253041943847 0.6171873156878005 0 0 0 0.35 45 94 116 42 125 56 151 68 228 76 230 306 
307 0.09814723400990288 0.0031129188429409862 0.6139681395825547 0 0 0 0.47 45 95 90 92 122 110 205 32 230 307 233 85 
308 0.0892945659319256 0.004857874018852421 0.6153502134774452 0 0 0 0.16 45 96 90 93 125 57 230 308 
309 0.33202230840389646 0.02942378915372672 0.6419472698682009 0 0 0 0.2 45 97 90 94 230 309 
310 0.02208473870169123 0.05076990908661162 0.597200710701992 0 0 0 0.24 45 98 57 33 90 95 139 66 145 23 151 69 226 27 230 310 
311 0.32167939981535304 0.04783887454929835 0.6324294685718266 0 0 0 0.29 45 99 154 23 230 311 233 86 
312 0.020248812820213076 0.054683593022450745 0.5973171090417173 0 0 0 0.14 45 100 125 58 140 59 145 24 149 81 151 70 193 73 211 85 226 28 228 77 230 312 233 87 
313 0.0878387387204042 0.08925709677723342 0.5875447611590181 0 0 0 0.23 45 101 230 313 233 88 
314 0.03625720872507443 0.14242631390169663 0.5688250818662056 0 0 0 0.26 45 102 122 111 140 60 149 82 151 71 177 29 193 74 211 86 228 78 230 314 
315 0.1918246749434742 0.15637055401716335 0.5620935428645507 0 0 0 0.19 45 103 149 83 230 315 
316 0.1721795837618668 0.1571095232292944 0.5635002173260485 0 0 0 0.18 45 104 230 316 233 89 
317 0.1068639317724816 0.16238189207912962 0.5591044452650532 0 0 0 0.21 45 105 211 87 216 45 228 79 230 317 
318 0.13295458081888714 0.16450093940218388 0.5609665918089237 0 0 0 0.34 45 106 116 43 122 112 125 59 139 67 140 61 143 27 149 84 161 37 216 46 218 36 228 80 230 318 
319 0.026015147482940995 -0.7685440330003632 0.966922128768181 0 0 0 2.01 45 107 83 10 90 96 192 14 
320 0.08010812013040362 -0.6812242949887437 0.8983157661591098 0 0 0 0.39 45 108 46 35 55 31 86 12 90 97 94 56 119 31 139 68 151 72 166 50 189 18 205 33 211 88 212 31 230 319 
321 0.0907127874978654 -0.29054464861748175 0.7122936937242965 0 0 0 0.31 45 109 90 98 230 320 
322 0.07363798441402129 -0.19181636058589493 0.6941465589643078 0 0 0 0.22 45 110 55 32 140 62 205 34 230 321 
323 -0.014878380650507627 -0.1576388879709877 0.6747047367847397 0 0 0 0.2 45 111 90 99 230 322 
324 0.44871791698278335 -0.17444274910359836 0.7873719222613356 0 0 0 0.39 45 112 90 100 211 89 230 323 
325 0.061610856540311565 -0.13040078126898066 0.6719528869758542 0 0 0 0.2 45 113 90 101 230 324 
326 -0.028021297253292412 -0.07662814196430218 0.639602855394542 0 0 0 0.4 45 114 55 33 230 325 
327 -0.2330463333715125 -0.04826490733647854 0.6658621770529933 0 0 0 0.23 45 115 195 32 230 326 
328 -0.016676606516356742 -0.06099441442622185 0.6343267551300733 0 0 0 0.53 45 116 90 102 230 327 
329 -0.015025954669453166 -0.05202847717298822 0.6371538556050466 0 0 0 0.21 45 117 90 103 230 328 
330 0.08250190438934549 -0.043923878448566184 0.6361742580758717 0 0 0 0.24 45 118 90 104 144 42 149 85 154 24 230 329 
331 -0.1317454470883468 -0.008742684555721462 0.6618267371661961 0 0 0 0.27 45 119 90 105 94 57 116 44 149 86 210 18 228 81 230 330 233 90 
332 0.3993205478248895 -0.04202918885215611 0.6654312141444727 0 0 0 0.52 45 120 125 60 216 47 230 331 
333 0.2685509170018185 -0.028992186539635426 0.666807436444269 0 0 0 0.2 45 121 59 29 90 106 116 45 149 87 151 73 191 26 230 332 
334 0.08193891489648708 0.010944662477990459 0.6144932515010134 0 0 0 0.28 45 122 55 34 86 13 166 51 211 90 230 333 
335 0.08263800699409439 0.02083956518614162 0.6116177185487874 0 0 0 0.27 45 123 90 107 94 58 116 46 125 61 132 39 139 69 143 28 149 88 161 38 191 27 193 75 205 35 215 25 216 48 226 29 228 82 230 334 233 91 
336 0.0887989465929724 0.036258375287802874 0.6065687661477405 0 0 0 0.37 45 124 47 11 90 108 122 113 205 36 211 91 226 30 230 335 
337 0.08912168034293806 0.03621582294968623 0.6070466894034301 0 0 0 0.42 45 125 47 12 90 109 122 114 205 37 211 92 215 26 226 31 230 336 233 92 
338 -0.04570167732195322 0.08625893948003753 0.6219169410716627 0 0 0 0.05 45 126 122 115 230 337 
339 0.2949229420193836 0.1022587546688141 0.6202336941632506 0 0 0 0.29 45 127 90 110 161 39 205 38 230 338 
340 -0.05700484566254679 0.15345012050736112 0.5634427951459184 0 0 0 0.41 45 128 55 35 143 29 215 27 230 339 
341 0.1201403941385505 0.1627661526232424 0.5578893103696161 0 0 0 0.32 45 129 90 111 230 340 
342 0.015834729953376484 -0.7475341163983563 0.9307532845297578 0 0 0 0.75 45 130 90 112 151 74 230 341 
343 0.07620681133041184 -0.7468596052214593 0.9276180380720053 0 0 0 0.62 45 131 139 70 230 342 
344 0.03250618646576952 -0.7015524346026579 0.9019686733248279 0 0 0 0.4 45 132 90 113 230 343 
345 0.01195240211504446 -0.4705477119484162 0.8125129558265848 0 0 0 0.35 45 133 139 71 151 75 212 32 230 344 
346 0.10330705017189176 -0.3723588969508564 0.7437872414717092 0 0 0 0.19 45 134 90 114 230 345 
347 0.0009674088211332586 -0.24372622460707807 0.708327178872936 0 0 0 0.55 45 135 122 116 132 40 139 72 149 89 230 346 
348 0.026905877207887195 -0.2231716300407625 0.7054061950291709 0 0 0 0.1 45 136 59 30 230 347 
349 -0.006685165487191451 -0.1570473699828199 0.6739744491890018 0 0 0 0.13 45 137 90 115 230 348 
350 -0.00851878673085654 -0.15011758373833906 0.6724614219627622 0 0 0 0.4 45 138 90 116 230 349 
351 0.07868501505562764 -0.12637417795514883 0.6746761033418934 0 0 0 0.18 45 139 90 117 230 350 
352 0.42145036932758206 -0.15623877599119051 0.689753918300938 0 0 0 0.72 45 140 139 73 230 351 
353 0.06849748981938282 -0.07189714365188542 0.6513888254405508 0 0 0 0.61 45 141 132 41 230 352 
354 -0.06393534713800963 -0.04682899096298511 0.6691299472108552 0 0 0 0.4 45 142 125 62 139 74 161 40 211 93 230 353 
355 -0.0365840383911268 -0.05192714756690404 0.633902503837287 0 0 0 0.54 45 143 122 117 205 39 230 354 
356 0.0608614220813001 -0.042406235176237116 0.6370819173183453 0 0 0 0.19 45 144 90 118 94 59 122 118 125 63 139 75 228 83 230 355 
357 0.2593992674104084 -0.02603963843028194 0.664406150327975 0 0 0 0.44 45 145 132 42 230 356 
358 0.36914168502522915 -0.027112990958183515 0.6661879901384302 0 0 0 0.33 45 146 90 119 116 47 230 357 
359 0.2521472868535114 0.009248543478564545 0.6497719620562216 0 0 0 0.2 45 147 90 120 230 358 
360 0.4020197259870005 0.00743592205570597 0.6499389131083462 0 0 0 0.46 45 148 116 48 125 64 143 30 151 76 166 52 193 76 218 37 230 359 233 93 
361 0.09429793738376821 0.019994036307459453 0.6111454837981849 0 0 0 0.21 45 149 122 119 161 41 230 360 
362 0.0015283974596144163 0.05449243914536993 0.5970728615410018 0 0 0 0.21 45 150 55 36 116 49 119 32 122 120 230 361 
363 -0.05680075081613424 0.06583093343523136 0.6282112782615543 0 0 0 0.24 45 151 166 53 183 31 218 38 230 362 
364 0.16954802642736974 0.059270327824670385 0.6343938670346126 0 0 0 0.14 45 152 139 76 230 363 
365 -0.038332796334423075 0.10024551868458222 0.6100698870489032 0 0 0 0.33 45 153 90 121 116 50 122 121 125 65 139 77 143 31 145 25 154 25 166 54 183 32 189 19 210 19 230 364 
366 -0.004488304382931907 0.12101815929784623 0.5752863030410715 0 0 0 0.48 45 154 70 34 83 11 90 122 122 122 230 365 
367 0.06866285405030488 0.12760931415520202 0.5837510590495876 0 0 0 0.18 45 155 90 123 230 366 
368 0.008591194960164325 0.14141303270588151 0.5691624385269989 0 0 0 0.24 45 156 59 31 116 51 119 33 122 123 132 43 149 90 154 26 177 30 191 28 211 94 212 33 216 49 218 39 228 84 230 367 233 94 
369 0.06978474327893901 -0.2526345705180384 0.7135333245239613 0 0 0 0.34 45 157 90 124 94 60 116 52 132 44 145 26 191 29 193 77 211 95 230 368 
370 0.06954734843532098 -0.2527023372893021 0.7135917284932151 0 0 0 0.24 45 158 125 66 149 91 151 77 211 96 230 369 
371 0.02196279991355631 -0.19810960142864595 0.699476151261669 0 0 0 0.16 45 159 122 124 230 370 
372 0.4523910668478567 -0.22388974150303298 0.8656395455571242 0 0 0 0.67 45 160 57 34 90 125 125 67 132 45 161 42 205 40 212 34 216 50 230 371 
373 0.00717955552433406 -0.06125721691997855 0.645858429439976 0 0 0 0.21 45 161 90 126 230 372 
374 0.08103110872857527 -0.056194848958864244 0.6394215465684703 0 0 0 0.4 45 162 59 32 94 61 116 53 119 34 125 68 139 78 143 32 144 43 149 92 177 31 189 20 193 78 205 41 230 373 
375 0.4189954234255837 -0.04622865474212798 0.6493403677597013 0 0 0 0.42 45 163 125 69 144 44 149 93 151 78 166 55 191 30 212 35 218 40 228 85 230 374 233 95 
376 0.18134607979769682 0.044873003316255954 0.6435476670032186 0 0 0 0.17 45 164 90 127 230 375 
377 0.09127404449134072 0.09395538314709176 0.5876789863977168 0 0 0 0.39 45 165 151 79 189 21 192 15 195 33 205 42 212 36 230 376 
378 0.005310636183606395 0.1256545609319868 0.5788059264740344 0 0 0 0.5 45 166 90 128 145 27 192 16 195 34 230 377 
379 -0.02982427258989432 0.1428851265581939 0.5657903540218947 0 0 0 0.26 45 167 125 70 212 37 228 86 230 378 
380 0.05631086159107169 0.19316622068390785 0.5547428633209637 0 0 0 0.34 45 168 132 46 137 19 211 97 230 379 
381 0.010254833702359918 -0.6342632851559326 0.8867632138593141 0 0 0 0.48 45 169 90 129 139 79 230 380 
382 0.43425657880292384 -0.26493974935599773 0.7551488243626404 0 0 0 0.38 45 170 116 54 125 71 139 80 154 27 166 56 211 98 216 51 230 381 
383 0.43429649762301004 -0.26498036652553775 0.7551778016927354 0 0 0 0.35 45 171 116 55 125 72 151 80 154 28 166 57 211 99 216 52 230 382 
384 0.4525572310631714 -0.2350686072659058 0.8387156336424709 0 0 0 0.25 45 172 90 130 230 383 
385 -0.22593495413614162 -0.033487791058445564 0.6670378175457927 0 0 0 0.29 45 173 90 131 230 384 
386 -0.11306653297343212 -0.03665698935615842 0.6646712332060191 0 0 0 0.41 45 174 90 132 230 385 
387 -0.14786171779509083 -0.02865381050862327 0.6609139580492054 0 0 0 0.38 45 175 90 133 119 35 230 386 
388 0.06013118241570886 -0.018125281272373655 0.6289202079388897 0 0 0 0.19 45 176 90 134 230 387 
389 -0.05682642580975055 0.15934513116470414 0.5618563847429131 0 0 0 0.28 45 177 55 37 230 388 
390 0.023838853160290066 -0.6923479073976483 0.8971056979486738 0 0 0 0.48 45 178 90 135 230 389 
391 0.004011050779998972 -0.584402747079573 0.8729317850767201 0 0 0 0.21 45 179 90 136 230 390 
392 0.4361705100425911 -0.23581869529777813 0.7199615969119504 0 0 0 0.66 45 180 59 33 139 81 212 38 230 391 
393 -0.30810555631996445 -0.03338856101915263 0.6652830405209401 0 0 0 0.53 45 181 90 137 191 31 230 392 
394 0.1554676129517198 -0.03611029136673374 0.6595764180574892 0 0 0 0.31 45 182 90 138 230 393 
395 0.40369431844439413 -0.036849553446073345 0.6662295997019557 0 0 0 0.43 45 183 57 35 59 34 125 73 151 81 193 79 211 100 212 39 228 87 230 394 
396 -0.046501800683351725 0.16513060533386814 0.558440669022399 0 0 0 0.53 45 184 55 38 230 395 
397 0.002156446193582566 -0.24960579548438758 0.7115420928336433 0 0 0 0.28 45 185 90 139 151 82 205 43 230 396 
398 0.4409044368261708 -0.19200837680199853 0.788345229358201 0 0 0 0.29 45 186 90 140 230 397 
399 0.4436717073016505 -0.19263228860388926 0.7916779867807995 0 0 0 0.42 45 187 90 141 139 82 230 398 
400 0.08002180477965536 0.0012409977974036823 0.6200166413790051 0 0 0 0.56 45 188 47 13 59 35 139 83 211 101 216 53 230 399 
401 0.3246917695451005 0.014248901610275788 0.6479498787724166 0 0 0 0.48 45 189 90 142 132 47 139 84 143 33 189 22 193 80 211 102 230 400 
402 -0.03557037633581897 -0.5549364300482446 0.9030659946651808 0 0 0 0.85 45 190 90 143 195 35 230 401 
403 -0.014341793287280743 -0.5921055950745728 0.8846971353216005 0 0 0 0.53 45 191 90 144 230 402 
404 0.013738554997840565 -0.12451748947388291 0.6652333701649396 0 0 0 0.55 45 192 195 36 230 403 
405 -0.015655809743656338 -0.06460324061104089 0.6447026231548698 0 0 0 0.35 45 193 137 20 139 85 161 43 230 404 
406 0.06511093558067199 0.12010550914197782 0.5852744477528368 0 0 0 1.35 45 194 90 145 122 125 139 86 144 45 230 405 
407 0.45157222369345884 -0.17691112191139005 0.6947575300046459 0 0 0 0.69 45 195 139 87 154 29 166 58 215 28 230 406 233 96 
408 0.4358127216319572 -0.20904026101425047 0.7337639684806205 0 0 0 0.46 45 196 122 126 230 407 
409 0.017519172177126657 -0.251291645737675 0.7119041533473852 0 0 0 0.32 46 36 94 62 161 44 230 408 
410 -0.039578138781914754 -0.1553946790109903 0.6757339865704326 0 0 0 0.24 46 37 122 127 228 88 230 409 
411 -0.03941821167262763 -0.15546714376837292 0.6757217629408137 0 0 0 0.16 46 38 94 63 230 410 
412 0.41540883801465583 -0.11341959200966803 0.6891416972834599 0 0 0 0.27 46 39 90 146 94 64 125 74 140 63 149 94 193 81 230 411 
413 0.4312891364960385 -0.10858493619749102 0.6766130051245478 0 0 0 0.22 46 40 94 65 122 128 125 75 139 88 149 95 151 83 166 59 193 82 228 89 230 412 233 97 
414 0.3151198375963778 0.08209888692099358 0.6248106233933692 0 0 0 0.34 46 41 116 56 125 76 140 64 149 96 151 84 154 30 166 60 230 413 
415 0.10086786984724544 0.10143034612092444 0.5852121527689216 0 0 0 0.19 46 42 94 66 116 57 149 97 154 31 193 83 216 54 228 90 230 414 233 98 
416 0.058370275406609794 0.14787121332021677 0.5672963110272693 0 0 0 0.37 46 43 122 129 211 103 228 91 230 415 
417 0.020498837930891616 -0.7596396022154853 0.9318439299428494 0 0 0 0.82 46 44 90 147 230 416 
418 0.07976043040269529 -0.7433476613845149 0.9254146621330657 0 0 0 0.44 46 45 90 148 211 104 230 417 
419 0.08186826732560953 -0.7131408145893989 0.9101438810006435 0 0 0 0.33 46 46 86 14 94 67 139 89 149 98 166 61 205 44 211 105 218 41 226 32 230 418 
420 0.0007131705695320047 -0.26013673029150397 0.7121108070773473 0 0 0 0.3 46 47 55 39 94 68 149 99 183 33 230 419 
421 -0.07867284938947364 -0.18882316016644948 0.8345820788569434 0 0 0 0.45 46 48 119 36 183 34 202 22 211 106 230 420 
422 0.3327072501973261 -0.20053357497510382 0.8461455501466048 0 0 0 0.28 46 49 122 130 125 77 151 85 228 92 230 421 233 99 
423 -0.07520037504875679 -0.037719358482191934 0.6664385736952612 0 0 0 0.32 46 50 125 78 205 45 230 422 
424 0.18579880160715656 -0.029370043423678018 0.6671832198749291 0 0 0 0.4 46 51 90 149 230 423 
425 0.20932750096082153 0.02916900513780133 0.6425683541344928 0 0 0 0.08 46 52 216 55 228 93 230 424 
426 0.09185049443870705 0.1172593760948884 0.5786384115460094 0 0 0 0.41 46 53 122 131 125 79 139 90 230 425 233 100 
427 0.027516273064495056 -0.1992399619207145 0.6961306524946684 0 0 0 0.36 46 54 59 36 119 37 125 80 144 46 161 45 166 62 202 23 212 40 228 94 230 426 
428 -0.15035605889008782 -0.008204219081035477 0.6591790609716373 0 0 0 0.41 46 55 183 35 230 427 
429 0.42879121458420627 -0.26271046830937805 0.7548763493369973 0 0 0 0.21 90 150 94 69 230 428 233 101 
430 0.4274391303701343 -0.2623304512517871 0.753301555848685 0 0 0 0.08 90 151 230 429 233 102 
431 0.024866948920467487 -0.177721731596761 0.688124571730859 0 0 0 0.27 140 65 177 32 193 84 218 42 228 95 230 430 
432 -0.032285979006688025 -0.15712633233122297 0.669107604733605 0 0 0 0.19 116 58 122 132 149 100 154 32 193 85 216 56 228 96 230 431 
433 0.0689364988054274 -0.05048017506687084 0.6402152980281274 0 0 0 0.46 140 66 230 432 233 103 
434 0.43249286958189004 -0.10247893696587237 0.6753049534702477 0 0 0 0.3 122 133 125 81 140 67 149 101 151 86 228 97 230 433 233 104 
435 0.43241831253271173 -0.10246236732723402 0.675231329756363 0 0 0 0.33 122 134 125 82 149 102 193 86 228 98 230 434 233 105 
436 0.07727262709328284 -0.035721755008786445 0.635311687460823 0 0 0 0.28 94 70 122 135 140 68 183 36 193 87 230 435 
437 0.40689066864911594 -0.07101895993149397 0.6685292441347646 0 0 0 0.23 140 69 228 99 230 436 
438 0.08849912217838735 0.040819629530297614 0.6047733256699803 0 0 0 0.38 122 136 125 83 149 103 211 107 226 33 228 100 230 437 233 106 
439 0.09895410589225484 0.05592576851585734 0.5940771636657061 0 0 0 0.21 122 137 140 70 149 104 230 438 
440 0.07796445241551953 0.08013244010395644 0.5899090186515681 0 0 0 0.14 94 71 149 105 216 57 228 101 230 439 233 107 
441 -0.008995909128550717 -0.24748581862938193 0.7088577323809943 0 0 0 0.4 47 14 94 72 116 59 122 138 125 84 132 48 149 106 151 87 177 33 193 88 230 440 
442 0.07392267364578368 -0.20900989420852725 0.7011872946165087 0 0 0 0.38 205 46 228 102 230 441 
443 0.0734513240359786 -0.18052496908562787 0.6902151719699278 0 0 0 0.17 90 152 193 89 230 442 
444 0.4071734823715214 -0.03606031905565886 0.659407486664455 0 0 0 0.36 94 73 122 139 149 107 151 88 211 108 230 443 233 108 
445 0.3282307744950915 0.07387849299920292 0.623291374893857 0 0 0 0.33 94 74 143 34 189 23 211 109 212 41 228 103 230 444 
446 0.021682908630088735 -0.2799910331489638 0.71484146909355 0 0 0 0.43 47 15 149 108 230 445 
447 0.02577124506992634 -0.2693285548601731 0.7102794010171042 0 0 0 0.48 47 16 215 29 230 446 
448 0.08070492161440694 -0.20708252554875686 0.6944105630969761 0 0 0 0.05 55 40 161 46 230 447 
449 0.21482996200680718 -0.031076037335751393 0.6604340310724824 0 0 0 0.4 145 28 151 89 183 37 205 47 230 448 
450 0.372378819670341 -0.0397230709649968 0.670205561479298 0 0 0 0.13 125 85 139 91 230 449 
451 0.027247595498692097 -0.28017804218174064 0.7115278205126192 0 0 0 0.54 47 17 59 37 90 153 132 49 144 47 161 47 202 24 215 30 230 450 
452 0.4099154206620587 -0.11246880839697032 0.6969620056421408 0 0 0 0.46 90 154 125 86 144 48 151 90 212 42 215 31 216 58 230 451 
453 0.0958408409749395 -0.05047049654827461 0.6347589916696753 0 0 0 0.11 161 48 205 48 230 452 
454 0.28225385264532804 -0.03891498409952936 0.6704972326670536 0 0 0 0.24 139 92 151 91 189 24 191 32 211 110 228 104 230 453 
455 0.0221030060234068 -0.27374692546206375 0.7142022134858869 0 0 0 0.37 47 18 144 49 149 109 151 92 166 63 177 34 230 454 
456 0.06364410948793489 -0.030484874981140563 0.6323988098250968 0 0 0 0.21 139 93 177 35 211 111 230 455 
457 0.29787844696927257 -0.0823687844712316 0.7127806147222934 0 0 0 0.53 47 19 57 36 125 87 144 50 145 29 166 64 202 25 218 43 228 105 230 456 
458 0.014930529157339804 -0.23002595523618374 0.7087198014344285 0 0 0 0.33 47 20 139 94 230 457 
459 0.10318672093453621 -0.48514012344998947 0.8035191936853259 0 0 0 0.2 55 41 116 60 216 59 230 458 
460 0.39143649720795637 -0.002764591245073079 0.6569352049521654 0 0 0 0.14 55 42 140 71 193 90 218 44 230 459 233 109 
461 0.2822821505335904 0.0929186632775613 0.6219751409763108 0 0 0 0.36 55 43 140 72 143 35 145 30 166 65 177 36 193 91 215 32 216 60 218 45 228 106 230 460 233 110 
462 0.08110067891737902 -0.05646960558681714 0.6398451095167043 0 0 0 0.31 55 44 137 21 143 36 145 31 215 33 226 34 230 461 
463 -0.07989087373923141 0.04031228430699543 0.639091031611516 0 0 0 0.33 55 45 94 75 119 38 149 110 193 92 230 462 
464 -0.12397800842847158 0.05594233045702374 0.6272098289886271 0 0 0 0.26 55 46 125 88 140 73 144 51 193 93 226 35 230 463 
465 0.05403978070098784 0.13634529251347235 0.5714532183799184 0 0 0 0.19 55 47 132 50 137 22 228 107 230 464 233 111 
466 0.07699785639721032 0.12319842237483253 0.5747003013302547 0 0 0 0.34 55 48 59 38 90 155 119 39 125 89 132 51 139 95 143 37 144 52 149 111 151 93 166 66 212 43 218 46 228 108 230 465 233 112 
467 -0.030475947326393964 0.13529571262602375 0.5707172077639314 0 0 0 0.31 55 49 145 32 230 466 
468 0.07040289947809383 0.14370727251391052 0.5668649320125624 0 0 0 0.26 55 50 119 40 122 140 183 38 230 467 
469 0.06880117189086776 0.17256402823145256 0.5522429487938991 0 0 0 0.35 55 51 59 39 137 23 144 53 151 94 215 34 216 61 230 468 
470 0.05066797833120626 0.14643142161311892 0.5659242029638941 0 0 0 0.54 55 52 57 37 59 40 90 156 122 141 132 52 144 54 145 33 193 94 228 109 230 469 
471 0.44600408481985404 -0.1325210772203984 0.698656691891876 0 0 0 0.96 55 53 86 15 94 76 125 90 144 55 149 112 166 67 211 112 212 44 230 470 233 113 
472 -0.03781194523645774 0.0602221721763955 0.592451804364106 0 0 0 0.3 57 38 90 157 94 77 125 91 145 34 161 49 211 113 215 35 216 62 226 36 228 110 230 471 
473 -0.18041238055620973 -0.03686328580020747 0.6675602898120496 0 0 0 0.34 57 39 116 61 119 41 125 92 139 96 145 35 149 113 183 39 189 25 191 33 212 45 230 472 
474 -0.14672350711694837 0.06521617349128309 0.6277835578642817 0 0 0 0.15 57 40 94 78 183 40 189 26 230 473 
475 -0.003669147297541567 0.059947082857473785 0.5968489791147743 0 0 0 0.2 57 41 94 79 116 62 139 97 189 27 230 474 
476 -0.3543366237653009 -0.17988393086610474 0.8088997793881034 0 0 0 0.23 57 42 59 41 183 41 
477 -0.04955454472388654 0.03960473652465067 0.6462899990932978 0 0 0 0.1 57 43 137 24 205 49 230 475 
478 -0.022381979005702764 0.12983077954002417 0.5702572413258982 0 0 0 0.37 57 44 132 53 137 25 139 98 144 56 149 114 183 42 202 26 212 46 230 476 
479 -0.023445282508418618 0.14187306478140943 0.5652529942732504 0 0 0 0.28 57 45 59 42 90 158 116 63 137 26 143 38 144 57 145 36 212 47 228 111 230 477 
480 -0.037996468007002016 0.10568601059896784 0.608485897864993 0 0 0 0.34 57 46 139 99 205 50 230 478 
481 -0.057484225123222925 -0.02082649686874546 0.6614711274883556 0 0 0 0.54 57 47 122 142 139 100 211 114 230 479 
482 0.21466004498459823 0.04039069074651647 0.6377146145576927 0 0 0 0.33 57 48 116 64 139 101 228 112 230 480 
483 0.21646028627416378 0.08484268616712688 0.6220774718387923 0 0 0 0.31 57 49 122 143 230 481 
484 0.1935196128053203 0.06122376762985126 0.6334528869664185 0 0 0 0.1 59 43 122 144 139 102 230 482 
485 0.18621675748553454 0.06575815198387337 0.6331298090681348 0 0 0 0.25 59 44 139 103 151 95 191 34 202 27 211 115 230 483 
486 0.20727133917980692 0.1277352560046047 0.6133391818842009 0 0 0 0.36 59 45 119 42 125 93 139 104 212 48 230 484 
487 0.10078911241027222 0.15947894123141032 0.5658317748709493 0 0 0 0.4 59 46 122 145 132 54 151 96 193 95 212 49 228 113 230 485 
488 0.03540759579808616 0.1290310531287002 0.5722490891811914 0 0 0 0.18 59 47 132 55 137 27 139 105 144 58 145 37 151 97 215 36 230 486 
489 0.0755866795290594 0.09470522342174172 0.5861487532684654 0 0 0 0.3 70 35 149 115 230 487 
490 0.07828388599955799 -0.0068905342818324005 0.6222484559356479 0 0 0 0.44 70 36 122 146 154 33 205 51 211 116 216 63 228 114 230 488 233 114 
491 -0.07528767144006118 0.03795587741522347 0.6387320214592711 0 0 0 0.22 70 37 122 147 230 489 
492 0.0966309415924889 0.09449916722599674 0.5868156489681374 0 0 0 0.24 70 38 94 80 122 148 140 74 149 116 193 96 230 490 233 115 
493 -0.33757181683585397 -0.04499055312253597 0.6634867831390058 0 0 0 0.45 70 39 94 81 191 35 230 491 
494 -0.07589319681627146 0.12135531742978868 0.6096719685786014 0 0 0 0.22 70 40 116 65 161 50 211 117 230 492 
495 -0.028024884721705678 -0.021950080375092083 0.6174184704644845 0 0 0 0.22 70 41 161 51 230 493 
496 -0.02366133961338162 0.0802192993749303 0.5823297916089762 0 0 0 0.36 70 42 122 149 205 52 230 494 
497 -0.07914910174973078 -0.04726521813595607 0.6676064476819216 0 0 0 0.51 70 43 90 159 230 495 
498 0.16042858523259765 0.16199907033131708 0.5595806482484161 0 0 0 0.25 70 44 122 150 216 64 230 496 
499 -0.06824441156895873 -0.040950187706618055 0.6664944562883409 0 0 0 0.25 70 45 119 43 139 106 149 117 161 52 195 37 205 53 216 65 230 497 
500 -0.14943551327745 -0.04226873878045052 0.6647873177087336 0 0 0 0.14 70 46 139 107 230 498 
501 -0.07571599615311161 0.03772721583116427 0.6414155946175194 0 0 0 0.54 70 47 139 108 195 38 230 499 
502 -0.07718639361998864 -0.02913373148659946 0.6586737205551699 0 0 0 0.9 70 48 205 54 230 500 
503 -0.07913941425006223 0.0774716786566475 0.6134909084088126 0 0 0 0.96 70 49 125 94 140 75 144 59 149 118 151 98 177 37 192 17 193 97 211 118 216 66 228 115 230 501 
504 0.0010454030179877546 0.13237399219967894 0.5714936870349895 0 0 0 0.49 83 12 154 34 195 39 216 67 230 502 
505 -0.011249117201920431 0.13216842638250192 0.5711321752024464 0 0 0 0.22 83 13 149 119 230 503 
506 -0.09398496307112139 0.0655155153079261 0.6268973880364491 0 0 0 0.33 83 14 195 40 230 504 
507 0.1274337744566626 0.15763483365245096 0.5660105419623785 0 0 0 0.41 83 15 116 66 122 151 143 39 144 60 151 99 193 98 218 47 230 505 
508 0.012152319683055714 0.1362159707923973 0.5723329203483088 0 0 0 0.37 83 16 90 160 137 28 139 109 151 100 166 68 183 43 191 36 193 99 211 119 216 68 228 116 230 506 
509 0.14994782185584354 0.16653112908649853 0.561078760579608 0 0 0 0.93 83 17 149 120 230 507 
510 0.19711690440133425 0.11520235247718698 0.6153696625244983 0 0 0 0.3 83 18 90 161 230 508 
511 0.037824539877240944 -0.9614992594816627 1.050194189429646 0 0 0 0.91 83 19 195 41 211 120 230 509 
512 0.037824539877240944 -0.9614992594816627 1.050194189429646 0 0 0 0.91 83 20 195 42 211 121 230 510 
513 0.03792567775531952 0.10100506940600154 0.5816816178169325 0 0 0 0.24 83 21 192 18 230 511 
514 0.08417219278710679 -0.6820375126220962 0.8959248047633437 0 0 0 0.33 86 16 205 55 230 512 
515 0.03067158954901691 -0.2827392616871987 0.7072418581671538 0 0 0 0.24 86 17 90 162 140 76 193 100 230 513 
516 0.38939885822023906 0.015640102378952168 0.6548664214938451 0 0 0 0.17 94 82 166 69 211 122 230 514 233 116 
517 0.454541402607655 -0.18451644072249745 0.8088870283247774 0 0 0 0.57 86 18 90 163 125 95 139 110 205 56 212 50 230 515 
518 0.45142739848289676 -0.19667426107115765 0.8344389504608688 0 0 0 0.54 86 19 94 83 122 152 166 70 230 516 233 117 
519 0.07985186870778217 -0.25353745318712173 0.7113792582798266 0 0 0 0.41 90 164 116 67 140 77 149 121 183 44 216 69 230 517 
520 -0.03846718978237323 -0.23369028149077947 0.7030958608518905 0 0 0 0.28 90 165 125 96 230 518 
521 -0.03942091039288577 -0.21071210084901262 0.849358909401077 0 0 0 0.38 90 166 161 53 205 57 230 519 
522 0.4359944863943467 -0.2701489240660151 0.7525025139776774 0 0 0 0.31 90 167 149 122 193 101 230 520 
523 -0.00476292902953522 -0.203286725143433 0.6921754977338377 0 0 0 0.28 90 168 122 153 230 521 
524 0.07357804719239835 -0.18521613584413124 0.6918235615728359 0 0 0 0.19 90 169 94 84 151 101 205 58 230 522 
525 0.40256752917977867 -0.060369485297755175 0.6701305374808675 0 0 0 0.2 90 170 140 78 193 102 230 523 
526 0.4021719261964987 -0.0518064355456597 0.6663253385108743 0 0 0 0.22 90 171 94 85 122 154 149 123 230 524 
527 -0.009112150326526153 -0.13814872119995467 0.6681144126703462 0 0 0 0.4 90 172 94 86 116 68 122 155 125 97 132 56 211 123 228 117 230 525 
528 0.025316605050754868 -0.0629562418105199 0.6465633774142334 0 0 0 0.42 90 173 125 98 143 40 166 71 230 526 
529 -0.0973402088095254 -0.015181610635286525 0.6627066081411072 0 0 0 0.06 90 174 122 156 230 527 
530 0.09805421928158226 -0.014099649188362581 0.6192833364772724 0 0 0 0.08 90 175 125 99 140 79 230 528 
531 0.09542664680568501 -0.01046887042844262 0.6191748497913144 0 0 0 0.15 90 176 149 124 205 59 230 529 
532 0.1769924416465564 0.06290919451240791 0.6330233013047893 0 0 0 0.22 90 177 94 87 119 44 122 157 125 100 132 57 143 41 202 28 211 124 230 530 233 118 
533 0.17690649743526274 0.0629230058776604 0.6329207491797415 0 0 0 0.23 90 178 94 88 122 158 125 101 132 58 202 29 211 125 230 531 233 119 
534 -0.14711685328521099 0.09045698270654304 0.6175596758480625 0 0 0 0.16 90 179 139 111 230 532 
535 0.020090939037642187 -0.6106315021391622 0.8751434304848568 0 0 0 0.23 90 180 139 112 230 533 
536 0.41417052416162664 -0.07631138520390972 0.6942484935324595 0 0 0 0.25 90 181 137 29 211 126 230 534 
537 -0.12398536335849661 -0.029249476912391756 0.6648390040909188 0 0 0 0.34 90 182 122 159 230 535 
538 0.24557315888227743 0.08761252091402884 0.6277098908002097 0 0 0 0.14 90 183 230 536 233 120 
539 0.15240232935541392 0.12148999983617337 0.6106985501044895 0 0 0 0.29 90 184 230 537 233 121 
540 0.021307417486084328 -0.17891547050365375 0.6916849102097621 0 0 0 0.72 90 185 122 160 230 538 
541 -0.05673440269307792 -0.013882120928921519 0.6628944965939041 0 0 0 0.18 90 186 122 161 230 539 
542 -0.037289776955733926 0.01805527258466573 0.6096223637234891 0 0 0 0.25 90 187 122 162 161 54 205 60 216 70 230 540 
543 0.06464765764089112 0.06271646414137831 0.5982939064995095 0 0 0 0.41 90 188 161 55 230 541 
544 -0.036724880575692086 0.11777806358117263 0.6057744596665537 0 0 0 0.24 90 189 116 69 230 542 
545 -0.029845721907215118 0.14284837875879547 0.5658343335209488 0 0 0 0.23 90 190 125 102 228 118 230 543 
546 0.018893671691966343 0.12718153174046273 0.5807415507386902 0 0 0 0.42 90 191 122 163 183 45 211 127 230 544 
547 0.321528152055458 0.04001252399089781 0.637274673194917 0 0 0 0.07 90 192 230 545 233 122 
548 0.002301762475939264 0.1754530003588945 0.5607197775793816 0 0 0 0.48 90 193 116 70 230 546 
549 0.21416008002977183 0.0115348030067776 0.6469951755012697 0 0 0 0.4 90 194 161 56 230 547 
550 0.025805440860808136 -0.45731107688071426 0.807007530816265 0 0 0 0.29 94 89 149 125 230 548 
551 -0.03579900256726378 -0.07161516698270917 0.6420483934364543 0 0 0 0.14 94 90 230 549 233 123 
552 -0.05018248391906613 -0.03526138758684434 0.6697011137461025 0 0 0 0.28 94 91 122 164 228 119 230 550 
553 0.01337342960197604 -0.040537479235552336 0.6349086581901134 0 0 0 0.28 94 92 122 165 230 551 
554 0.32142318806862136 -0.03230995458399628 0.6611476168354986 0 0 0 0.2 94 93 149 126 230 552 
555 -0.032269169803162766 -0.15716929853792014 0.6690476482232189 0 0 0 0.2 94 94 122 166 140 80 145 38 151 102 154 35 193 103 228 120 230 553 
556 0.420964800407418 -0.12569416634057928 0.6846447571686091 0 0 0 0.23 94 95 149 127 230 554 
557 0.1748253580414497 -0.03315518208732022 0.6693552293428978 0 0 0 0.33 94 96 149 128 193 104 211 128 230 555 
558 0.4209424998645967 -0.04162912121742515 0.642497384857666 0 0 0 0.27 94 97 140 81 216 71 230 556 
559 0.030982354830128563 -0.011721418403021735 0.6173174619143653 0 0 0 0.15 94 98 149 129 154 36 228 121 230 557 
560 0.4082331265509732 -0.035954737933089 0.6604213782763343 0 0 0 0.14 94 99 211 129 230 558 
561 0.2846468457011161 0.10000521243785211 0.6177154372120992 0 0 0 0.12 94 100 116 71 230 559 233 124 
562 0.01823765413919237 -0.15231582030223292 0.6746536334898129 0 0 0 0.34 94 101 140 82 149 130 205 61 230 560 
563 0.2110828222489253 -0.03500053440823949 0.6668090067388839 0 0 0 0.28 94 102 161 57 228 122 230 561 
564 0.41415323184518005 -0.056978570988340256 0.6511686739160802 0 0 0 0.24 94 103 125 103 166 72 210 20 230 562 
565 0.4192495813134831 -0.03684947291785583 0.6452678718544695 0 0 0 0.24 94 104 149 131 166 73 215 37 216 72 230 563 
566 0.41937974053259863 -0.03687402660328266 0.6454773114157003 0 0 0 0.18 94 105 125 104 140 83 151 103 166 74 177 38 211 130 218 48 228 123 230 564 233 125 
567 0.3193152104843598 0.0011449299341472054 0.6521818049120617 0 0 0 0.32 94 106 125 105 139 113 154 37 211 131 228 124 230 565 233 126 
568 0.41057313546266266 -0.005989848123007271 0.6420844721840954 0 0 0 0.19 94 107 211 132 218 49 230 566 
569 -0.13803348530411164 -0.039974086241938524 0.6681119533504534 0 0 0 0.2 94 108 149 132 151 104 228 125 230 567 
570 0.03089949372240344 -1.021510078359935 1.060983838770013 0 0 0 0.9 94 109 149 133 166 75 230 568 
571 0.03089949372240344 -1.021510078359935 1.060983838770013 0 0 0 0.9 94 110 149 134 166 76 230 569 
572 -0.004921312829148048 -0.6430487594551658 0.8946438161813873 0 0 0 0.48 116 72 149 135 230 570 
573 0.023786581688518403 -0.4371842434363402 0.800253389179237 0 0 0 0.12 116 73 149 136 193 105 230 571 
574 0.3605666590812522 0.0465422854989597 0.6374893746138837 0 0 0 0.31 116 74 122 167 230 572 
575 0.0028011476716240293 0.06968542112229767 0.5904704887480977 0 0 0 0.31 116 75 122 168 230 573 
576 0.3215577265714903 -0.1202931977739972 0.7584847104391628 0 0 0 0.15 116 76 228 126 230 574 
577 -0.043112378435564834 0.16153180841636589 0.56035947053674 0 0 0 0.12 116 77 211 133 230 575 
578 0.4337233076680181 -0.27375697882937705 0.7580888855007136 0 0 0 0.16 116 78 125 106 230 576 
579 0.4337233076680181 -0.27375697882937705 0.7580888855007136 0 0 0 0.16 116 79 125 107 230 577 
580 -0.03295590866369286 0.08696885719646157 0.5826844978520496 0 0 0 0.55 116 80 122 169 132 59 149 137 183 46 202 30 211 134 230 578 233 127 
581 0.17688426006152216 0.15427244172449373 0.5651838186738909 0 0 0 0.37 116 81 139 114 230 579 
582 0.02484425963951152 0.15828458250950156 0.5615022791318756 0 0 0 0.56 116 82 132 60 183 47 195 43 202 31 230 580 
583 -0.05631000357727185 -0.04661726099171716 0.6707824621920747 0 0 0 0.14 119 45 216 73 230 581 
584 0.07619489287511441 0.05218659865291198 0.60071917269523 0 0 0 0.36 119 46 154 38 177 39 205 62 230 582 
585 0.24822244256840842 0.08064508127250294 0.6272613784018234 0 0 0 0.24 119 47 211 135 230 583 
586 0.2066221547543787 0.13926200922640286 0.6098966399039242 0 0 0 0.34 119 48 143 42 215 38 230 584 
587 0.06859960598021446 0.17303103831753447 0.5512440312229517 0 0 0 0.17 119 49 211 136 230 585 
588 0.21392119172971538 0.14173978568913528 0.6035763397274408 0 0 0 0.98 119 50 192 19 230 586 
589 0.03371975431428196 -0.46808880451913076 0.786958312452864 0 0 0 0.37 122 170 161 58 216 74 230 587 
590 0.4291961681820567 -0.2587500265688679 0.7406737792779016 0 0 0 0.89 122 171 192 20 211 137 230 588 
591 0.32717826912535103 -0.2046452726304951 0.8465588011575524 0 0 0 0.23 122 172 230 589 233 128 
592 0.21288408123834196 -0.03926660069962113 0.6670920933899647 0 0 0 0.16 122 173 149 138 210 21 230 590 233 129 
593 -0.03956771679961317 -0.34796141893113913 0.7451987575525669 0 0 0 0.19 122 174 149 139 230 591 
594 0.09595758073654669 -0.10442079724071279 0.658011237450593 0 0 0 0.2 122 175 228 127 230 592 
595 0.07934913738400373 -0.05439886703004104 0.6382825509763694 0 0 0 0.43 122 176 161 59 216 75 230 593 233 130 
596 0.043866711975622794 0.0014738035426686822 0.6101966359087871 0 0 0 0.06 122 177 230 594 233 131 
597 -0.03550438305832403 0.04160421773940578 0.5976639486896879 0 0 0 0.35 122 178 149 140 230 595 
598 0.0986257942634292 0.04060895554801404 0.5999691085037436 0 0 0 0.12 122 179 230 596 233 132 
599 0.027454210145931694 -0.02224931916761338 0.6218088238785404 0 0 0 0.32 122 180 205 63 230 597 
600 0.42244331458755036 -0.09334814243849289 0.673899371915714 0 0 0 0.35 122 181 149 141 211 138 230 598 
601 0.030799026464236552 0.022912441576154165 0.6068527263774484 0 0 0 0.06 122 182 230 599 233 133 
602 0.07817651672620664 0.028401592916560376 0.6088918096138448 0 0 0 0.58 122 183 154 39 192 21 230 600 
603 -0.012442573585061152 0.04947223796004604 0.5971037420071917 0 0 0 0.21 122 184 149 142 230 601 
604 0.0961338646540102 0.05493979152465512 0.5958241457935407 0 0 0 0.18 122 185 230 602 233 134 
605 0.028505407126609743 0.12206331685244629 0.572980924167415 0 0 0 0.09 122 186 226 37 230 603 
606 0.05514196203403132 0.15740375711526503 0.5619028160149226 0 0 0 0.32 122 187 149 143 211 139 228 128 230 604 233 135 
607 -0.02990508114532794 0.06800691144096954 0.5867658093974453 0 0 0 0.31 122 188 216 76 230 605 233 136 
608 -0.040832740844013976 0.0732326292887883 0.5926877205133484 0 0 0 0.26 122 189 145 39 177 40 205 64 226 38 228 129 230 606 
609 0.02862872123850305 0.1257674215614329 0.5743642713469009 0 0 0 0.4 122 190 149 144 193 106 211 140 228 130 230 607 233 137 
610 -0.02361340386920224 0.1343658428874038 0.5680929365808592 0 0 0 0.39 122 191 216 77 230 608 
611 0.10314226034363577 0.1593649695744725 0.5615242243770835 0 0 0 0.24 122 192 140 84 149 145 177 41 193 107 216 78 218 50 226 39 230 609 
612 -0.10254772289448935 -0.04735098375771575 0.6678921006393749 0 0 0 0.33 122 193 139 115 230 610 
613 -0.07463420919108993 0.030684779355966564 0.6428606781056211 0 0 0 0.52 122 194 149 146 230 611 
614 0.30238602599825576 -0.018042795922584808 0.6614813080909042 0 0 0 0.25 122 195 149 147 212 51 230 612 
615 0.03268480578385256 0.13964371109656257 0.5696318473842849 0 0 0 0.06 122 196 145 40 230 613 
616 -0.05036467041246876 0.14953400521646018 0.5659033434215862 0 0 0 0.38 122 197 230 614 233 138 
617 -0.07956255845278826 0.1511075878627036 0.5644084582987349 0 0 0 0.21 122 198 125 108 211 141 228 131 230 615 
618 0.058306474891282066 0.15210480075543076 0.5658237470014522 0 0 0 0.33 122 199 149 148 211 142 228 132 230 616 
619 0.02857809088112116 0.024449262575491137 0.6095375247874532 0 0 0 0.13 122 200 151 105 230 617 
620 -0.07496444189463446 0.09673729806645151 0.6169978380430697 0 0 0 0.16 125 109 177 42 183 48 230 618 
621 -0.05025597515031675 0.1536970833316241 0.5633062542147818 0 0 0 0.22 122 201 143 43 218 51 230 619 
622 -0.08809871051277485 -0.0005799521331928997 0.6573970050567552 0 0 0 0.56 122 202 195 44 230 620 
623 -0.00430269909877805 0.06665986076281458 0.5950069381630388 0 0 0 0.37 122 203 139 116 230 621 
624 -0.008584547987203263 0.1412592077313619 0.569911640355695 0 0 0 0.29 122 204 132 61 139 117 149 149 212 52 228 133 230 622 
625 0.07559827986759074 -0.25249026118686996 0.7132867788200276 0 0 0 0.77 122 205 143 44 189 28 218 52 230 623 
626 0.41131470442394175 -0.0544273790561255 0.6587066903342929 0 0 0 0.15 125 110 211 143 228 134 230 624 
627 0.4116655993360403 -0.05443554152270935 0.6591026315509985 0 0 0 0.16 125 111 211 144 230 625 
628 0.41587484531179736 -0.025257779094112295 0.6451729834729947 0 0 0 0.08 125 112 211 145 230 626 233 139 
629 0.0871068970333705 0.015856869755271102 0.6141195685290967 0 0 0 0.23 125 113 193 108 205 65 226 40 230 627 
630 0.42849981271091764 -0.23221499764976136 0.7397170438378998 0 0 0 0.43 125 114 149 150 230 628 
631 0.4278048101006514 -0.04833600101476317 0.6429032957280981 0 0 0 0.27 125 115 137 30 211 146 230 629 
632 -0.14183634546668167 0.07092241011812486 0.6260547484973388 0 0 0 0.37 125 116 144 61 177 43 189 29 191 37 193 109 205 66 230 630 233 140 
633 0.32536523604436035 0.06283006852062512 0.6281175278991604 0 0 0 0.4 125 117 144 62 193 110 211 147 230 631 
634 0.42153345335541664 -0.01826301202914453 0.6332981777361524 0 0 0 0.28 125 118 211 148 230 632 
635 0.34731138938798284 -0.02546953732884986 0.6629530324594377 0 0 0 0.74 132 62 212 53 230 633 
636 -0.026254222583440127 0.1719549605133424 0.5510705492400674 0 0 0 0.61 132 63 144 63 230 634 233 141 
637 0.1779869133594457 0.13840815081795738 0.6097021872157188 0 0 0 0.62 132 64 145 41 183 49 230 635 233 142 
638 0.1974379259214638 0.13578031580242497 0.6115496091425078 0 0 0 0.48 132 65 137 31 230 636 
639 0.024808251506289257 0.15818961743972706 0.5610882564275217 0 0 0 0.47 132 66 183 50 193 111 195 45 230 637 
640 0.11709996894497986 -0.25219078582288257 0.7113073836587355 0 0 0 0.41 137 32 140 85 230 638 
641 0.439168600065476 -0.22237523519004868 0.7129729904728592 0 0 0 0.16 137 33 230 639 233 143 
642 -0.03577859682700545 -0.08033284046167279 0.6450189929230025 0 0 0 0.31 137 34 139 118 205 67 230 640 
643 -0.06862345887109085 -0.04107477290737837 0.6658446263124351 0 0 0 0.23 137 35 139 119 154 40 161 60 183 51 205 68 230 641 
644 -0.022373332164531117 0.12971192465380857 0.5702517858543742 0 0 0 0.21 137 36 139 120 149 151 151 106 230 642 
645 0.079108966422982 0.1581268630174292 0.5601601542494856 0 0 0 0.41 137 37 139 121 211 149 230 643 
646 -0.19629472182718424 0.0702106139632132 0.6192423861358226 0 0 0 0.42 137 38 139 122 183 52 210 22 226 41 230 644 
647 -0.006137236727539748 -0.6564881544113778 0.8898369056563855 0 0 0 0.23 139 123 151 107 205 69 230 645 
648 0.024850794269672676 -0.6234420815593135 0.8694687845903842 0 0 0 0.77 139 124 149 152 166 77 205 70 211 150 226 42 230 646 
649 -0.12110454181744541 -0.035947886678814114 0.6650209635441596 0 0 0 0.29 139 125 211 151 230 647 
650 -0.12110454181744541 -0.035947886678814114 0.6650209635441596 0 0 0 0.29 139 126 211 152 230 648 
651 0.3595014248147547 0.025941312879198545 0.6442174917412101 0 0 0 0.11 139 127 211 153 230 649 
652 0.4089740536616353 -0.08362852218919732 0.6828787653489633 0 0 0 0.13 139 128 228 135 230 650 
653 -0.07670987766915774 -0.02901988044303527 0.6573977972869495 0 0 0 0.53 139 129 183 53 211 154 230 651 
654 -0.11645878198585957 0.10668479589658768 0.6079438537757966 0 0 0 0.55 139 130 145 42 230 652 
655 0.08654000155023776 -0.2616726027333313 0.7130371431703925 0 0 0 0.75 140 86 145 43 149 153 161 61 193 112 230 653 
656 0.1001119488041966 -0.2271696234302028 0.696535732979214 0 0 0 0.23 140 87 151 108 230 654 
657 0.4316090553064028 -0.18808029037401766 0.7116324623078566 0 0 0 0.5 140 88 149 154 211 155 230 655 
658 0.38965461948065516 -0.003432598236038467 0.6623639824733076 0 0 0 0.31 140 89 144 64 177 44 216 79 218 53 230 656 
659 0.20365865837712344 0.06185673961966362 0.63437166418464 0 0 0 0.1 140 90 230 657 233 144 
660 -0.15708790326766486 0.06493592619769871 0.6263745076205481 0 0 0 0.27 140 91 202 32 205 71 228 136 230 658 
661 0.32495522974263336 0.06289638544561614 0.6276753392010074 0 0 0 0.27 140 92 144 65 193 113 230 659 
662 -0.16799003936422585 -0.029603488419698027 0.6630876444301993 0 0 0 0.33 140 93 228 137 230 660 
663 0.28179771697607836 0.029476714390897857 0.6506726037242758 0 0 0 0.3 143 45 193 114 230 661 
664 0.08242938057203146 0.17004607972001756 0.555642813398995 0 0 0 0.25 143 46 151 109 230 662 
665 0.2079680402358533 0.06557567717808628 0.6307344181606213 0 0 0 0.21 144 66 183 54 230 663 
666 0.18589616132006592 0.06598947918434932 0.6327789025977211 0 0 0 0.15 144 67 211 156 230 664 
667 -0.12078065865902864 -0.03070939908017632 0.6656345815043346 0 0 0 0.41 144 68 145 44 183 55 230 665 
668 0.031530347930458384 -0.052530273421101246 0.632818426757178 0 0 0 0.16 145 45 177 45 193 115 228 138 230 666 
669 0.017490019928200623 -0.7643082231636579 0.9282338206063101 0 0 0 0.38 149 155 205 72 230 667 
670 0.0027990584292506148 -0.6023433956674323 0.8728281230702524 0 0 0 0.33 149 156 205 73 230 668 
671 0.024744206920571433 -0.4281749506403449 0.7955490530496959 0 0 0 0.63 149 157 193 116 230 669 
672 0.028744903451225802 -0.2388177889333258 0.7063048083023062 0 0 0 0.21 149 158 226 43 230 670 
673 -0.2886446438661459 -0.03630653089663258 0.6689264341048562 0 0 0 0.78 149 159 230 671 233 145 
674 -0.032832287257097824 0.02361496693976796 0.6054323388680689 0 0 0 0.38 149 160 193 117 230 672 
675 -0.03295002084751768 0.04061665233699106 0.5975792445538464 0 0 0 0.23 149 161 230 673 233 146 
676 -0.06112285326441829 0.07347338626539059 0.6259101351908569 0 0 0 0.31 149 162 210 23 230 674 
677 -0.17974021407554241 0.08290922375737785 0.620121700628542 0 0 0 0.49 149 163 230 675 233 147 
678 -0.03324635390726112 0.08961175254066815 0.5824477860192209 0 0 0 0.14 149 164 230 676 233 148 
679 -0.21403861575790112 -0.037616823073634356 0.6673220741045036 0 0 0 0.44 149 165 205 74 230 677 
680 0.4214250715739381 -0.11577317682845709 0.6843192315779285 0 0 0 0.23 149 166 218 54 228 139 230 678 
681 0.03445756920203723 -0.03919746078205769 0.62642070432962 0 0 0 0.27 149 167 193 118 230 679 233 149 
682 -0.24326200928916214 0.04524312137535295 0.6358195051738378 0 0 0 0.4 149 168 230 680 233 150 
683 0.21120147051016075 0.1472747059312114 0.5969450631581869 0 0 0 0.31 149 169 226 44 230 681 
684 0.45442308550134053 -0.20294193645983477 0.8739949258385095 0 0 0 0.73 149 170 202 33 230 682 
685 0.2852266658240918 0.008311692987911882 0.6510196414483622 0 0 0 0.15 151 110 177 46 212 54 230 683 
686 0.016633763275549388 0.0828891255740799 0.5893364849601697 0 0 0 0.12 151 111 193 119 230 684 233 151 
687 0.3245814391835005 -0.17140332500279942 0.8143163270605238 0 0 0 0.33 151 112 166 78 230 685 
688 0.06416669221820814 -0.15669356045388888 0.6764684075746966 0 0 0 0.53 154 41 161 62 183 56 230 686 
689 0.09424494555072833 0.06118385249184662 0.5938102857688943 0 0 0 0.45 161 63 183 57 230 687 233 152 
690 -0.12790234880353446 0.08676781190059947 0.6170999509481314 0 0 0 0.11 161 64 205 75 230 688 
691 -0.0492477588450741 0.14451300128916508 0.5689684261735299 0 0 0 0.17 161 65 228 140 230 689 
692 -0.07134943320240568 -0.04676717552375953 0.6693468622619552 0 0 0 0.27 161 66 205 76 211 157 216 80 230 690 
693 0.41081736286039705 -0.11782872669587857 0.6948284532164261 0 0 0 0.34 166 79 228 141 230 691 
694 0.24851179925160097 0.023285878830494423 0.6533282987062938 0 0 0 0.11 166 80 228 142 230 692 
695 0.29193178342176557 0.0585630926307845 0.6338692327532469 0 0 0 0.14 166 81 211 158 230 693 
696 -0.09697622756570719 0.14392217211894867 0.5673141046038285 0 0 0 0.39 183 58 216 81 230 694 233 153 
697 0.013614387726636945 -0.14912165820417225 0.6752529251328696 0 0 0 0.19 183 59 216 82 230 695 
698 -0.21500570908346536 -0.03724067378583631 0.6629985698010527 0 0 0 1.13 192 22 205 77 230 696 
699 -0.025288740195265173 0.1259966045000154 0.5737615938512916 0 0 0 0.39 192 23 193 120 195 46 230 697 
700 0.0556225749691584 -0.26046338768218286 0.7136832143656682 0 0 0 0.4 192 24 195 47 230 698 
701 0.02900304641116019 0.0025297039810142827 0.611048831474518 0 0 0 0.19 193 121 205 78 230 699 233 154 
702 0.21560889208261785 -0.0470575315762502 0.6659643350701044 0 0 0 0.3 205 79 210 24 230 700 
703 -0.17960830263401717 -0.042337866112996364 0.6678384942118215 0 0 0 0.15 210 25 230 701 233 155 
704 0.08819817704227591 0.04077551800164862 0.60457647712259 0 0 0 0.21 211 159 230 702 233 156 
705 0.061296422923649764 0.05553997852032416 0.5999678791160078 0 0 0 0.17 211 160 230 703 233 157 
706 -0.034684027089855164 -0.030144954375364286 0.6247373496739101 0 0 0 0.18 216 83 230 704 233 158 
707 0.19434623878525256 0.06267980071189626 0.633404054300585 0 0 0 0.22 228 143 230 705 233 159 
