# Camera list with one line of data per camera:
#   CAMERA_ID, MODEL, WIDTH, HEIGHT, PARAMS[]
# Number of cameras: 64
193 RADIAL 1047 689 1327.770356909409 523.5 344.5 -0.01217097876159937 0.07393370503623072
34 RADIAL 607 819 838.8519084383041 303.5 409.5 -0.03296726349659372 0.14430732407056507
171 RADIAL 1075 694 800.4122978846751 537.5 347.0 -0.05534089456707486 0.11324161383333725
173 RADIAL 760 1028 1075.7190779818222 380.0 514.0 0.01019831625844086 -0.05651630113784596
46 RADIAL 760 1015 1014.793612685128 380.0 507.5 -0.014831252971522926 0.05594899882474853
47 RADIAL 760 1045 1739.0350875740785 380.0 522.5 -0.41613972550634737 -1.8706280531952346
216 RADIAL 1029 760 1022.1786932921865 514.5 380.0 -0.020984753452009626 0.03472548725141451
154 RADIAL 1030 760 1096.9346822067255 515.0 380.0 0.0010730792436258489 -0.014806579155724354
72 RADIAL 1049 689 1117.15682415994 524.5 344.5 -0.04547250194117811 0.1461457320146228
177 RADIAL 1030 760 1061.6860897117574 515.0 380.0 -0.015504919019332148 0.05506797836337384
23 RADIAL 1027 760 1116.610606905104 513.5 380.0 -0.05696413869831631 0.18477152730731491
183 RADIAL 760 1022 1142.1614866555212 380.0 511.0 0.012457767987426623 -0.04330684900699186
116 RADIAL 760 1014 1065.3315312452542 380.0 507.0 -0.022318610795594464 0.10362656782961015
94 RADIAL 760 1019 1256.8639031462862 380.0 509.5 -0.025834532688572876 0.09871953264471987
226 RADIAL 689 1047 1123.4730783721639 344.5 523.5 -0.005970763585915945 0.015005551950289932
218 RADIAL 760 1033 1059.148226112848 380.0 516.5 -0.021057729792081762 0.07312481393407161
180 RADIAL 1025 760 1111.9143538445599 512.5 380.0 -0.0007724572039539024 0.017987803083568746
145 RADIAL 1022 760 1151.8382306924118 511.0 380.0 0.016464311616056014 -0.07497486650418442
58 RADIAL 1013 760 1060.6408862931014 506.5 380.0 -0.008890969406171796 0.05242153552475244
102 RADIAL 1013 674 767.0871342699327 506.5 337.0 -0.034479681963244926 0.06016311244154877
210 RADIAL 760 1022 848.3329448370896 380.0 511.0 -0.018394696658762564 0.034541158335111094
149 RADIAL 719 1052 1001.6043251332184 359.5 526.0 -0.03320568531660174 0.09340224532456881
125 RADIAL 1014 760 1048.8844095429388 507.0 380.0 0.02209867565506716 -0.08471334293192126
161 RADIAL 1025 760 1035.0056768715992 512.5 380.0 0.00394399961924238 -0.03140756467315764
86 RADIAL 1023 760 1042.1436020384047 511.5 380.0 -0.0658750453105639 0.19915581940771013
151 RADIAL 760 1028 1033.868682030518 380.0 514.0 -0.01849217427727835 0.05497718253179354
166 RADIAL 756 1009 1066.346222019613 378.0 504.5 0.11015052407945626 -0.4890493378932657
122 RADIAL 760 1029 789.6714003441807 380.0 514.5 -0.07007490613069785 0.13198952503745148
205 RADIAL 760 1024 1044.335408852512 380.0 512.0 -0.004962743853061863 0.03873070396458723
37 RADIAL 760 1027 1065.6718851691926 380.0 513.5 -0.03439002641688479 0.14193306700443623
211 RADIAL 756 1012 983.329144665955 378.0 506.0 0.05715722639542026 -0.21663721856312435
143 RADIAL 760 1027 895.6474127963501 380.0 513.5 0.010322210919236165 -0.0824196735074858
55 RADIAL 1046 688 846.687679731757 523.0 344.0 -0.023360506865833294 0.033023511874998406
186 RADIAL 689 1047 917.4201144924835 344.5 523.5 -0.007717680087556949 0.008368912055852499
189 RADIAL 1032 684 739.0565258335312 516.0 342.0 -0.022017814907030003 0.0315532902097081
212 RADIAL 696 1078 852.1716284632399 348.0 539.0 -0.018011770540974414 0.090720039532796
119 RADIAL 760 1029 796.042893733083 380.0 514.5 -0.004269769127343769 -0.0038038276721238475
140 RADIAL 1047 688 1336.895498353301 523.5 344.0 -0.04140879652403919 0.17274467776753571
90 RADIAL 760 1039 1016.9275525782302 380.0 519.5 -0.020101348670864935 0.03856526349392958
202 RADIAL 760 1015 851.5575055533327 380.0 507.5 0.03392082673260141 -0.16232459381581643
150 RADIAL 1034 760 1077.9202685529792 517.0 380.0 -0.015896712188001545 0.06259165615785683
30 RADIAL 1018 760 1018.2713545161278 509.0 380.0 0.10899222021037512 -0.40048783033500596
153 RADIAL 1025 760 1094.2283096832803 512.5 380.0 -0.05456048950655977 0.13398586512221553
215 RADIAL 644 1094 945.7740656253244 322.0 547.0 -0.010336573719597281 -0.0004934612495365716
139 RADIAL 1015 760 869.4436305710776 507.5 380.0 0.14679657736371132 -0.4589659331601622
144 RADIAL 760 1037 805.62433244604 380.0 518.5 -0.02960813213484878 0.11522625301251078
228 RADIAL 1028 760 1110.389455289402 514.0 380.0 -0.011022029172225084 0.04771017498141899
131 RADIAL 606 816 863.0779660226009 303.0 408.0 -0.012898203619087601 0.044959972482305585
132 RADIAL 760 879 873.9946257006968 380.0 439.5 0.052089425700484325 0.0025730901987972886
57 RADIAL 1016 760 817.6873272200661 508.0 380.0 0.0040167452852619846 -0.02306401669151011
59 RADIAL 695 1061 803.510736525113 347.5 530.5 0.0005535446079609368 0.006165907796776695
45 RADIAL 696 1074 841.3688767563553 348.0 537.0 -0.017862473053547497 0.06725957506984256
137 RADIAL 692 1068 795.5562389990721 346.0 534.0 0.00427594719564022 -0.061637922107198095
233 RADIAL 1026 760 1069.316818313027 513.0 380.0 -0.06793070650540801 0.21239064777471442
99 RADIAL 1013 571 1106.6382649360132 506.5 285.5 0.12296518494398959 -0.555429318467078
191 RADIAL 1065 696 809.0274595297643 532.5 348.0 -0.07171769641616867 0.12282777805430993
51 RADIAL 815 605 876.8754847794746 407.5 302.5 -0.014882261308835139 0.05944056713214378
121 RADIAL 1020 680 805.1240028207325 510.0 340.0 0.001287955225228536 -0.009705021430079732
178 RADIAL 610 822 712.8855840480524 305.0 411.0 -0.020982196665119534 0.06187932976297082
48 RADIAL 818 606 827.2254898572046 409.0 303.0 -0.012059541441260677 0.07574077331205267
225 RADIAL 760 760 730.8262910822502 380.0 380.0 0.22423526739101984 -1.115567237328948
62 RADIAL 1015 760 1427.2105401634738 507.5 380.0 0.0 0.0
83 RADIAL 760 1030 1005.194845825411 380.0 515.0 0.0 0.0
6 RADIAL 691 1056 1106.2231289338774 345.5 528.0 0.0 0.0
