# 3D point list with one line of data per point:
#   POINT3D_ID, X, Y, Z, R, G, B, ERROR, TRACK[] as (IMAGE_ID, POINT2D_IDX)
# Number of points: 298, mean track length: 9.84
0 0.4803142249584198 -0.2133568525314331 0.9611659646034241 30 24 27 1.66 74 0 75 0 76 0 77 0 78 0 79 0 80 0 81 0 82 0 83 0 84 0 85 0 86 0 87 0 88 0 89 0 
1 0.1033138856291771 -0.007687040604650974 0.7082533836364746 59 55 37 2.31 74 1 76 1 79 1 80 1 82 1 83 1 88 1 
2 0.19433610141277313 -0.09055443853139877 0.45821475982666016 107 138 76 4.48 74 2 75 1 76 2 77 1 82 2 83 2 
3 0.48966240882873535 -0.2505790889263153 0.9642325043678284 92 91 94 1.33 74 3 75 2 76 3 77 2 78 1 79 2 80 2 81 1 84 1 85 1 86 1 87 1 88 2 89 1 
4 0.12896138429641724 -0.18551790714263916 0.7699612379074097 179 195 215 1.7 74 4 75 3 76 4 78 2 79 3 80 3 81 2 82 3 83 3 87 2 88 3 89 2 
5 0.7650073170661926 -0.19696347415447235 1.1194355487823486 42 32 33 2.44 74 5 75 4 76 5 78 3 79 4 80 4 81 3 84 2 85 2 86 2 87 3 88 4 89 3 
6 -0.026094000786542892 -0.19441066682338715 0.6904743909835815 182 201 224 1.9 74 6 75 5 76 6 77 3 78 4 82 4 83 4 88 5 89 4 
7 -0.08428126573562622 -0.1413969248533249 0.63688725233078 133 135 153 1.45 74 7 75 6 76 7 77 4 82 5 83 5 88 6 89 5 
8 0.15869110822677612 0.13333375751972198 0.4519115686416626 37 31 27 2.47 74 8 75 7 76 8 77 5 82 6 83 6 
9 -0.012971541844308376 0.11571363359689713 0.48036569356918335 26 43 7 1.05 74 9 75 8 76 9 77 6 
10 -0.012434135191142559 -0.0944642573595047 0.6582712531089783 76 57 43 1.19 74 10 75 9 76 10 77 7 82 7 83 7 88 7 89 6 
11 -0.049694374203681946 -0.24913258850574493 0.6816577315330505 33 24 26 1.21 74 11 75 10 76 11 77 8 82 8 83 8 88 8 89 7 
12 0.5890704393386841 -0.2096535563468933 1.0190660953521729 58 39 43 1.08 74 12 75 11 76 12 77 9 78 5 79 5 80 5 81 4 84 3 85 3 86 3 87 4 88 9 89 8 
13 0.09713669866323471 0.1303883194923401 0.6785162091255188 120 121 122 2.99 74 13 75 12 76 13 79 6 82 9 83 9 89 9 
14 -0.11157969385385513 0.036799293011426926 0.5037909746170044 49 71 16 7.06 74 14 75 13 76 14 
15 0.09355229139328003 0.17075438797473907 0.4123052954673767 57 81 59 5.96 74 15 75 14 76 15 
16 0.13771383464336395 0.10919730365276337 0.44331997632980347 53 65 26 2.89 74 16 75 15 76 16 77 10 82 10 83 10 
17 -0.05623024329543114 -0.017102519050240517 0.630925714969635 25 20 16 1.44 74 17 75 16 76 17 77 11 82 11 83 11 88 10 89 10 
18 -0.008581170812249184 0.061932679265737534 0.6357488632202148 65 64 58 1.1 74 18 75 17 76 18 82 12 83 12 88 11 89 11 
19 -0.0801994800567627 0.03770509362220764 0.6059882640838623 128 128 130 1.17 74 19 75 18 76 19 77 12 88 12 89 12 
20 0.5434687733650208 -0.24951401352882385 0.9911143183708191 105 98 95 1.38 74 20 75 19 76 20 77 13 78 6 79 7 80 6 81 5 84 4 85 4 86 4 87 5 88 13 89 13 
21 0.0834435299038887 0.18212690949440002 0.4231718182563782 64 81 37 7.05 74 21 75 20 82 13 83 13 
22 -0.025503093376755714 0.04600095748901367 0.4722121059894562 79 97 71 0.9 74 22 75 21 76 21 77 14 
23 0.6479864120483398 -0.07309228926897049 1.0385099649429321 157 159 186 2.03 74 23 75 22 76 22 77 15 78 7 79 8 81 6 84 5 85 5 86 5 87 6 88 14 89 14 
24 -0.066273994743824 -0.16880133748054504 0.6632807850837708 87 92 92 1.45 74 24 75 23 76 23 77 16 82 14 83 14 88 15 89 15 
25 0.09760694205760956 0.07380405813455582 0.6817801594734192 119 121 126 3.16 74 25 75 24 79 9 82 15 83 15 88 16 89 16 
26 -0.24891044199466705 0.10962022840976715 0.5063251852989197 35 36 25 6.0 74 26 75 25 82 16 83 16 89 17 
27 0.11908700317144394 0.0709189623594284 0.4158947169780731 178 181 191 3.24 74 27 75 26 76 24 
28 0.1553128957748413 -0.195609450340271 0.7769349813461304 83 72 88 1.83 74 28 75 27 76 25 77 17 78 8 79 10 80 7 81 7 82 17 83 17 85 6 86 6 87 7 88 17 89 18 
29 0.16563200950622559 -0.2745058834552765 0.7860502600669861 110 124 131 1.56 74 29 75 28 76 26 77 18 78 9 79 11 80 8 81 8 82 18 83 18 85 7 86 7 87 8 88 18 89 19 
30 0.15344113111495972 -0.23802098631858826 0.7780735492706299 39 33 34 1.68 74 30 75 29 76 27 77 19 78 10 79 12 80 9 81 9 82 19 83 19 85 8 86 8 87 9 88 19 89 20 
31 0.07237635552883148 -0.1862107664346695 0.7240191102027893 150 150 151 2.27 74 31 75 30 76 28 77 20 78 11 79 13 80 10 82 20 83 20 88 20 89 21 
32 0.4843829572200775 -0.22064998745918274 0.9589402675628662 123 105 114 2.23 74 32 75 31 76 29 77 21 78 12 79 14 80 11 81 10 82 21 83 21 84 6 85 9 86 9 87 10 88 21 89 22 
33 0.22548934817314148 -0.270277738571167 0.8183563947677612 100 113 119 1.68 74 33 75 32 76 30 77 22 78 13 79 15 80 12 81 11 82 22 83 22 84 7 85 10 86 10 87 11 88 22 89 23 
34 -0.1973249763250351 0.006199984345585108 0.5752382874488831 97 100 103 2.68 74 34 75 33 76 31 82 23 89 24 
35 -0.25647565722465515 0.02596232108771801 0.5334441661834717 109 115 124 1.77 74 35 75 34 82 24 83 23 89 25 
36 0.6506407856941223 0.05239721015095711 0.7163195013999939 106 111 94 2.53 78 14 79 16 80 13 81 12 84 8 85 11 86 11 87 12 88 23 89 26 
37 0.4093720018863678 0.1386195868253708 0.6150527596473694 34 36 20 4.3 77 23 78 15 79 17 80 14 81 13 82 25 83 24 88 24 
38 0.23107703030109406 0.09946416318416595 0.7605689764022827 122 118 112 1.99 78 16 79 18 80 15 81 14 82 26 83 25 84 9 85 12 86 12 87 13 88 25 89 27 
39 0.22416222095489502 -0.14327147603034973 0.8028204441070557 49 48 58 1.94 77 24 78 17 79 19 80 16 81 15 82 27 83 26 84 10 85 13 86 13 87 14 88 26 89 28 
40 0.13633312284946442 -0.27867406606674194 0.7789579033851624 27 24 25 2.22 74 36 75 35 76 32 77 25 79 20 80 17 81 16 82 28 83 27 85 14 87 15 88 27 89 29 
41 0.24964125454425812 0.04103313758969307 0.7826393246650696 122 118 116 1.7 78 18 79 21 80 18 81 17 82 29 83 28 84 11 85 15 86 14 87 16 
42 0.6740264296531677 0.14752045273780823 0.7154898047447205 70 88 70 3.1 79 22 80 19 81 18 84 12 85 16 86 15 87 17 88 28 89 30 
43 0.4173392951488495 -0.11281812191009521 0.9043288230895996 122 119 126 1.86 74 37 75 36 76 33 77 26 78 19 79 23 80 20 81 19 82 30 83 29 84 13 85 17 86 16 87 18 88 29 89 31 
44 0.6971373558044434 0.10523177683353424 0.8008961081504822 23 28 26 3.94 78 20 79 24 80 21 81 20 84 14 85 18 86 17 87 19 
45 0.5619891881942749 -0.02132290042936802 0.7368671894073486 105 122 98 6.1 78 21 79 25 80 22 81 21 82 31 83 30 84 15 
46 0.4917502701282501 -0.08188249170780182 0.947796642780304 97 101 119 1.3 75 37 76 34 77 27 78 22 79 26 80 23 81 22 82 32 84 16 85 19 86 18 87 20 88 30 89 32 
47 0.37082695960998535 -0.11854472756385803 0.877833902835846 172 174 175 1.74 75 38 76 35 77 28 78 23 79 27 80 24 81 23 82 33 83 31 84 17 85 20 86 19 87 21 88 31 89 33 
48 0.17774668335914612 -0.2568502128124237 0.7992183566093445 110 98 92 2.58 74 38 75 39 76 36 77 29 78 24 79 28 80 25 81 24 82 34 83 32 84 18 85 21 86 20 87 22 88 32 89 34 
49 0.22634661197662354 -0.0647856667637825 0.7890946269035339 111 86 82 1.71 77 30 78 25 79 29 80 26 81 25 82 35 83 33 84 19 85 22 86 21 
50 0.2497832179069519 -0.10720887780189514 0.8104997277259827 149 154 159 1.64 76 37 77 31 78 26 79 30 80 27 81 26 82 36 83 34 84 20 85 23 86 22 88 33 89 35 
51 0.8666502237319946 0.030295411124825478 1.142030119895935 60 69 62 0.75 79 31 80 28 81 27 84 21 85 24 86 23 87 23 88 34 89 36 
52 0.6534913778305054 -0.1531408429145813 1.0629122257232666 56 48 58 1.46 74 39 75 40 76 38 77 32 78 27 79 32 80 29 81 28 84 22 85 25 86 24 87 24 88 35 89 37 
53 0.7655442953109741 0.11542503535747528 0.7925944924354553 9 11 10 3.36 80 30 81 29 84 23 85 26 86 25 87 25 88 36 89 38 
54 0.6112030148506165 0.07093597203493118 0.7376087307929993 26 23 17 2.0 78 28 79 33 80 31 81 30 83 35 84 24 85 27 86 26 87 26 88 37 89 39 
55 0.6431170105934143 -0.09833759069442749 1.0529043674468994 53 68 76 1.26 74 40 75 41 76 39 77 33 78 29 79 34 80 32 81 31 84 25 85 28 86 27 87 27 88 38 89 40 
56 0.17568014562129974 -0.11862935870885849 0.771769106388092 57 53 64 2.2 77 34 78 30 79 35 80 33 81 32 82 37 83 36 85 29 86 28 87 28 88 39 89 41 
57 0.868915319442749 -0.0014247321523725986 1.162917971611023 72 65 74 1.54 79 36 80 34 81 33 84 26 85 30 86 29 87 29 88 40 89 42 
58 0.1335972547531128 0.103511281311512 0.7311591506004333 80 90 94 3.02 74 41 78 31 79 37 80 35 81 34 82 38 83 37 88 41 89 43 
59 0.33133795857429504 -0.14949862658977509 0.8630351424217224 90 87 100 1.97 75 42 76 40 77 35 78 32 79 38 80 36 81 35 82 39 83 38 84 27 85 31 86 30 87 30 88 42 89 44 
60 0.6186311841011047 -0.09189678728580475 1.0317453145980835 131 155 75 1.14 74 42 75 43 76 41 77 36 78 33 79 39 81 36 84 28 85 32 86 31 87 31 88 43 89 45 
61 0.6290672421455383 -0.22844263911247253 1.0535778999328613 127 105 108 1.22 74 43 75 44 76 42 77 37 78 34 79 40 80 37 81 37 84 29 85 33 86 32 87 32 88 44 89 46 
62 0.2737411558628082 -0.20164836943149567 0.8569774627685547 166 188 211 2.02 74 44 75 45 76 43 77 38 78 35 79 41 80 38 81 38 82 40 83 39 84 30 85 34 86 33 87 33 88 45 89 47 
63 0.2543318569660187 0.13053736090660095 0.7640349864959717 68 80 62 1.84 76 44 77 39 78 36 79 42 80 39 81 39 82 41 83 40 85 35 86 34 87 34 88 46 89 48 
64 0.26653149724006653 0.08453457057476044 0.799602210521698 115 122 138 1.65 77 40 78 37 79 43 80 40 81 40 82 42 83 41 84 31 85 36 86 35 87 35 
65 0.7836229205131531 0.0767744705080986 0.8459853529930115 116 116 55 3.61 80 41 81 41 84 32 85 37 86 36 
66 0.46082037687301636 -0.24621520936489105 0.9554743766784668 93 85 87 1.92 74 45 75 46 76 45 77 41 78 38 79 44 80 42 81 42 82 43 84 33 85 38 86 37 87 36 88 47 89 49 
67 0.268148273229599 -0.12541888654232025 0.8391364216804504 120 135 156 1.72 76 46 77 42 78 39 79 45 80 43 81 43 82 44 83 42 84 34 85 39 86 38 87 37 88 48 89 50 
68 0.6263926029205322 0.14005416631698608 0.7316765785217285 50 50 43 3.56 78 40 79 46 80 44 81 44 83 43 84 35 85 40 86 39 87 38 88 49 89 51 
69 0.16599100828170776 -0.08603298664093018 0.7595843076705933 73 62 62 2.32 78 41 79 47 80 45 81 45 82 45 83 44 87 39 89 52 
70 0.8119867444038391 -0.20147258043289185 1.1646674871444702 95 82 86 1.3 75 47 78 42 79 48 80 46 81 46 84 36 85 41 86 40 87 40 88 50 89 53 
71 0.837603747844696 -0.05500025674700737 1.1532235145568848 119 118 124 1.35 80 47 81 47 84 37 85 42 86 41 87 41 88 51 89 54 
72 0.47927749156951904 -0.09688284993171692 0.9548013806343079 78 109 124 1.92 75 48 76 47 77 43 78 43 79 49 80 48 81 48 82 46 83 45 84 38 85 43 86 42 87 42 88 52 89 55 
73 0.24662943184375763 0.005750543903559446 0.7874065637588501 129 130 132 1.59 77 44 78 44 79 50 80 49 81 49 82 47 83 46 84 39 85 44 86 43 
74 0.3195912539958954 -0.05635524168610573 0.8370956182479858 147 136 133 1.36 75 49 76 48 77 45 78 45 79 51 80 50 81 50 82 48 83 47 84 40 85 45 
75 0.7076870799064636 0.11467055976390839 0.7852796912193298 27 33 27 3.72 78 46 79 52 80 51 81 51 84 41 85 46 86 44 87 43 88 53 89 56 
76 0.7811211347579956 0.12381918728351593 0.7838830351829529 30 35 35 4.52 81 52 84 42 85 47 86 45 87 44 88 54 89 57 
77 0.7865530848503113 -0.08332765102386475 1.1449888944625854 203 204 214 2.12 75 50 79 53 80 52 81 53 84 43 85 48 86 46 87 45 88 55 89 58 
78 0.497463583946228 0.15139587223529816 0.9069933891296387 68 67 71 2.97 74 46 75 51 76 49 77 46 78 47 79 54 80 53 81 54 82 49 83 48 84 44 85 49 86 47 87 46 
79 0.4348943829536438 0.1368241012096405 0.8708012104034424 30 23 25 1.76 75 52 76 50 77 47 78 48 79 55 80 54 81 55 82 50 83 49 84 45 85 50 86 48 87 47 
80 0.15693236887454987 0.02497348189353943 0.7484896183013916 139 136 135 2.94 74 47 79 56 80 55 81 56 82 51 83 50 88 56 
81 0.6548587679862976 0.1485244184732437 0.6331952810287476 35 41 23 4.29 79 57 80 56 81 57 88 57 89 59 
82 0.20631349086761475 0.120194211602211 0.739159882068634 120 121 121 2.08 77 48 78 49 79 58 80 57 81 58 82 52 83 51 88 58 89 60 
83 0.6663058996200562 0.13114029169082642 0.6616495251655579 72 87 57 7.51 79 59 80 58 81 59 84 46 88 59 89 61 
84 0.1606014370918274 0.07674316316843033 0.7393066883087158 125 132 140 2.47 78 50 79 60 80 59 81 60 82 53 83 52 88 60 
85 0.8171700239181519 0.027693139389157295 1.104382872581482 34 48 37 2.3 79 61 80 60 81 61 84 47 85 51 86 49 87 48 88 61 89 62 
86 0.2846246361732483 0.08606517314910889 0.8095100522041321 89 94 98 1.52 76 51 77 49 78 51 79 62 80 61 81 62 82 54 83 53 84 48 85 52 86 50 87 49 
87 0.44172441959381104 -0.140030175447464 0.9393430948257446 63 64 68 2.07 74 48 75 53 76 52 77 50 78 52 79 63 80 62 81 63 82 55 83 54 84 49 85 53 86 51 87 50 88 62 89 63 
88 0.6782563328742981 0.1373472511768341 0.7368662357330322 20 24 17 3.04 78 53 79 64 80 63 81 64 84 50 85 54 86 52 87 51 88 63 89 64 
89 0.7484549880027771 0.1576073169708252 0.7417075634002686 57 71 58 4.11 80 64 81 65 84 51 88 64 89 65 
90 0.26561108231544495 0.12056358903646469 0.7799592018127441 36 33 39 2.27 76 53 77 51 78 54 79 65 80 65 81 66 82 56 83 55 84 52 85 55 86 53 87 52 88 65 89 66 
91 0.8767938017845154 -0.22139553725719452 1.2081321477890015 96 86 84 1.29 78 55 79 66 80 66 81 67 84 53 85 56 86 54 87 53 88 66 89 67 
92 0.8132128119468689 -0.11596996337175369 1.1627436876296997 86 74 90 1.68 75 54 78 56 79 67 80 67 81 68 84 54 85 57 86 55 87 54 88 67 89 68 
93 0.5715734362602234 0.04454097896814346 0.7164957523345947 25 33 9 3.56 78 57 79 68 80 68 81 69 83 56 84 55 85 58 86 56 87 55 88 68 89 69 
94 0.37793415784835815 -0.27475064992904663 0.9003973007202148 101 96 91 1.73 74 49 75 55 76 54 77 52 78 58 79 69 80 69 81 70 82 57 84 56 85 59 86 57 87 56 88 69 89 70 
95 0.17541247606277466 -0.2764379382133484 0.8000759482383728 35 33 35 2.58 74 50 75 56 76 55 77 53 78 59 79 70 80 70 81 71 82 58 83 57 84 57 85 60 86 58 87 57 88 70 89 71 
96 0.7335836291313171 0.1179322600364685 0.7869081497192383 30 38 35 3.18 79 71 80 71 81 72 84 58 85 61 86 59 87 58 88 71 89 72 
97 0.7422326803207397 -0.20056574046611786 1.1181358098983765 137 133 136 1.37 74 51 75 57 76 56 78 60 79 72 80 72 81 73 84 59 85 62 86 60 87 59 88 72 89 73 
98 0.17302867770195007 -0.03366681560873985 0.7538710832595825 97 90 90 1.83 77 54 78 61 79 73 80 73 81 74 82 59 83 58 
99 0.4308687150478363 0.008210720494389534 0.8881576061248779 37 35 35 1.74 75 58 76 57 77 55 78 62 79 74 80 74 81 75 82 60 83 59 84 60 87 60 88 73 89 74 
100 0.34162256121635437 0.03651493415236473 0.8337491154670715 101 80 80 1.3 77 56 78 63 79 75 80 75 81 76 82 61 83 60 84 61 85 63 86 61 
101 0.7287948727607727 0.16254425048828125 0.7069075703620911 99 110 84 3.37 80 76 81 77 88 74 89 75 
102 0.333663672208786 -0.07890518009662628 0.8457847237586975 99 96 102 1.61 75 59 76 58 77 57 78 64 79 76 80 77 81 78 82 62 83 61 84 62 85 64 87 61 88 75 89 76 
103 0.5999919772148132 0.14215974509716034 0.6118307709693909 15 17 13 4.97 78 65 79 77 80 78 81 79 83 62 88 76 89 77 
104 0.5860609412193298 0.14800788462162018 0.8104194402694702 35 42 33 5.8 78 66 79 78 80 79 81 80 83 63 84 63 85 65 
105 0.7323889136314392 -0.19795222580432892 1.1109871864318848 62 65 79 1.43 74 52 75 60 76 59 77 58 78 67 79 79 80 80 81 81 84 64 85 66 86 62 87 62 88 77 89 78 
106 0.13876505196094513 0.12601378560066223 0.7268447279930115 117 138 155 3.22 74 53 78 68 79 80 80 81 81 82 82 63 83 64 88 78 89 79 
107 0.2606634497642517 0.124698206782341 0.771155834197998 75 64 65 2.3 76 60 77 59 78 69 79 81 80 82 81 83 82 64 83 65 84 65 85 67 86 63 87 63 88 79 89 80 
108 0.6109662055969238 0.09280999004840851 0.7534167766571045 27 26 22 2.68 78 70 79 82 80 83 81 84 83 66 84 66 85 68 86 64 87 64 88 80 89 81 
109 0.45011553168296814 0.08089108765125275 0.9052861928939819 137 162 178 2.14 75 61 76 61 77 60 78 71 79 83 80 84 81 85 82 65 83 67 84 67 85 69 88 81 89 82 
110 0.6838365793228149 0.1264732927083969 0.7586031556129456 56 69 54 2.53 78 72 79 84 80 85 81 86 84 68 85 70 86 65 87 65 88 82 89 83 
111 0.7651093602180481 -0.07062266021966934 1.1246894598007202 206 216 222 2.98 75 62 79 85 80 86 81 87 84 69 85 71 86 66 87 66 88 83 89 84 
112 0.34501147270202637 0.06759875267744064 0.8290683627128601 97 79 81 1.26 76 62 77 61 78 73 79 86 80 87 81 88 82 66 83 68 84 70 85 72 86 67 
113 0.6533382534980774 0.00047913522575981915 0.7086268067359924 65 78 28 4.71 78 74 79 87 80 88 81 89 84 71 85 73 86 68 87 67 88 84 89 85 
114 0.5789985656738281 -0.13238199055194855 1.0035885572433472 172 177 169 1.78 74 54 75 63 76 63 77 62 78 75 79 88 80 89 81 90 83 69 84 72 85 74 86 69 87 68 88 85 89 86 
115 0.545102596282959 0.15409468114376068 0.6533625721931458 24 33 32 3.03 78 76 79 89 80 90 81 91 83 70 84 73 
116 0.3557973802089691 -0.21212290227413177 0.8885231614112854 140 134 131 1.95 74 55 75 64 76 64 77 63 78 77 79 90 80 91 81 92 82 67 83 71 84 74 85 75 86 70 87 69 88 86 89 87 
117 0.55897456407547 -0.26965761184692383 0.9876318573951721 102 106 129 1.78 74 56 75 65 76 65 77 64 78 78 79 91 80 92 81 93 84 75 85 76 86 71 87 70 88 87 89 88 
118 0.2607615888118744 -0.14972005784511566 0.8371108174324036 40 42 43 1.94 76 66 77 65 78 79 79 92 80 93 81 94 82 68 83 72 84 76 85 77 86 72 87 71 88 88 89 89 
119 0.20118090510368347 -0.03862617164850235 0.7700197696685791 149 150 145 1.92 78 80 79 93 80 94 81 95 82 69 83 73 85 78 86 73 
120 0.131622314453125 -0.046307239681482315 0.73335200548172 116 114 113 2.67 74 57 79 94 80 95 81 96 82 70 83 74 
121 0.5502611994743347 0.078706756234169 0.7623013257980347 98 99 92 3.28 75 66 76 67 77 66 78 81 79 95 80 96 81 97 82 71 83 75 84 77 85 79 86 74 87 72 88 89 89 90 
122 0.6133787631988525 -0.23627251386642456 1.0456632375717163 106 93 97 1.28 74 58 75 67 76 68 77 67 78 82 79 96 80 97 81 98 84 78 85 80 86 75 87 73 88 90 89 91 
123 0.5437586307525635 0.08745253086090088 0.7572636604309082 30 41 22 3.3 75 68 76 69 77 68 78 83 79 97 80 98 81 99 82 72 83 76 84 79 85 81 86 76 87 74 88 91 89 92 
124 0.6104877591133118 0.008750827983021736 0.694343090057373 128 140 118 2.39 78 84 79 98 80 99 81 100 83 77 84 80 85 82 86 77 87 75 88 92 89 93 
125 0.622117817401886 0.048180170357227325 0.6971055865287781 106 105 106 2.18 78 85 79 99 80 100 81 101 83 78 84 81 85 83 86 78 87 76 88 93 89 94 
126 0.44985729455947876 0.11975540965795517 0.9003032445907593 137 151 162 2.12 76 70 77 69 78 86 79 100 80 101 81 102 82 73 83 79 84 82 85 84 88 94 
127 0.6734433174133301 0.09006000310182571 0.7699571251869202 50 65 39 2.17 78 87 79 101 80 102 81 103 84 83 85 85 86 79 87 77 88 95 89 95 
128 0.26294004917144775 -0.08264271914958954 0.8078974485397339 107 111 112 2.11 75 69 77 70 78 88 79 102 80 103 81 104 82 74 83 80 84 84 85 86 86 80 88 96 89 96 
129 0.6457762718200684 0.0317360982298851 0.7402871251106262 153 162 151 5.37 78 89 79 103 80 104 81 105 84 85 85 87 86 81 87 78 88 97 89 97 
130 0.40641653537750244 0.168948233127594 0.6491724848747253 28 36 22 6.61 78 90 79 104 80 105 81 106 82 75 83 81 
131 0.41506892442703247 -0.2504453659057617 0.9296159148216248 93 86 85 2.29 74 59 75 70 76 71 77 71 78 91 79 105 80 106 81 107 82 76 83 82 84 86 85 88 86 82 87 79 88 98 89 98 
132 0.6289188861846924 -0.13209885358810425 1.0495165586471558 178 193 210 1.26 74 60 75 71 76 72 77 72 78 92 79 106 80 107 81 108 84 87 85 89 86 83 87 80 88 99 89 99 
133 0.43596211075782776 0.14845812320709229 0.8668662309646606 41 36 38 1.89 75 72 76 73 77 73 78 93 79 107 80 108 81 109 82 77 83 83 84 88 85 90 86 84 87 81 
134 0.6331503987312317 -0.23909401893615723 1.0579560995101929 98 93 96 1.34 74 61 75 73 76 74 77 74 78 94 79 108 80 109 81 110 84 89 85 91 86 85 87 82 88 100 89 100 
135 0.4389529526233673 -0.016390925273299217 0.8975465893745422 106 105 113 1.6 75 74 76 75 77 75 78 95 79 109 80 110 81 111 82 78 84 90 88 101 89 101 
136 0.7974420785903931 -0.17488610744476318 1.165933609008789 75 102 134 1.24 75 75 78 96 79 110 80 111 81 112 84 91 85 92 86 86 87 83 88 102 89 102 
137 0.5063011050224304 0.13827019929885864 0.5924152731895447 55 66 49 4.98 78 97 79 111 80 112 81 113 82 79 83 84 89 103 
138 0.7291026711463928 0.13058826327323914 0.7761832475662231 36 46 38 4.27 79 112 80 113 81 114 84 92 85 93 86 87 87 84 88 103 89 104 
139 0.12765605747699738 -0.15995512902736664 0.7683259844779968 161 185 204 1.85 74 62 78 98 79 113 80 114 81 115 82 80 83 85 87 85 88 104 89 105 
140 0.26148131489753723 0.00036110630026087165 0.8009363412857056 22 15 12 1.57 77 76 78 99 79 114 80 115 81 116 82 81 83 86 84 93 85 94 86 88 
141 0.15301023423671722 -0.10774897038936615 0.7673768401145935 116 115 124 1.88 74 63 78 100 79 115 80 116 81 117 82 82 83 87 87 86 88 105 89 106 
142 0.5179663896560669 0.08766191452741623 0.751632571220398 77 93 69 3.79 75 76 76 76 77 77 78 101 79 116 80 117 81 118 82 83 83 88 84 94 85 95 86 89 88 106 89 107 
143 0.8978599905967712 -0.061983462423086166 1.1923357248306274 109 106 93 2.43 78 102 79 117 80 118 81 119 84 95 85 96 86 90 87 87 88 107 89 108 
144 0.6314418911933899 0.13474123179912567 0.6179456114768982 50 58 45 4.86 79 118 80 119 81 120 83 89 88 108 89 109 
145 0.7631131410598755 -0.15780960023403168 1.1365326642990112 68 90 116 1.92 75 77 76 77 78 103 79 119 80 120 81 121 84 96 85 97 86 91 87 88 88 109 89 110 
146 0.7648094296455383 -0.11512239277362823 1.1277192831039429 31 28 30 2.25 75 78 76 78 78 104 79 120 80 121 81 122 84 97 85 98 86 92 87 89 88 110 89 111 
147 0.25359565019607544 -0.05082150548696518 0.8014088869094849 153 149 147 1.53 76 79 77 78 78 105 79 121 80 122 81 123 82 84 83 90 84 98 85 99 86 93 
148 0.8555904626846313 -0.13273175060749054 1.1802864074707031 139 140 142 1.28 78 106 79 122 80 123 81 124 84 99 85 100 86 94 87 90 88 111 89 112 
149 0.14442269504070282 -0.26516690850257874 0.7828095555305481 75 70 71 2.38 74 64 75 79 76 80 77 79 78 107 79 123 80 124 81 125 82 85 83 91 85 101 86 95 87 91 88 112 89 113 
150 0.532619297504425 0.05119432136416435 0.7371935248374939 87 105 83 6.26 75 80 76 81 77 80 78 108 79 124 80 125 81 126 82 86 83 92 84 100 85 102 86 96 
151 0.26599523425102234 -0.1685410887002945 0.8466857075691223 128 175 219 1.72 76 82 77 81 78 109 79 125 80 126 81 127 82 87 83 93 84 101 85 103 86 97 87 92 88 113 89 114 
152 0.5914583206176758 -0.07456856966018677 0.9981502294540405 191 195 205 1.15 74 65 75 81 76 83 77 82 78 110 79 126 85 104 86 98 87 93 88 114 89 115 
153 0.2597324252128601 0.02781650982797146 0.4157351851463318 139 154 50 3.36 74 66 75 82 76 84 77 83 78 111 82 88 83 94 
154 0.6693472266197205 -0.15711349248886108 1.0607573986053467 134 129 141 2.0 74 67 75 83 76 85 77 84 78 112 79 127 80 127 81 128 84 102 85 105 86 99 87 94 88 115 89 116 
155 0.18848547339439392 0.1076984852552414 0.43654775619506836 72 90 41 1.67 74 68 75 84 76 86 77 85 78 113 82 89 83 95 
156 0.25769850611686707 -0.0161134023219347 0.4888820946216583 96 122 54 2.75 74 69 75 85 76 87 77 86 78 114 79 128 82 90 83 96 
157 -0.09723567217588425 -0.18581140041351318 0.6416003108024597 147 149 152 2.3 74 70 75 86 76 88 77 87 82 91 83 97 88 116 89 117 
158 0.2571096122264862 0.13554105162620544 0.43884342908859253 189 190 139 5.26 74 71 75 87 76 89 77 88 78 115 82 92 83 98 
159 0.5709046125411987 -0.14186649024486542 0.9980364441871643 101 104 118 1.65 74 72 75 88 76 90 77 89 78 116 79 129 80 128 81 129 83 99 84 103 85 106 86 100 87 95 88 117 89 118 
160 0.11055160313844681 -0.03427482768893242 0.4704250693321228 46 65 23 3.74 74 73 75 89 76 91 77 90 82 93 83 100 
161 0.1295594722032547 0.028868883848190308 0.35027065873146057 167 193 161 0.99 74 74 75 90 76 92 77 91 
162 0.16647869348526 0.018735889345407486 0.34993764758110046 120 131 86 1.08 74 75 75 91 76 93 77 92 
163 0.2483665496110916 -0.031630221754312515 0.46739473938941956 208 208 49 3.02 74 76 75 92 76 94 77 93 78 117 82 94 83 101 
164 0.16288505494594574 0.08163973689079285 0.4563491940498352 69 71 59 2.1 74 77 75 93 76 95 77 94 78 118 82 95 83 102 
165 0.1949911266565323 -0.027198029682040215 0.44894617795944214 104 127 42 4.56 74 78 75 94 76 96 77 95 78 119 82 96 83 103 
166 0.23340195417404175 0.12137052416801453 0.4143170416355133 104 127 78 3.71 74 79 75 95 76 97 77 96 78 120 82 97 83 104 
167 0.219520702958107 0.11357888579368591 0.4174794554710388 149 159 120 2.2 74 80 75 96 76 98 77 97 78 121 82 98 83 105 
168 0.22799564898014069 -0.23319070041179657 0.820410966873169 186 189 194 1.45 74 81 75 97 76 99 77 98 78 122 79 130 80 129 81 130 82 99 83 106 84 104 85 107 86 101 87 96 88 118 89 119 
169 0.5135550498962402 -0.20578666031360626 0.9784278273582458 194 188 182 2.06 74 82 75 98 76 100 77 99 78 123 79 131 80 130 81 131 82 100 83 107 84 105 85 108 86 102 87 97 88 119 89 120 
170 0.22426629066467285 0.10949578881263733 0.4512183368206024 180 174 57 1.74 74 83 75 99 76 101 77 100 78 124 82 101 83 108 
171 0.18736015260219574 0.0858321487903595 0.4669155776500702 171 187 145 2.67 74 84 75 100 76 102 77 101 78 125 82 102 83 109 
172 0.12162772566080093 -0.06255543977022171 0.45051586627960205 193 201 196 2.02 74 85 75 101 76 103 77 102 82 103 83 110 
173 0.28708088397979736 -0.07662789523601532 0.8189921975135803 63 52 43 1.56 76 104 77 103 78 126 79 132 80 131 81 132 82 104 83 111 84 106 85 109 86 103 89 121 
174 0.04871433973312378 -0.03070666640996933 0.6829144954681396 122 122 116 2.47 74 86 75 102 76 105 82 105 83 112 88 120 89 122 
175 0.16104057431221008 0.1738688349723816 0.44981783628463745 98 81 64 1.87 74 87 75 103 76 106 82 106 83 113 
176 0.7022602558135986 -0.2599944472312927 1.064892053604126 49 43 49 6.03 74 88 75 104 76 107 77 104 78 127 79 133 80 132 81 133 84 107 85 110 86 104 87 98 88 121 89 123 
177 0.17738160490989685 -0.03550152853131294 0.4675198793411255 182 196 50 1.21 74 89 75 105 76 108 77 105 78 128 82 107 83 114 
178 0.22022399306297302 -0.2487788051366806 0.8187511563301086 165 152 152 1.41 74 90 75 106 76 109 77 106 78 129 79 134 80 133 81 134 82 108 83 115 84 108 85 111 86 105 87 99 88 122 89 124 
179 0.4287245571613312 -0.06679560244083405 0.8985335826873779 85 75 69 1.4 74 91 75 107 76 110 77 107 78 130 79 135 80 134 81 135 82 109 83 116 84 109 87 100 88 123 89 125 
180 -0.06644914299249649 0.017204323783516884 0.6461352705955505 112 127 139 3.23 74 92 75 108 76 111 77 108 83 117 88 124 89 126 
181 0.21031714975833893 0.11056960374116898 0.431080162525177 46 57 21 1.72 74 93 75 109 76 112 77 109 78 131 82 110 83 118 
182 0.04098674654960632 -0.22176039218902588 0.7150816321372986 170 160 149 1.01 74 94 75 110 76 113 77 110 78 132 79 136 82 111 83 119 88 125 89 127 
183 -0.16474021971225739 -0.16810864210128784 0.6041167378425598 134 135 139 2.88 74 95 75 111 76 114 77 111 88 126 89 128 
184 0.2566385269165039 0.19161276519298553 0.5469236373901367 22 21 17 1.09 74 96 75 112 76 115 77 112 78 133 
185 0.12461481988430023 -0.23313051462173462 0.7761502265930176 135 141 150 1.76 74 97 75 113 76 116 77 113 78 134 79 137 80 135 81 136 82 112 83 120 87 101 88 127 89 129 
186 0.04679194465279579 -0.24331453442573547 0.7224317789077759 178 178 179 1.03 74 98 75 114 76 117 77 114 78 135 79 138 82 113 83 121 88 128 89 130 
187 0.5449450612068176 -0.21122390031814575 0.9957660436630249 61 48 48 1.21 74 99 75 115 76 118 77 115 78 136 79 139 80 136 81 137 84 110 85 112 86 106 87 102 88 129 89 131 
188 0.2102753221988678 -0.04361850395798683 0.4565456211566925 167 166 97 3.31 74 100 75 116 76 119 77 116 78 137 82 114 83 122 
189 -0.02357449010014534 -0.24705684185028076 0.6954374313354492 28 25 26 2.02 74 101 75 117 76 120 77 117 78 138 82 115 83 123 88 130 89 132 
190 -0.010781285353004932 0.12836816906929016 0.6369720697402954 28 20 20 1.25 74 102 75 118 76 121 77 118 83 124 
191 0.47368326783180237 -0.10530397295951843 0.953755259513855 65 78 88 1.77 75 119 76 122 77 119 78 139 79 140 80 137 81 138 82 116 83 125 84 111 85 113 86 107 87 103 88 131 89 133 
192 0.2763795256614685 -0.20097245275974274 0.8549067974090576 175 188 209 1.63 74 103 75 120 76 123 77 120 78 140 79 141 80 138 81 139 82 117 83 126 84 112 85 114 86 108 87 104 88 132 89 134 
193 0.302509605884552 0.1715964376926422 0.4751245975494385 69 89 51 1.48 74 104 75 121 76 124 83 127 
194 0.21700680255889893 0.11913710087537766 0.3975239098072052 154 156 125 3.07 74 105 75 122 76 125 77 121 78 141 82 118 83 128 
195 -0.21037721633911133 -0.10598742216825485 0.5705192685127258 38 29 19 2.93 74 106 75 123 76 126 88 133 89 135 
196 0.3233485519886017 0.17441870272159576 0.4709705710411072 119 144 133 2.7 74 107 75 124 76 127 83 129 
197 0.4635317027568817 -0.16103896498680115 0.9561808109283447 125 142 161 1.76 74 108 75 125 76 128 77 122 78 142 79 142 80 139 81 140 82 119 83 130 84 113 85 115 86 109 87 105 88 134 89 136 
198 0.25393566489219666 0.1974511444568634 0.5365898013114929 170 167 166 1.9 74 109 75 126 76 129 77 123 
199 0.203561931848526 0.1639309525489807 0.4788374900817871 153 171 59 5.13 74 110 75 127 76 130 77 124 78 143 82 120 83 131 
200 0.08650395274162292 -0.2077980786561966 0.738093376159668 151 153 165 1.25 74 111 75 128 76 131 77 125 78 144 79 143 80 140 82 121 83 132 88 135 89 137 
201 0.4939240515232086 0.012180833145976067 0.9246425628662109 72 75 78 1.83 75 129 76 132 77 126 78 145 79 144 80 141 81 141 82 122 86 110 87 106 88 136 89 138 
202 0.10494869202375412 -0.23443865776062012 0.7661919593811035 116 123 132 1.93 74 112 75 130 76 133 77 127 78 146 79 145 80 142 81 142 82 123 83 133 88 137 89 139 
203 0.2914327383041382 -0.25256839394569397 0.8576875925064087 155 149 148 1.41 74 113 75 131 76 134 77 128 78 147 79 146 80 143 81 143 82 124 83 134 84 114 85 116 86 111 87 107 88 138 89 140 
204 0.11814981698989868 -0.02806035615503788 0.47566115856170654 84 110 77 1.88 74 114 75 132 76 135 77 129 82 125 83 135 
205 0.2802692949771881 0.17684617638587952 0.5748704075813293 159 166 158 3.08 74 115 75 133 76 136 77 130 78 148 79 147 
206 0.21917572617530823 0.03167030215263367 0.3743435740470886 209 225 198 1.11 74 116 75 134 76 137 77 131 
207 0.5599159002304077 -0.25948041677474976 0.9932993054389954 67 64 74 1.42 74 117 75 135 76 138 77 132 78 149 79 148 80 144 81 144 84 115 85 117 86 112 87 108 88 139 89 141 
208 -0.20481353998184204 -0.03385726362466812 0.5643991827964783 95 79 79 4.75 74 118 75 136 76 139 82 126 83 136 88 140 89 142 
209 -0.14630459249019623 0.007071157451719046 0.5829848051071167 68 63 67 4.06 74 119 75 137 76 140 77 133 82 127 88 141 89 143 
210 0.627825140953064 -0.05817006900906563 1.012838363647461 126 128 125 1.38 74 120 75 138 76 141 77 134 78 150 79 149 84 116 85 118 86 113 87 109 88 142 89 144 
211 0.1629522293806076 0.08744862675666809 0.45446160435676575 49 49 40 1.83 74 121 75 139 76 142 77 135 78 151 82 128 83 137 
212 0.47581782937049866 0.1025615930557251 0.9159575700759888 48 52 49 3.2 75 140 76 143 77 136 78 152 79 150 80 145 81 145 82 129 83 138 84 117 85 119 86 114 87 110 88 143 
213 0.20623469352722168 0.10753729194402695 0.44707173109054565 114 131 63 1.42 74 122 75 141 76 144 77 137 78 153 82 130 83 139 
214 0.33284661173820496 0.1251465082168579 0.8226267099380493 47 34 35 1.68 75 142 76 145 77 138 78 154 79 151 80 146 81 146 82 131 83 140 84 118 85 120 86 115 87 111 
215 0.4605335295200348 -0.15607382357120514 0.9537013173103333 140 169 191 1.75 74 123 75 143 76 146 77 139 78 155 79 152 80 147 81 147 82 132 83 141 84 119 85 121 86 116 87 112 88 144 89 145 
216 -0.017451200634241104 0.09454458206892014 0.643804132938385 114 123 132 2.93 74 124 75 144 76 147 82 133 83 142 88 145 89 146 
217 -0.08852925151586533 -0.09894192963838577 0.6268581748008728 110 106 102 0.99 74 125 75 145 76 148 77 140 82 134 83 143 88 146 89 147 
218 -0.0851692333817482 -0.17224909365177155 0.6567444205284119 169 190 215 2.21 74 126 75 146 76 149 77 141 82 135 83 144 88 147 89 148 
219 0.30134016275405884 0.08858611434698105 0.8191653490066528 107 116 124 4.39 76 150 77 142 78 156 79 153 80 148 81 148 82 136 83 145 84 120 85 122 86 117 87 113 
220 0.31966423988342285 -0.22842124104499817 0.870474100112915 49 42 43 1.56 74 127 75 147 76 151 77 143 78 157 79 154 80 149 81 149 82 137 83 146 84 121 85 123 86 118 87 114 88 148 89 149 
221 0.2775726616382599 0.1421222686767578 0.622151792049408 52 65 42 2.51 75 148 76 152 77 144 78 158 79 155 
222 0.37757009267807007 0.14181967079639435 0.8162067532539368 99 121 78 4.14 74 128 75 149 76 153 77 145 78 159 79 156 80 150 81 150 82 138 83 147 85 124 86 119 87 115 
223 0.03371863067150116 0.12402954697608948 0.40751925110816956 150 145 137 2.85 74 129 75 150 76 154 77 146 82 139 83 148 
224 0.17081807553768158 0.016636740416288376 0.35121864080429077 87 98 53 1.1 74 130 75 151 76 155 77 147 
225 0.1668584793806076 0.1328914910554886 0.4481546878814697 29 25 19 2.36 74 131 75 152 76 156 77 148 78 160 82 140 83 149 
226 -0.15337659418582916 -0.12365109473466873 0.6018197536468506 126 132 137 1.7 74 132 75 153 76 157 77 149 83 150 88 149 89 150 
227 0.07021812349557877 0.1367691159248352 0.6554389595985413 102 113 99 2.14 74 133 75 154 76 158 77 150 82 141 
228 -0.01805877685546875 -0.22741813957691193 0.6935943365097046 134 77 59 1.81 74 134 75 155 76 159 77 151 78 161 82 142 83 151 88 150 89 151 
229 0.35199442505836487 0.1309352070093155 0.8215405941009521 131 115 119 1.73 75 156 76 160 77 152 78 162 79 157 80 151 81 151 82 143 83 152 84 122 85 125 86 120 87 116 
230 0.23470059037208557 0.11460116505622864 0.4657009541988373 30 38 21 3.89 74 135 75 157 76 161 77 153 78 163 82 144 83 153 
231 0.4739874303340912 -0.11687269806861877 0.9545986652374268 53 68 76 1.84 74 136 75 158 76 162 77 154 78 164 79 158 80 152 81 152 82 145 83 154 84 123 85 126 86 121 87 117 88 151 89 152 
232 0.029157357290387154 -0.09735448658466339 0.6779906153678894 98 105 86 0.98 74 137 75 159 76 163 82 146 83 155 88 152 
233 -0.16027627885341644 -0.06381100416183472 0.5884357690811157 69 72 75 2.28 74 138 75 160 76 164 77 155 82 147 88 153 89 153 
234 0.22343948483467102 -0.20718540251255035 0.8118481040000916 121 135 155 1.57 74 139 75 161 76 165 77 156 78 165 79 159 80 153 81 153 82 148 83 156 84 124 85 127 86 122 87 118 88 154 89 154 
235 0.23523041605949402 -0.01604096218943596 0.47886717319488525 59 78 20 1.61 74 140 75 162 76 166 77 157 78 166 82 149 83 157 
236 0.49657517671585083 0.012226318009197712 0.9260867238044739 76 83 89 1.91 75 163 76 167 77 158 78 167 79 160 80 154 81 154 82 150 86 123 87 119 88 155 89 155 
237 0.3069344460964203 -0.2547828257083893 0.8664696216583252 124 115 116 1.51 74 141 75 164 76 168 77 159 78 168 79 161 80 155 81 155 82 151 83 158 84 125 85 128 86 124 87 120 88 156 89 156 
238 0.314412385225296 0.15194225311279297 0.5381956100463867 44 51 51 2.34 74 142 75 165 76 169 77 160 78 169 79 162 
239 0.2047213762998581 0.046572934836149216 0.36823830008506775 174 183 142 0.77 74 143 75 166 76 170 77 161 
240 0.3779980540275574 -0.14364878833293915 0.8862600922584534 173 177 185 1.63 75 167 76 171 77 162 78 170 79 163 80 156 81 156 82 152 83 159 84 126 85 129 86 125 87 121 88 157 89 157 
241 0.8340471982955933 0.13125823438167572 0.7864935994148254 17 26 18 4.29 84 127 85 130 86 126 87 122 88 158 89 158 
242 0.7790940999984741 0.08796972781419754 0.8243817090988159 37 52 52 4.62 87 123 88 159 89 159 
243 0.44093143939971924 -0.2470654398202896 0.9382302165031433 107 100 97 2.0 74 144 75 168 76 172 77 163 78 171 79 164 80 157 81 157 82 153 84 128 85 131 86 127 87 124 88 160 89 160 
244 0.8180288076400757 -0.103340744972229 1.1463786363601685 75 72 84 1.86 75 169 78 172 79 165 80 158 81 158 84 129 85 132 86 128 87 125 88 161 89 161 
245 0.7272843718528748 0.017214689403772354 1.0589860677719116 122 122 106 1.49 80 159 81 159 84 130 85 133 86 129 87 126 88 162 89 162 
246 0.5701512694358826 -0.16293996572494507 0.9998655915260315 111 63 55 2.51 74 145 75 170 76 173 77 164 78 173 79 166 80 160 81 160 83 160 84 131 85 134 86 130 87 127 88 163 89 163 
247 0.7580552101135254 -0.06910369545221329 1.1011343002319336 63 63 72 1.43 75 171 80 161 81 161 84 132 85 135 86 131 87 128 88 164 89 164 
248 0.4308096468448639 0.038610611110925674 0.8915392160415649 112 125 141 1.82 76 174 77 165 78 174 79 167 80 162 81 162 82 154 83 161 84 133 88 165 89 165 
249 0.855182409286499 0.08667738735675812 0.8230484127998352 73 90 52 2.88 84 134 85 136 86 132 87 129 88 166 89 166 
250 0.7469882369041443 -0.13928575813770294 1.101140022277832 160 160 160 1.58 74 146 75 172 76 175 79 168 80 163 81 163 84 135 85 137 86 133 87 130 88 167 89 167 
251 0.9488469958305359 0.15003284811973572 0.9891937971115112 58 76 61 2.01 87 131 88 168 89 168 
252 0.7735118269920349 -0.20524069666862488 1.1303791999816895 88 81 82 1.98 75 173 76 176 78 175 79 169 80 164 81 164 84 136 85 138 86 134 87 132 88 169 89 169 
253 0.6292946338653564 -0.00919640064239502 1.005387544631958 123 122 126 1.55 74 147 75 174 84 137 85 139 86 135 87 133 88 170 89 170 
254 0.6865823864936829 -0.09771512448787689 1.0573458671569824 102 105 111 1.78 74 148 75 175 76 177 77 166 78 176 80 165 81 165 84 138 85 140 86 136 87 134 88 171 89 171 
255 0.8877931237220764 0.10248080641031265 1.1422473192214966 113 114 117 1.27 87 135 88 172 89 172 
256 0.42499274015426636 -0.09508499503135681 0.9197447299957275 21 21 24 3.43 75 176 76 178 77 167 78 177 79 170 80 166 81 166 82 155 83 162 84 139 85 141 87 136 88 173 89 173 
257 0.6003058552742004 -0.06951015442609787 0.9967784881591797 115 116 123 1.68 74 149 75 177 76 179 77 168 78 178 79 171 84 140 85 142 86 137 87 137 88 174 89 174 
258 0.6719436049461365 0.057680074125528336 0.7576636672019958 89 91 61 5.55 78 179 79 172 80 167 81 167 84 141 85 143 86 138 87 138 88 175 89 175 
259 -0.07312040030956268 -0.31023743748664856 0.6349011659622192 40 39 39 3.8 82 156 83 163 88 176 89 176 
260 0.2858893871307373 -0.12505894899368286 0.8431606292724609 99 120 136 5.11 75 178 76 180 77 169 78 180 79 173 80 168 81 168 82 157 83 164 84 142 85 144 86 139 87 139 88 177 89 177 
261 0.5692300200462341 0.03304106369614601 0.9597669243812561 143 145 145 2.19 76 181 77 170 78 181 79 174 84 143 85 145 86 140 87 140 88 178 89 178 
262 0.1420217901468277 -0.1792915165424347 0.7616720199584961 126 126 124 3.12 74 150 75 179 76 182 77 171 78 182 79 175 80 169 81 169 82 158 83 165 87 141 88 179 89 179 
263 0.9359717965126038 0.10121827572584152 0.89470374584198 120 142 141 2.65 87 142 88 180 89 180 
264 0.8920666575431824 0.012402593158185482 1.1667046546936035 145 144 150 2.28 79 176 80 170 81 170 84 144 85 146 86 141 87 143 88 181 89 181 
265 0.8871631026268005 0.1247531920671463 0.877479076385498 16 20 19 2.7 85 147 86 142 87 144 88 182 89 182 
266 0.03401314094662666 -0.2951558530330658 0.6951992511749268 57 57 52 2.48 74 151 75 180 82 159 83 166 88 183 89 183 
267 0.3497975766658783 -0.11633071303367615 0.8602854013442993 110 121 126 3.44 75 181 76 183 77 172 78 183 79 177 80 171 81 171 82 160 83 167 84 145 85 148 86 143 87 145 88 184 89 184 
268 0.891007661819458 -0.23166319727897644 1.2089784145355225 86 92 94 1.84 79 178 80 172 81 172 84 146 85 149 86 144 87 146 88 185 89 185 
269 0.48879972100257874 -0.18462908267974854 0.9560726881027222 152 153 156 2.32 74 152 75 182 76 184 77 173 78 184 79 179 80 173 81 173 82 161 83 168 84 147 85 150 86 145 87 147 88 186 89 186 
270 0.921391487121582 0.10204460471868515 0.8791778087615967 50 67 52 2.0 86 146 87 148 88 187 89 187 
271 0.9546235203742981 0.09768087416887283 0.9369522929191589 63 78 70 1.87 87 149 88 188 89 188 
272 0.42197030782699585 -0.22355623543262482 0.9230828881263733 27 25 27 1.8 74 153 75 183 76 185 77 174 78 185 79 180 80 174 81 174 82 162 83 169 84 148 85 151 86 147 87 150 88 189 89 189 
273 0.9216998219490051 0.0861075147986412 0.9815400838851929 86 94 89 1.39 86 148 87 151 88 190 89 190 
274 0.5972173810005188 0.020391950383782387 0.9849794507026672 16 16 17 2.33 75 184 76 186 77 175 84 149 85 152 86 149 87 152 88 191 89 191 
275 0.8999977111816406 0.06276287138462067 1.1658343076705933 135 137 138 2.34 86 150 87 153 88 192 89 192 
276 0.8782801032066345 0.12893140316009521 0.835208535194397 16 19 16 1.47 85 153 86 151 87 154 88 193 89 193 
277 0.8365370631217957 0.15957410633563995 0.7539372444152832 44 42 34 2.73 84 150 88 194 89 194 
278 0.6078251004219055 -0.24668091535568237 1.0354608297348022 64 56 56 1.86 74 154 75 185 76 187 77 176 78 186 79 181 80 175 81 175 84 151 85 154 86 152 87 155 88 195 89 195 
279 0.09904522448778152 -0.1415739506483078 0.738591730594635 31 44 53 2.56 74 155 79 182 80 176 82 163 83 170 88 196 89 196 
280 -0.0814686268568039 -0.013052401132881641 0.6157834529876709 23 21 16 6.69 74 156 75 186 76 188 77 177 82 164 83 171 88 197 89 197 
281 0.42059576511383057 0.008422285318374634 0.8743910789489746 120 124 126 1.75 75 187 76 189 77 178 78 187 79 183 80 177 81 176 82 165 83 172 84 152 87 156 88 198 89 198 
282 0.42611101269721985 -0.11153078824281693 0.9237550497055054 51 68 76 3.0 74 157 75 188 76 190 77 179 78 188 79 184 80 178 81 177 82 166 83 173 84 153 85 155 86 153 87 157 88 199 89 199 
283 0.6655218601226807 -0.061031170189380646 1.034479022026062 105 104 110 1.84 74 158 75 189 76 191 77 180 78 189 81 178 84 154 85 156 86 154 87 158 88 200 89 200 
284 0.8770003318786621 0.14880941808223724 0.8160983920097351 19 34 31 0.76 87 159 88 201 89 201 
285 0.5541272163391113 -0.03701486811041832 0.9594503045082092 47 46 57 1.48 74 159 75 190 76 192 77 181 78 190 79 185 86 155 87 160 88 202 89 202 
286 0.31310054659843445 -0.098973847925663 0.8420596718788147 58 61 59 6.12 75 191 76 193 77 182 78 191 79 186 80 179 81 179 82 167 83 174 84 155 85 157 86 156 87 161 88 203 89 203 
287 0.4350312054157257 -0.25169360637664795 0.9353523254394531 105 103 100 2.27 74 160 75 192 76 194 77 183 78 192 79 187 80 180 81 180 82 168 84 156 85 158 86 157 87 162 88 204 89 204 
288 0.8955262303352356 0.09647515416145325 1.194521188735962 54 69 41 2.6 87 163 88 205 89 205 
289 0.8960571885108948 0.13445335626602173 0.8366354703903198 22 30 28 1.23 86 158 87 164 88 206 89 206 
290 0.8940821886062622 -0.07849124819040298 1.189988613128662 167 176 181 2.27 79 188 80 181 81 181 84 157 85 159 86 159 87 165 88 207 89 207 
291 0.8998575806617737 0.04826826974749565 1.168127179145813 135 136 135 2.16 86 160 87 166 88 208 89 208 
292 0.2537899315357208 -0.12714454531669617 0.8244190812110901 157 184 208 3.06 76 195 77 184 78 193 79 189 80 182 81 182 82 169 83 175 84 158 85 160 86 161 87 167 88 209 89 209 
293 0.8327379822731018 0.10003451257944107 0.8041584491729736 59 67 60 6.38 84 159 85 161 86 162 87 168 88 210 89 210 
294 0.9825946092605591 0.1516408771276474 0.9279689192771912 22 26 21 2.21 87 169 88 211 89 211 
295 0.8509528636932373 0.14389333128929138 1.1032516956329346 41 40 42 1.11 87 170 88 212 89 212 
296 0.7402119636535645 0.01643882878124714 1.0693315267562866 133 132 132 1.49 80 183 81 183 84 160 85 162 86 163 87 171 88 213 89 213 
297 0.44241172075271606 0.010075250640511513 0.8921302556991577 22 19 18 1.42 75 193 76 196 77 185 78 194 79 190 80 184 81 184 82 170 83 176 87 172 88 214 89 214 
