# Camera list with one line of data per camera:
#   CAMERA_ID, MODEL, WIDTH, HEIGHT, PARAMS[]
# Number of cameras: 70
65 RADIAL 1041 760 994.6791404236434 520.5 380.0 0.019174368117825434 -0.13443006280521322
1 RADIAL 1059 695 820.5028546609152 529.5 347.5 -0.09436279675196547 0.17498449328509816
71 RADIAL 1033 760 1076.541475479776 516.5 380.0 -0.033441818635381884 0.0788417199573163
103 RADIAL 1026 760 1128.7039004401313 513.0 380.0 -0.0021621971349164203 -0.004409850995273509
43 RADIAL 1026 760 1027.607481212446 513.0 380.0 0.02320333342267313 -0.1270624148365251
12 RADIAL 1023 760 1227.20254100261 511.5 380.0 -0.06278398105248362 0.27605815136162826
53 RADIAL 1023 760 1083.964733345143 511.5 380.0 -0.041645385367021046 0.06411462112289246
17 RADIAL 1019 760 1141.025302102698 509.5 380.0 -0.023466103847111626 0.06519104173114067
118 RADIAL 1032 760 1124.8634650381923 516.0 380.0 -0.10780336341839356 0.44689380936132506
64 RADIAL 1058 689 775.146655638899 529.0 344.5 -0.0380078766165453 -0.009690523843004058
3 RADIAL 687 1042 1087.424449998937 343.5 521.0 -0.01240265378064403 -0.03855381125833949
4 RADIAL 995 666 1706.625893706385 497.5 333.0 -0.0038196837867173986 0.07782627773758174
96 RADIAL 1024 760 1043.3084921754987 512.0 380.0 0.028417925734668132 -0.12624559503565785
15 RADIAL 1024 760 1062.27420255465 512.0 380.0 -0.04214903022041583 -0.0032968694862298923
89 RADIAL 1032 760 816.2692539279361 516.0 380.0 -0.06153187500707113 0.12159607442477087
67 RADIAL 1022 760 1083.9880143069925 511.0 380.0 -0.06542009084513778 0.4283569891036135
81 RADIAL 1026 760 697.7520707511948 513.0 380.0 0.0006168996270191052 -0.039914061303077904
25 RADIAL 1025 760 1155.0949219171289 512.5 380.0 -0.023617265568393334 0.04024530308518194
97 RADIAL 1024 760 1057.6531820325172 512.0 380.0 -0.02540413758582488 0.0034127170613941445
111 RADIAL 1043 690 1177.191013762811 521.5 345.0 -0.004383794787365506 -0.04246068642081422
128 RADIAL 1025 760 1035.333264129071 512.5 380.0 -0.04176841487753474 0.12211113254882032
2 RADIAL 1024 575 1183.3865404812293 512.0 287.5 -0.015778581192659596 0.06936909365416374
11 RADIAL 1014 760 1831.2054513569738 507.0 380.0 -0.0016624380555727916 -0.03833291953206451
27 RADIAL 1018 760 1005.3614385020162 509.0 380.0 0.01442862686137008 0.0023318436637436582
29 RADIAL 1023 760 1100.7995949858584 511.5 380.0 -0.03939565704663717 -0.004155194753811871
32 RADIAL 988 741 764.8697749291745 494.0 370.5 0.035752667178 -0.0664859970379053
33 RADIAL 1026 650 2272.3192910980465 513.0 325.0 -0.0024358135153938632 -0.0004459430570993145
40 RADIAL 1023 760 931.0332759231653 511.5 380.0 0.009633782169196558 0.0066988907185257475
50 RADIAL 1015 760 1142.5924291421873 507.5 380.0 -0.014052044691491789 0.05220527030294475
54 RADIAL 1030 760 1092.5565124858222 515.0 380.0 -0.027618966091388922 0.017353426232702106
61 RADIAL 1039 686 1195.0953601815345 519.5 343.0 0.00030093112742841883 -0.01739010486524596
62 RADIAL 1015 760 1428.117117456898 507.5 380.0 0.012230908918119955 0.007896031646656894
69 RADIAL 1056 689 808.8616645177628 528.0 344.5 -0.007942831899603663 0.011127789331617507
73 RADIAL 1067 697 809.2039270088346 533.5 348.5 -0.0636359249975652 0.10177904140369853
77 RADIAL 1066 693 815.7956479039644 533.0 346.5 -0.041204652770205595 0.10771763138387261
92 RADIAL 1031 760 799.6969139234612 515.5 380.0 -0.032973494720575966 0.06622856983526072
105 RADIAL 1029 683 1397.7616488493559 514.5 341.5 -0.01590294675697792 0.048304533912047413
110 RADIAL 1015 760 1771.7781428673713 507.5 380.0 0.016906488014260947 0.0030134111738236075
127 RADIAL 1014 758 1955.7137756290194 507.0 379.0 0.008761352140105216 0.005979595912153451
16 RADIAL 1032 684 1544.042562460521 516.0 342.0 -0.013611904593767973 0.0016360603759590438
26 RADIAL 1027 760 1038.345804608075 513.5 380.0 -0.05817268311276572 0.09934589800685681
41 RADIAL 1022 679 1656.6635351091138 511.0 339.5 -0.025049618237311236 -0.0032855888522059047
60 RADIAL 1015 760 1770.9538801918236 507.5 380.0 -0.01600266717074486 0.0002017306064201881
9 RADIAL 1028 685 832.7572027725331 514.0 342.5 -0.001867391928503043 -0.005795906665241016
14 RADIAL 1028 760 1029.7966854540562 514.0 380.0 -0.02270270787364132 0.05389030907153081
146 RADIAL 1031 760 1087.5605254557045 515.5 380.0 -0.029504232891724026 0.07898683484674215
19 RADIAL 1050 692 1022.1048047455154 525.0 346.0 -0.0327542181993741 0.12497566075577268
148 RADIAL 1015 760 1575.6877858000184 507.5 380.0 -0.018232212964374602 0.02948796286978149
36 RADIAL 1021 760 832.0462547925671 510.5 380.0 -0.04665767495299695 0.11159837386082357
38 RADIAL 1018 760 1562.1773311713068 509.0 380.0 0.009404594368441576 -0.0011583056740726674
44 RADIAL 1035 578 771.2604019501047 517.5 289.0 -0.016065839443985378 0.028286225997112384
52 RADIAL 1028 760 954.7839475289359 514.0 380.0 -0.02707252837477929 0.09792473894903972
85 RADIAL 1068 694 858.4696203768472 534.0 347.0 -0.05697647637999775 0.1513679462672583
109 RADIAL 1026 760 1057.967059835482 513.0 380.0 -0.07778837458214552 0.3163818020039384
107 RADIAL 1016 571 744.5543044363417 508.0 285.5 -0.009379761639668608 0.007560955998269301
28 RADIAL 1049 689 823.7722083797659 524.5 344.5 -0.03180350286990211 0.059334947848302094
124 RADIAL 1022 760 861.5121501544805 511.0 380.0 -0.02619217824213659 0.05621361953402369
136 RADIAL 1021 683 2225.061423959595 510.5 341.5 0.014175082788403051 0.005475464004122455
91 RADIAL 1024 760 1143.849478212326 512.0 380.0 0.04041091507021045 -0.11704862182697333
93 RADIAL 1047 579 660.7695360626515 523.5 289.5 0.01288821408684605 -0.014421974787341037
88 RADIAL 1024 760 680.6830446645333 512.0 380.0 -0.0139877531691363 -0.02506882717012734
113 RADIAL 1014 760 1626.0877642375833 507.0 380.0 -0.004613264524413252 0.00019003867138720433
87 RADIAL 1012 759 942.9816012635323 506.0 379.5 -0.028050033772232173 -0.005793096812246017
100 RADIAL 1028 760 693.2301570788649 514.0 380.0 -0.01977799081668105 0.005997435350099298
135 RADIAL 760 1026 694.5647372755625 380.0 513.0 -0.04639825943912242 -0.019657910677442183
82 RADIAL 1026 676 1576.3430599480314 513.0 338.0 -0.006212246276058069 -0.0009035027296284585
35 RADIAL 986 660 1421.271370819669 493.0 330.0 0.031171101145079202 -0.0036061305479299995
112 RADIAL 1016 760 2341.052433019796 508.0 380.0 0.012322942250943547 0.0010993841210600978
104 RADIAL 1030 684 1236.0 515.0 342.0 0.0 0.0
76 RADIAL 1023 760 675.2929749558436 511.5 380.0 0.0 0.0
