# Image list with two lines of data per image:
#   IMAGE_ID, QW, QX, QY, QZ, TX, TY, TZ, CAMERA_ID, NAME
#   POINTS2D[] as (X, Y, POINT3D_ID)
# Number of images: 236, mean observations per image: 16.915
96 0.9935114057030557 0.0916136115133178 -0.05848367214469802 0.03349169843579366 -0.12276595406980086 -0.04125696639860499 -0.2428454399832198 96 image_000096.jpg
 773.992 310.865 0 942.751 335.810 1 861.973 353.181 5 531.855 517.468 8 528.716 534.593 10 371.756 247.520 11 371.756 247.520 12 710.501 316.781 14 448.468 397.782 16 688.176 329.478 19 446.346 519.602 21 888.821 330.062 24 729.844 499.711 26 732.330 532.205 27 970.514 481.085 33 367.890 250.578 34 712.638 311.875 36 375.486 250.481 42 844.952 288.724 45 844.952 288.724 46 704.164 305.449 47 747.485 342.281 52 936.598 336.151 56 475.918 368.035 58 669.962 341.713 67 718.827 349.636 96 788.279 345.233 100 893.730 338.783 102 877.537 342.712 105 735.149 354.006 106 624.238 363.579 107 736.598 307.934 113 809.491 315.850 114 652.694 349.415 116 527.641 428.992 120 677.036 336.632 124 738.998 348.622 130 957.261 338.679 133 941.106 397.968 138 633.995 490.103 142 738.412 511.825 144 924.539 337.065 149 718.834 357.188 151 941.505 491.456 154 941.961 496.486 155 747.246 305.964 158 510.194 533.943 165 923.689 491.710 174 958.397 490.820 175 422.865 372.338 179 902.285 341.699 197 789.803 352.273 198 498.948 366.318 210 902.629 459.870 213 891.098 313.490 217 905.574 311.039 218 905.466 492.216 219 448.825 408.909 243 917.889 479.744 245 558.568 357.475 267 505.116 362.416 268 948.973 398.393 272 738.727 520.392 279 741.158 317.615 307 979.247 457.469 409 874.416 339.804 424 663.315 310.093 481 466.418 368.943 492 680.356 328.951 503 959.471 341.268 508 908.902 337.904 511 498.948 366.318 521 917.851 347.936 534 698.707 337.942 543 879.552 401.068 556 958.397 490.820 637 782.766 345.557 646 637.179 487.406 649
1 0.999984939013825 -0.005309453102879925 0.0005993233177708107 -0.0012556834509417705 0.001089297623268739 -0.00026184508871194287 -0.013511758110028539 1 image_000001.jpg
 882.951 467.758 0 1000.379 478.197 1 858.163 490.015 2 862.729 489.987 3 834.606 491.437 4 946.648 492.247 5 799.664 541.991 6 670.016 547.632 7 736.740 613.538 8 774.411 621.685 9 736.102 624.869 10 627.932 448.251 11 627.932 448.251 12 774.027 617.834 13 839.605 474.735 14 825.091 489.217 15 670.914 536.604 16 896.129 590.376 17 949.709 472.086 18 826.804 483.281 19 822.001 501.344 20 678.379 618.007 21 955.672 487.458 22 811.987 589.572 23 961.304 476.620 24 768.611 487.328 25 870.878 594.995 26 875.770 617.175 27 754.747 465.183 28 892.427 471.915 29 822.077 510.201 30 859.730 595.626 31 719.484 629.112 32
2 0.9845145862180378 0.10742286834724335 -0.12108206222846564 0.06730883396561431 -0.15470892672946537 -0.06070420667235553 -0.36761929488224765 2 image_000002.jpg
 585.548 142.462 0 533.951 178.680 2 488.574 175.524 4 257.794 408.561 10 48.925 13.170 11 48.925 13.170 12 472.430 168.837 15 167.393 228.658 16 477.560 158.514 19 703.307 194.768 22 802.693 365.106 33 43.920 15.991 34 741.421 115.541 35 509.705 137.776 36 618.865 184.416 37 653.044 189.434 38 770.215 191.311 39 298.433 365.702 40 301.229 416.082 41 53.267 17.328 42 53.305 36.184 43 734.870 116.171 44 672.493 120.579 45 672.493 120.579 46 498.655 128.978 47 547.272 133.991 48 471.012 141.192 49 111.621 156.963 50 669.617 177.053 51 550.783 179.549 52 618.555 180.453 53 681.897 181.496 54 753.722 186.982 55 777.206 186.830 56 287.418 189.547 57 206.378 191.718 58 176.486 192.719 59 659.575 260.640 60 127.337 310.912 61 48.513 20.533 62 48.513 20.533 63 440.656 86.114 64 440.656 86.114 65 113.599 161.740 66 453.533 172.764 67 110.912 225.830 68 692.867 250.146 69 101.583 288.389 70 162.626 303.998 71 768.138 337.836 72 300.365 402.919 73 810.609 416.538 74 439.232 96.751 75 727.948 125.422 76 116.668 299.764 77 583.909 164.475 78 254.018 404.202 79 440.879 80.648 80 73.562 250.099 81 132.587 376.273 82 223.046 179.434 83 585.457 110.061 84 445.357 188.602 85 189.736 343.653 86 167.758 375.263 87 663.878 183.390 88 743.283 213.438 89 743.283 213.438 90 143.849 393.324 91 175.442 262.000 92
33 0.9879179777420796 0.13753094890830048 -0.05602788037834166 0.044319178278932544 -0.38234585242177443 0.0197676368852817 0.13575264401199616 33 image_000033.jpg
 507.677 149.021 0 757.685 200.168 1 388.621 194.882 4 127.971 461.521 8 202.156 487.977 9 119.641 488.042 10 368.881 186.663 15 649.389 174.954 18 376.124 172.699 19 351.958 235.816 30 704.255 108.529 35 414.139 146.157 36 616.580 117.846 45 616.580 117.846 46 398.855 136.173 47 460.807 139.887 48 464.454 197.908 52 747.539 200.267 56 150.361 216.078 57 54.858 219.971 58 345.453 193.059 67 729.862 394.180 72 779.717 491.902 74 335.417 213.067 85 524.998 204.827 100 771.940 286.015 111 327.881 207.798 117 692.394 295.518 119 128.468 321.704 120 640.747 163.271 123 398.007 236.136 127 744.498 297.663 138 431.105 462.671 144 542.678 406.905 162 578.364 214.485 167 678.293 322.807 169 678.293 322.807 170 522.222 125.887 203 88.821 218.689 210 676.956 391.387 213 795.941 473.354 214 728.222 206.125 226 713.341 142.595 229 569.980 189.232 239 699.344 423.141 245 661.032 224.934 247 474.427 495.421 252 740.957 223.271 258 685.356 413.957 259 310.084 208.638 266 705.415 285.546 271 717.656 403.306 275 689.602 403.701 276 430.489 475.479 279 475.606 503.183 289 482.719 148.272 291 729.862 394.180 303 639.504 390.782 400 796.669 495.687 405 447.869 467.571 416 637.475 307.806 428 119.641 488.042 439 229.349 134.426 444 665.270 339.764 450 340.437 142.221 481 39.218 220.829 492 300.077 302.482 500 427.328 447.282 517 81.118 237.214 518 81.118 237.214 519 652.550 177.162 520 88.821 218.689 521 769.469 291.155 522 572.237 409.644 523 762.371 487.615 524 705.027 340.221 525 684.527 392.406 526 275.336 409.382 527 338.375 411.930 528 432.656 487.959 529 510.524 498.970 530 319.441 413.646 531 35.939 426.371 532 394.107 422.295 533
4 0.9771792532279292 0.11947277002951454 -0.16429305857446388 0.06208665494707021 -0.09600997793710886 0.006004073673244575 -0.04429365106687634 4 image_000004.jpg
 506.406 213.890 0 405.724 249.823 4 167.476 498.816 10 387.756 243.035 15 59.396 307.347 16 483.676 453.287 17 625.238 236.655 18 393.031 231.817 19 375.848 267.345 20 645.494 247.658 24 436.154 458.652 26 256.339 177.365 28 667.136 184.193 35 426.537 209.637 36 576.201 262.782 38 660.649 184.823 44 595.841 189.904 45 595.841 189.904 46 415.077 200.845 47 465.846 205.600 48 386.841 213.750 49 593.707 249.556 51 469.754 253.404 52 606.501 254.182 54 367.991 247.462 67 695.468 415.170 72 738.909 493.887 74 652.746 193.525 76 504.673 237.158 78 357.419 264.795 85 66.295 466.258 87 669.981 286.164 89 669.981 286.164 90 70.146 344.342 92 454.177 235.980 95 465.425 260.632 97 520.834 259.719 100 671.927 266.211 109 32.045 315.436 110 455.399 207.343 113 549.689 222.946 114 432.892 238.814 115 352.768 259.855 117 660.802 334.902 119 170.842 355.120 120 527.582 189.959 129 457.754 260.637 130 714.898 262.893 131 720.449 262.705 132 727.251 262.829 133 677.227 266.040 134 708.436 266.142 135 722.487 266.028 136 659.443 266.266 137 703.050 337.119 138 668.693 430.955 139 620.283 440.155 140 691.652 441.859 141 312.673 442.515 142 443.219 452.376 143 446.508 473.529 144 517.823 510.766 145 653.988 511.707 146 679.392 176.985 147 646.152 258.272 148 688.745 258.507 149 642.759 262.638 150 431.215 270.520 151 295.749 272.336 152 695.942 438.645 153 696.300 454.261 154 696.389 460.414 155 324.181 475.678 156 567.096 505.903 157 472.276 205.091 158 22.062 269.299 159 76.812 332.169 160 472.486 343.214 161 540.364 426.081 162 430.683 494.655 163 681.595 192.883 164 142.253 496.906 165 491.497 494.572 166 565.546 268.664 167 611.626 251.314 168 650.444 358.064 169 650.444 358.064 170 564.883 455.163 171 476.973 459.851 172 671.761 314.322 173 674.669 454.052 174 716.067 453.893 175 631.740 456.584 176 227.251 459.711 177
71 0.9880978145091338 0.1433981028728503 -0.04363016622125644 0.03458462927707952 -0.220801933791188 -0.00212679697698197 -0.014315811348305 71 image_000071.jpg
 687.320 247.246 0 827.379 271.808 1 653.796 274.705 2 623.350 273.521 4 479.186 433.406 10 341.394 194.522 11 611.777 269.684 15 414.901 316.898 16 615.681 261.980 19 412.081 420.268 21 543.254 261.988 25 603.637 296.649 30 338.777 196.827 34 636.292 247.205 36 344.240 197.042 42 791.700 224.038 44 747.742 229.468 45 747.742 229.468 46 628.193 241.842 47 661.883 243.544 48 610.516 251.027 49 376.036 270.685 50 664.611 274.375 52 754.420 271.687 54 804.860 272.804 55 821.754 272.026 56 491.489 287.961 57 419.675 292.909 59 599.272 273.153 67 815.733 377.316 72 845.483 429.268 74 786.825 229.933 76 397.530 414.144 82 593.608 283.962 85 420.277 413.404 87 421.512 339.245 92 836.072 318.055 111 589.967 281.275 117 792.003 323.800 119 480.401 344.604 120 761.359 253.971 123 804.882 218.174 147 782.803 273.388 148 811.337 272.445 149 639.808 286.259 151 816.103 392.262 153 816.354 402.747 154 816.443 406.672 155 393.814 294.275 159 806.914 228.767 164 758.654 269.333 168 830.044 402.497 175 393.814 294.275 179 672.674 242.677 180 411.394 304.662 193 594.995 237.154 202 813.945 408.590 206 853.558 419.055 214 797.430 249.625 218 784.472 280.132 220 784.472 280.132 221 812.609 279.401 235 788.747 283.553 241 780.998 330.627 244 478.530 425.887 251 594.661 251.842 264 799.221 318.549 271 822.471 332.959 320 411.874 355.768 408 616.625 380.819 410 495.995 417.139 412 410.270 298.976 427 411.675 311.937 447 514.554 335.402 460 804.626 392.112 462 395.659 355.697 467 569.966 275.413 469 404.959 347.820 475 595.477 246.213 481 858.064 421.932 489 429.966 292.188 492 852.927 392.242 496 391.921 415.623 497 574.947 332.239 500 818.624 274.542 512 833.704 283.653 514 834.965 426.933 524 594.416 291.547 547 809.673 392.747 561 419.612 340.302 654 797.430 249.625 674 802.876 223.264 676 801.491 258.872 677 666.616 285.353 678 802.191 323.566 679 303.408 383.294 688 554.071 293.562 695 408.829 344.128 696
40 0.9948686044774753 0.06720734602898439 0.07485692545210698 0.010773299847637877 -0.651222114370519 -0.0785433155292995 -0.25496089751313894 40 image_000040.jpg
 546.714 322.470 0 715.277 340.637 1 473.194 359.062 4 629.075 363.110 5 271.048 424.179 16 640.573 329.058 18 465.601 346.397 19 675.973 281.556 35 488.716 326.501 36 600.853 355.920 38 478.234 320.273 47 515.289 320.622 48 458.553 332.930 49 243.393 374.907 50 614.591 343.585 51 519.657 356.759 52 573.999 351.375 53 624.346 346.203 54 342.842 386.448 57 278.583 396.610 59 245.204 487.574 61 244.142 378.373 66 448.124 360.603 67 233.068 472.280 70 266.526 481.346 71 739.913 553.346 74 546.597 341.876 78 304.415 383.726 83 548.361 295.245 84 442.623 373.624 85 280.596 510.644 86 567.498 333.001 94 508.877 344.538 95 491.962 365.366 96 557.389 357.927 100 259.110 431.095 110 728.869 400.979 111 614.666 416.872 112 437.636 370.716 117 329.571 452.975 120 669.159 296.120 121 633.882 322.877 123 456.558 352.526 124 584.163 349.289 128 510.595 363.556 130 718.540 344.033 131 255.808 400.442 159 570.316 495.281 162 630.453 343.001 168 720.150 516.311 175 255.808 400.442 179 243.001 411.736 181 397.513 445.973 184 256.853 530.972 187 253.044 403.570 188 216.137 477.549 191 270.184 410.681 193 732.111 532.065 199 695.368 551.428 208 311.202 391.529 210 752.232 538.613 214 487.375 340.924 224 682.834 304.050 229 666.066 358.687 241 701.648 551.720 242 656.602 420.539 244 530.418 327.410 248 684.674 321.106 255 594.386 356.562 257 703.828 357.360 258 561.344 316.751 260 341.847 327.389 261 492.601 327.503 262 444.494 335.978 264 427.839 372.798 266 357.027 380.583 267 241.397 399.103 270 723.226 414.036 273 220.206 443.965 274 671.712 489.127 276 652.164 489.478 277 584.016 432.237 283 213.998 480.911 287 246.826 532.331 288 531.410 323.198 291 395.652 336.723 293 436.936 347.315 295 541.470 346.802 297 283.055 368.674 298 217.797 415.277 300 382.525 435.781 301 427.038 442.342 302 514.827 331.363 307 615.782 346.833 308 565.892 371.998 311 238.845 392.827 312 218.060 439.067 314 128.600 374.272 316 242.446 384.126 318 149.925 459.630 322 286.373 459.198 324 286.373 459.198 325 67.612 420.285 334 122.118 376.638 339 149.404 405.232 340 145.327 435.717 344 174.903 520.333 348 123.276 304.767 352 75.084 399.823 356 17.327 412.948 359 72.630 417.348 360 121.214 353.536 375 121.214 353.536 376 118.386 371.642 377 138.630 458.595 382 111.908 495.681 383 129.930 525.356 384 53.372 457.756 390 580.234 430.633 397 246.210 482.116 399 636.783 481.196 400 753.039 555.621 405 264.876 468.782 408 634.004 423.014 428 398.278 433.950 430 700.435 491.433 433 231.220 487.457 434 269.368 418.853 447 565.427 432.320 449 653.554 443.850 450 264.876 468.782 453 672.884 497.809 454 514.827 331.363 457 593.564 431.393 458 263.775 413.105 465 263.775 413.105 466 252.017 468.842 467 658.852 495.054 471 126.675 304.133 480 512.312 326.216 491 671.901 391.419 493 421.429 433.105 500 727.421 404.763 522 587.967 496.018 523 667.429 480.572 526 432.527 345.882 536 474.141 354.492 543 428.217 366.793 544 624.432 374.682 545 718.332 376.979 546 441.184 382.976 547 368.804 387.198 548 224.039 422.133 549 569.906 430.666 550 668.117 490.019 551 668.117 490.019 552 558.178 319.105 553 287.423 372.476 554 755.178 401.096 555 690.313 422.511 557 212.276 448.626 558 660.483 488.990 559 692.039 502.868 560 692.039 502.868 561 373.022 508.234 562 212.416 530.657 563 56.285 277.035 564 56.285 277.035 565 595.173 331.639 566 436.936 347.315 567 247.086 374.226 568 208.896 385.194 569 248.677 401.995 570 243.253 407.010 571 485.434 425.233 572 282.368 458.216 573 672.354 481.137 574 623.055 485.596 575 212.463 500.401 576 158.214 517.479 577 740.923 548.493 578 667.601 303.180 579 419.770 356.768 580 718.224 371.655 581 214.939 389.072 582 219.216 393.904 583 212.328 423.520 584 256.617 426.462 585 201.957 451.804 586 201.957 451.804 587 682.602 462.866 588 203.684 491.732 589 196.722 501.887 590 251.810 532.213 591 255.514 361.513 592 255.514 361.513 593 224.301 430.925 594 375.040 497.884 595 758.781 530.153 596 290.883 362.877 597 246.666 365.917 598 212.228 380.995 599 255.075 411.725 600 255.075 411.725 601 205.184 499.471 602 203.646 513.566 603 203.646 513.566 604 200.278 537.375 605 316.466 334.957 606 285.479 474.716 607 285.479 474.716 608 213.767 502.473 609
73 0.9940202879760177 0.10483368990746532 0.012444097794621096 0.027905549921472244 -0.2978488264122158 -0.031988794283373374 -0.17795205340637482 73 image_000073.jpg
 733.126 282.035 0 864.589 301.902 1 800.187 315.202 5 420.627 238.300 11 420.627 238.300 12 488.332 438.469 21 423.331 240.702 42 423.220 250.276 43 829.778 258.712 44 461.092 309.231 50 788.134 300.433 51 795.774 302.694 54 843.052 303.112 55 859.252 302.051 56 497.271 327.442 59 472.930 396.441 61 420.584 242.270 62 420.584 242.270 63 459.183 384.148 70 492.080 391.956 71 856.122 399.157 72 825.243 264.804 76 496.039 432.302 87 786.777 304.853 88 498.071 367.797 92 824.767 303.944 102 760.350 285.851 114 832.797 350.369 119 801.525 286.123 123 849.748 302.676 149 799.524 301.027 168 475.252 329.208 179 718.971 277.955 180 489.962 337.995 193 894.178 439.331 214 786.739 267.604 228 839.855 274.742 229 519.738 336.223 240 821.488 356.492 244 766.211 362.947 283 458.064 387.547 286 420.577 256.522 290 804.459 316.755 309 434.330 365.058 336 316.317 334.784 341 354.187 437.078 349 368.601 311.239 354 501.043 376.735 366 402.207 314.610 374 396.581 330.905 379 380.286 345.587 387 385.532 377.303 388 467.907 296.463 392 420.142 245.889 396 489.669 381.929 408 325.120 287.560 415 343.518 187.733 417 343.518 187.733 418 860.387 347.706 425 397.342 360.007 432 459.039 396.407 434 383.732 317.405 446 490.115 344.085 447 489.669 381.929 453 817.236 284.831 463 483.769 339.857 465 483.769 339.857 466 391.206 313.962 470 505.719 326.635 492 831.639 336.147 493 435.961 386.519 494 434.958 415.948 495 871.102 312.734 514 505.355 422.247 532 488.887 385.076 537 828.022 273.479 579 834.519 414.621 621 353.739 367.601 684 370.901 369.015 685 373.555 413.786 689 324.339 338.550 692 435.961 386.519 697
77 0.9841321195440444 0.1038718069929659 -0.12617949764525388 0.06908943633584776 -0.20688594597220258 -0.09738489995482678 -0.5815381270055654 77 image_000077.jpg
 520.648 183.603 0 697.865 222.500 1 479.758 216.003 3 287.495 421.374 9 288.152 413.788 13 447.084 186.220 14 418.626 206.921 15 152.056 261.668 16 423.725 197.791 19 625.275 229.409 22 359.347 373.046 23 641.247 212.844 24 451.713 427.206 27 534.688 191.725 29 452.222 179.452 36 579.405 224.789 38 685.003 226.369 39 261.692 382.771 40 441.876 171.107 47 485.228 176.617 48 488.067 216.230 52 605.717 217.753 54 690.966 222.554 56 160.871 230.464 59 585.248 288.408 60 114.154 334.216 61 401.393 210.953 67 682.555 357.534 72 262.129 415.728 73 518.506 202.898 78 35.537 271.936 81 117.469 392.470 82 201.461 218.315 83 147.237 391.735 87 158.228 292.872 92 542.641 196.825 94 475.195 201.612 95 645.481 222.314 102 349.710 231.809 107 658.806 228.766 108 663.324 228.766 109 131.682 268.324 110 477.367 177.785 113 557.428 191.274 114 388.227 221.082 117 652.651 287.597 119 237.642 301.156 120 614.017 195.661 123 311.679 214.406 125 538.733 163.380 129 708.081 229.033 136 614.830 378.094 140 461.024 404.518 144 644.053 442.476 146 640.547 222.056 148 677.888 222.611 149 637.791 225.511 150 682.652 378.190 153 682.738 392.275 154 355.826 404.146 156 493.348 175.745 158 610.767 215.012 168 643.197 307.761 169 660.586 269.919 173 276.256 388.710 177 416.099 293.385 183 333.569 300.062 184 122.986 235.661 188 149.390 245.781 193 679.548 400.234 206 526.637 450.194 209 730.745 415.005 214 688.957 203.551 216 450.021 194.471 224 466.714 224.957 225 394.723 297.377 231 564.567 211.667 239 196.432 246.245 240 681.448 427.006 242 637.897 295.177 244 500.779 186.148 248 381.317 225.070 249 278.298 221.899 267 30.437 281.232 285 116.069 387.088 288 209.072 163.913 292 110.689 218.195 299 20.990 197.130 332 22.445 267.971 335 22.445 267.971 336 20.996 218.823 340 19.237 235.394 343 32.080 270.570 345 19.781 362.799 347 12.786 413.616 351 42.098 246.027 361 39.602 305.465 362 162.086 305.627 366 452.497 415.788 395 380.564 430.487 406 143.364 313.051 408 416.081 297.879 431 381.743 414.977 438 344.437 354.358 456 291.809 300.377 461 635.131 195.576 463 18.085 347.237 486 737.307 419.973 489 479.844 182.132 491 22.376 304.511 494 364.893 287.845 500 414.626 196.178 503 714.176 229.185 508 661.533 319.566 525 344.363 364.190 527 573.706 199.020 566 28.578 364.603 577 595.288 298.944 612 37.372 259.411 627 219.217 410.409 652 41.875 256.789 653 39.602 305.465 655 260.378 398.728 659 439.913 191.365 668 339.987 236.149 695 22.376 304.511 697 40.628 273.585 698
142 0.9476939118125411 0.2732455620174725 0.16409943141580655 -0.01686682920041883 -0.693341033171788 0.10812817245860501 0.03358462462172912 142 image_000142.jpg
 504.335 207.155 0 649.788 218.456 1 471.312 241.059 2 476.416 240.337 3 443.582 243.130 4 574.202 242.739 5 401.593 311.373 6 286.801 314.292 7 338.958 394.673 8 368.422 407.805 9 335.940 408.127 10 162.133 201.867 11 162.133 201.867 12 368.615 403.110 13 451.783 219.333 14 434.072 239.541 15 286.916 300.448 16 491.275 377.272 17 585.068 211.115 18 436.837 231.281 19 426.908 257.730 20 289.202 396.288 21 585.350 236.119 22 405.175 372.154 23 601.357 216.724 24 378.343 236.726 25 463.821 381.567 26 463.800 408.281 27 515.556 211.704 29 427.514 268.410 30 452.252 381.388 31 322.771 410.042 32 657.406 362.862 33 159.663 203.896 34 617.667 163.015 35 455.432 212.569 36 527.252 236.669 37 550.360 236.864 38 637.192 224.108 39 352.466 381.995 40 356.523 412.587 41 165.101 203.974 42 166.217 215.134 43 612.274 164.583 44 563.642 178.333 45 563.642 178.333 46 445.770 208.143 47 477.890 205.798 48 430.768 219.520 49 259.548 259.038 50 561.942 225.024 51 482.400 239.611 52 527.873 233.215 53 569.894 227.214 54 624.789 222.510 55 643.581 219.700 56 339.581 268.315 57 302.486 275.331 58 290.166 277.501 59 555.447 291.732 60 274.663 353.621 61 162.640 206.530 62 162.640 206.530 63 414.222 181.182 64 414.222 181.182 65 260.706 261.811 66 423.364 244.246 67 262.895 302.172 68 580.153 280.358 69 263.438 340.838 70 289.978 347.223 71 630.875 343.764 72 354.522 404.259 73 659.801 402.231 74 413.682 189.090 75 607.305 172.674 76 269.317 346.546 77 503.922 224.291 78 333.322 406.023 79 414.064 177.330 80 209.704 333.191 81 281.316 391.423 82 309.011 265.710 83 505.336 181.073 84 419.707 256.189 85 303.837 371.378 86 294.832 390.267 87 558.795 230.779 88 617.067 245.294 89 617.067 245.294 90 286.222 400.568 91 293.241 321.998 92 449.483 202.851 93 521.981 216.077 94 472.809 229.017 95 459.029 248.251 96 479.174 245.570 97 498.028 242.482 98 501.684 242.049 99 513.311 239.852 100 584.402 228.602 101 603.849 225.541 102 495.559 245.510 103 583.724 231.525 104 589.896 230.692 105 471.252 251.512 106 392.877 265.173 107 614.772 230.077 108 619.137 229.486 109 278.906 306.111 110 658.092 273.860 111 561.955 290.946 112 471.982 208.245 113 533.430 208.575 114 459.621 233.132 115 410.996 251.328 116 415.142 254.269 117 302.486 275.331 118 610.273 284.259 119 335.531 324.117 120 610.986 177.555 121 518.095 405.044 122 579.985 204.099 123 428.719 238.609 124 369.907 253.840 125 472.007 243.303 126 450.135 266.320 127 535.122 232.833 128 517.433 187.038 129 474.712 246.248 130 652.143 221.990 131 655.920 221.156 132 662.192 220.350 133 623.368 228.613 134 646.268 225.513 135 658.020 223.799 136 609.333 230.928 137 641.428 282.589 138 612.227 356.259 139 576.676 365.039 140 627.635 363.939 141 399.010 373.777 142 468.107 377.721 143 470.953 391.482 144 510.742 415.541 145 599.259 415.246 146 626.070 155.666 147 600.837 225.920 148 632.215 221.417 149 597.753 229.253 150 458.612 255.370 151 387.456 266.531 152 630.291 361.367 153 631.113 372.876 154 630.848 377.498 155 405.854 394.076 156 541.348 412.125 157 482.611 204.203 158 272.407 280.672 159 295.958 314.525 160 483.571 303.620 161 526.405 357.612 162 460.647 404.739 163 629.722 168.830 164 325.545 407.110 165 496.726 404.377 166 541.995 242.051 167 575.640 223.325 168 601.433 302.617 169 601.433 302.617 170 540.892 376.586 171 487.386 381.603 172 617.954 266.795 173 614.708 373.042 174 645.921 372.543 175 584.668 375.763 176 361.150 384.779 177 440.077 208.872 178 272.407 280.672 179 489.703 203.228 180 263.627 290.051 181 674.796 277.524 182 436.437 309.482 183 387.892 318.210 184 420.791 363.960 185 256.460 366.069 186 287.949 387.152 187 270.678 283.691 188 414.142 313.822 189 249.101 321.601 190 251.244 344.916 191 420.735 357.524 192 284.971 288.717 193 253.415 319.085 194 650.527 222.678 195 651.997 214.620 196 611.087 228.031 197 514.547 246.487 198 654.565 385.180 199 670.792 384.129 200 566.881 398.289 201 418.880 206.467 202 510.003 191.140 203 494.404 243.072 204 533.075 354.642 205 628.167 380.434 206 405.854 394.076 207 624.957 400.786 208 514.434 423.438 209 315.498 272.843 210 624.753 282.857 211 376.365 320.039 212 599.973 344.204 213 670.864 390.467 214 460.207 170.594 215 643.930 201.422 216 604.052 199.951 217 615.944 196.019 218 599.842 374.213 219 600.320 233.841 220 600.320 233.841 221 632.046 229.615 222 440.231 395.336 223 454.296 225.913 224 467.856 249.708 225 631.489 224.879 226 539.875 304.237 227 561.715 181.741 228 622.579 185.032 229 472.007 225.150 230 424.140 313.902 231 486.014 415.889 232 580.445 298.610 233 487.768 409.802 234 632.046 229.615 235 633.457 259.938 236 440.893 364.284 237 617.954 266.795 238 538.682 226.812 239 307.859 286.967 240 606.109 237.625 241 630.027 401.197 242 288.237 310.288 243 597.067 292.908 244 611.548 362.458 245 517.583 383.331 246 590.220 242.925 247 490.489 212.017 248 410.452 258.183 249 601.785 176.944 250 336.709 401.709 251 492.098 408.587 252 633.457 259.938 253 569.553 392.364 254 623.636 201.043 255 643.441 230.633 256 545.061 237.737 257 638.778 235.384 258 604.634 357.288 259 516.049 201.450 260 333.910 208.543 261 458.800 213.078 262 482.244 217.137 263 418.733 221.931 264 510.137 220.672 265 406.638 255.634 266 350.953 263.017 267 318.972 269.282 268 393.985 268.683 269 260.576 279.929 270 618.563 277.533 271 648.778 282.786 272 652.957 285.763 273 250.105 317.428 274 623.225 349.622 275 607.727 350.898 276 592.063 351.639 277 635.021 394.465 278 470.739 398.185 279 670.042 180.897 280 446.052 222.090 281 257.283 287.890 282 537.165 304.484 283 204.976 334.246 284 207.848 340.035 285 262.695 344.103 286 250.134 347.919 287 280.481 388.434 288 492.381 413.031 289 164.506 222.902 290 491.261 207.855 291 308.416 223.986 292 378.986 223.432 293 378.986 223.432 294 413.402 232.997 295 538.682 226.812 296 500.210 229.731 297 290.569 253.033 298 263.622 271.879 299 245.335 293.447 300 375.487 310.048 301 411.090 314.882 302 630.875 343.764 303 265.969 386.936 304 670.097 396.644 305 431.828 401.248 306 477.367 216.294 307 563.299 227.514 308 579.330 244.374 309 471.764 253.103 310 521.307 251.525 311 258.426 274.111 312 253.101 293.811 313 247.370 313.329 314 452.476 399.753 315 176.289 283.279 316 572.193 251.874 317 259.879 266.679 318 215.558 313.291 319 642.146 292.636 320 414.493 228.063 321 202.570 346.837 322 449.930 210.817 323 302.710 329.368 324 302.710 329.368 325 350.131 346.939 326 350.131 346.939 327 585.092 391.918 328 321.948 387.286 329 325.016 273.711 330 26.356 149.198 331 192.525 291.383 332 93.670 320.963 333 142.095 328.773 334 201.124 333.885 335 201.124 333.885 336 25.336 260.967 337 133.775 293.074 338 171.761 286.370 339 195.219 304.226 340 14.733 338.106 341 47.694 337.577 342 196.098 314.828 343 196.913 329.289 344 207.706 333.720 345 220.118 333.657 346 210.918 389.540 347 228.371 389.117 348 86.056 425.679 349 52.914 434.088 350 212.438 419.773 351 162.075 226.573 352 89.376 288.722 353 89.446 298.723 354 106.220 300.383 355 143.407 311.771 356 46.715 334.510 357 87.511 331.394 358 108.055 329.539 359 144.895 326.211 360 210.927 316.147 361 215.737 353.055 362 27.682 222.889 363 14.794 266.448 364 85.621 305.342 365 296.431 331.477 366 211.141 352.846 367 102.346 376.093 368 104.327 404.613 369 109.568 408.127 370 191.218 398.672 371 191.218 398.672 372 284.940 410.604 373 141.658 292.380 374 167.625 269.144 375 167.625 269.144 376 168.510 283.128 377 127.191 303.841 378 135.803 310.669 379 137.709 345.099 380 194.990 346.183 381 194.990 346.183 382 182.433 379.908 383 198.473 399.218 384 132.651 287.894 385 145.268 301.850 386 112.253 330.345 387 124.816 359.776 388 188.944 389.904 389 138.375 358.815 390 35.225 263.471 391 264.097 244.760 392 487.968 381.062 393 464.517 393.503 394 464.521 399.824 395 162.351 210.629 396 534.027 303.242 397 624.618 310.205 398 274.137 348.828 399 579.523 345.322 400 622.656 357.552 401 592.818 363.541 402 361.742 400.062 403 403.540 402.467 404 670.748 403.867 405 420.167 412.501 406 16.710 294.539 407 287.266 337.891 408 668.902 340.683 409 439.448 356.257 410 622.146 366.963 411 347.276 393.596 412 591.279 399.940 413 26.356 149.198 414 17.955 289.141 415 478.675 393.934 416 28.406 176.550 417 28.406 176.550 418 553.870 252.244 419 564.965 191.718 420 36.127 205.147 421 648.781 205.436 422 598.010 213.609 423 587.718 227.820 424 641.083 279.017 425 261.379 283.194 426 284.156 284.005 427 577.461 294.933 428 457.100 305.152 429 387.800 308.577 430 437.147 312.634 431 140.615 340.219 432 630.703 353.330 433 263.993 353.318 434 480.427 386.324 435 46.033 404.693 436 504.955 400.238 437 420.012 402.280 438 335.940 408.127 439 423.186 418.079 440 420.563 421.660 441 276.711 414.722 442 39.348 201.962 443 370.768 219.742 444 99.394 253.348 445 113.613 300.908 446 285.503 296.565 447 537.923 297.762 448 521.988 304.942 449 593.541 312.920 450 20.360 342.366 451 285.267 335.511 452 287.266 337.891 453 608.754 358.035 454 106.429 368.572 455 396.513 358.662 456 477.367 216.294 457 544.744 303.467 458 480.680 307.795 459 359.775 314.086 460 364.198 321.064 461 619.112 361.251 462 595.291 201.473 463 384.034 228.850 464 279.997 291.008 465 279.997 291.008 466 277.316 337.713 467 277.316 337.713 468 397.278 249.192 469 125.853 294.589 470 596.951 356.346 471 39.908 186.382 472 368.827 241.669 473 297.565 278.448 474 283.198 330.661 475 285.195 379.485 476 294.832 390.267 477 267.328 258.556 478 429.148 383.018 479 163.799 224.165 480 418.978 215.595 481 398.642 207.882 482 489.227 243.836 483 601.923 229.098 484 658.020 223.799 485 208.059 380.882 486 419.693 377.141 487 492.007 396.633 488 676.418 393.804 489 267.217 243.723 490 474.988 211.586 491 296.520 276.380 492 610.717 266.410 493 205.404 355.532 494 207.388 385.400 495 671.324 360.219 496 274.861 392.903 497 282.324 399.291 498 502.586 211.925 499 405.979 307.953 500 440.840 382.385 501 599.842 374.213 502 431.085 230.868 503 533.416 241.377 504 533.416 241.377 505 647.350 222.537 506 669.933 219.044 507 664.612 222.836 508 617.534 354.412 509 306.264 274.419 510 617.547 223.324 511 640.062 222.868 512 397.991 305.000 513 655.824 232.275 514 339.533 324.860 515 473.653 262.876 516 468.123 383.048 517 313.288 282.827 518 313.288 282.827 519 585.793 212.758 520 315.498 272.843 521 656.822 277.030 522 540.574 358.293 523 649.187 399.662 524 617.662 311.313 525 604.390 344.917 526 396.915 365.969 527 425.147 365.882 528 471.680 404.480 529 508.680 411.058 530 415.238 367.812 531 302.487 378.861 532 451.740 370.330 533 621.937 233.604 534 664.083 390.061 535 409.375 231.104 536 286.333 340.765 537 609.735 258.966 538 654.187 365.598 539 505.163 404.444 540 569.624 376.217 541 429.077 315.199 542 444.333 238.587 543 406.784 250.675 544 570.486 253.369 545 650.947 252.156 546 418.768 264.665 547 360.652 268.912 548 250.662 299.102 549 526.018 303.633 550 604.514 352.412 551 604.514 352.412 552 513.770 203.555 553 293.985 256.195 554 681.688 273.199 555 586.473 288.534 556 625.072 293.556 557 244.234 321.219 558 598.018 351.470 559 624.726 362.077 560 624.726 362.077 561 373.530 369.393 562 255.140 386.803 563 110.271 215.878 564 110.271 215.878 565 545.466 213.892 566 413.402 232.997 567 262.561 258.709 568 233.045 268.668 569 266.687 281.418 570 263.169 286.194 571 456.728 300.394 572 299.461 328.644 573 608.993 343.889 574 568.107 349.878 575 251.246 362.838 576 216.385 389.364 577 660.936 398.433 578 608.814 185.292 579 399.142 242.043 580 650.977 247.307 581 238.719 271.320 582 242.693 274.388 583 241.601 300.203 584 276.640 302.470 585 237.307 324.062 586 237.307 324.062 587 617.367 328.471 588 243.869 355.482 589 239.756 364.172 590 284.193 388.138 591 267.499 247.300 592 267.499 247.300 593 251.886 306.510 594 374.510 361.509 595 676.958 382.431 596 295.373 248.515 597 260.245 251.890 598 236.018 264.564 599 273.059 290.755 600 273.059 290.755 601 245.682 361.815 602 246.420 373.377 603 246.420 373.377 604 247.032 391.352 605 312.869 222.810 606 303.744 343.052 607 303.744 343.052 608 252.561 363.676 609 563.403 237.230 610 582.539 292.565 611 562.801 299.900 612 620.770 310.670 613 480.278 402.957 614 520.472 193.437 615 566.015 239.915 616 453.061 356.830 617 528.812 368.882 618 636.022 350.677 619 513.298 350.324 620 606.922 363.492 621 653.940 393.291 622 649.187 399.662 623 446.000 395.732 624 574.489 401.949 625 243.292 325.946 626 208.865 325.493 627 613.125 228.416 628 228.406 271.126 629 475.293 379.557 630 475.293 379.557 631 487.386 381.603 632 526.883 377.166 633 500.132 378.151 634 650.186 404.439 635 650.186 404.439 636 645.921 372.543 637 440.231 395.336 638 615.579 231.790 639 508.539 187.980 640 535.886 208.924 641 306.264 274.419 642 457.246 310.259 643 636.773 220.452 644 423.479 239.481 645 509.012 240.542 646 266.455 266.650 647 452.963 310.757 648 401.612 371.535 649 574.727 371.565 650 641.519 397.754 651 332.447 402.112 652 212.439 323.050 653 292.198 322.897 654 215.737 353.055 655 630.679 366.201 656 577.565 369.206 657 433.826 388.362 658 353.103 392.231 659 247.007 296.997 660 297.827 372.620 661 267.585 381.269 662 483.031 248.739 663 493.695 254.966 664 605.076 318.805 665 595.807 412.116 666 258.999 335.671 667 447.138 224.360 668 256.946 317.294 669 405.665 383.012 670 568.814 401.747 671 509.367 203.080 672 489.148 407.768 673 615.944 196.019 674 305.358 410.407 675 624.176 162.089 676 621.899 206.021 677 483.678 251.544 678 620.489 283.052 679 661.224 392.271 680 667.320 189.308 681 666.411 392.615 682 473.653 262.876 683 77.633 359.169 684 102.227 355.912 685 657.406 362.862 686 601.188 253.391 687 109.626 388.299 688 110.450 399.137 689 411.461 372.447 690 349.907 237.467 691 26.481 340.346 692 388.783 237.802 693 599.557 389.325 694 387.010 269.625 695 285.035 326.659 696 205.404 355.532 697 213.238 333.185 698 606.266 388.979 699 472.819 395.986 700 365.170 333.814 701 284.193 388.138 702 286.313 406.871 703 276.183 256.303 704 361.506 348.333 705 384.192 347.823 706 354.583 271.613 707 672.594 365.255 708 345.999 238.088 709
17 0.9663142517047618 0.13402323092469837 -0.2045572147910134 0.08019282135284116 0.025877264077824494 -0.01828876961021287 -0.1985053587167324 17 image_000017.jpg
 533.615 223.900 0 687.238 265.048 1 499.149 252.813 3 457.872 248.634 4 268.188 434.450 10 122.121 111.062 11 122.121 111.062 12 184.325 283.363 16 624.172 269.700 22 118.331 113.516 34 655.330 207.289 35 474.265 218.463 36 560.560 258.854 37 586.734 263.760 38 301.480 399.832 40 125.771 114.238 42 649.451 207.528 44 466.364 211.092 47 504.563 216.484 48 444.077 220.134 49 506.606 253.279 52 609.284 258.417 54 680.899 264.692 56 121.967 116.857 62 121.967 116.857 63 428.210 245.838 67 417.714 168.651 80 188.129 406.469 87 596.426 259.071 88 655.320 284.647 89 192.026 312.688 92 470.254 206.757 93 524.913 259.239 98 544.529 259.745 100 622.621 265.429 104 628.184 265.617 105 492.831 263.454 106 380.368 262.786 107 417.019 254.780 117 272.053 323.325 120 382.580 394.283 142 664.740 202.172 147 476.730 265.102 151 639.726 337.293 169 639.726 337.293 170 521.399 259.167 204 669.802 418.808 206 667.061 439.953 208 711.463 431.153 214 671.608 271.343 235 671.880 440.813 242 183.778 296.204 243 629.962 277.425 247 517.285 226.024 248 410.559 258.086 249 639.137 216.730 250 267.101 425.289 251 514.355 442.942 252 670.740 300.078 253 609.128 429.149 254
61 0.958884472997881 0.09255236676916576 -0.25096658010679895 0.09481770237401066 0.16374675826617244 -0.04653452941327668 -0.24284825951462577 61 image_000061.jpg
 554.424 252.586 0 455.426 271.028 15 534.948 454.045 17 460.610 261.709 19 682.235 235.780 35 626.082 237.097 45 521.668 243.281 48 455.827 246.436 49 692.055 297.310 55 711.092 298.199 56 438.387 274.593 67 553.731 272.851 78 623.182 292.924 88 684.741 318.948 90 509.960 294.948 106 729.598 302.662 133 715.092 304.636 135 374.944 293.038 152 720.286 302.897 195 432.980 225.859 202 227.993 281.303 210 668.958 269.023 217 682.100 267.898 218 673.619 308.791 241 711.079 357.928 425 550.164 257.547 499
53 0.9638847871398056 0.06128359224010148 -0.23831447110841278 0.10186586885635726 0.07237333198689079 -0.03883988737877024 -0.1527253184514217 53 image_000053.jpg
 476.435 395.268 0 613.231 432.342 1 282.712 584.934 13 556.570 414.852 18 397.916 402.977 19 423.296 565.409 26 488.460 401.804 29 413.495 382.749 47 447.920 387.945 48 449.820 421.079 52 591.905 431.617 55 608.347 432.150 56 248.042 420.515 57 378.844 413.774 67 585.991 450.314 89 585.991 450.314 90 417.652 378.690 93 439.269 408.682 95 485.094 427.400 100 441.099 388.642 113 619.136 435.779 132 623.703 435.912 133 428.678 561.951 143 598.285 431.978 149 568.214 433.358 150 603.037 556.379 153 602.865 567.397 154 602.966 571.569 155 462.035 593.010 166 589.088 566.806 174 615.890 567.214 175 458.991 388.051 180 615.174 435.832 195 615.457 429.458 196 592.675 484.209 211 607.008 418.000 216 572.704 408.534 217 574.363 566.928 219 571.317 437.404 221 599.980 438.937 222 148.005 459.329 243 599.872 464.826 253 617.909 489.784 273 410.425 395.573 281 445.617 397.616 307 246.549 571.904 412 374.406 382.783 481 347.230 370.900 482 443.493 392.869 491 574.363 566.928 502 507.373 432.526 504 428.310 567.466 517 632.891 585.073 535 584.352 435.058 628 411.432 398.743 668 544.385 592.190 671 480.508 392.632 672 454.735 596.295 673 585.097 407.633 674 163.706 593.588 675
27 0.9784653659740234 0.16859277952387244 -0.10447745948308021 0.05715286238321884 -0.1689328958481511 -0.026294029062622612 -0.40089032212947073 27 image_000027.jpg
 620.560 106.901 0 580.055 141.638 3 532.965 139.072 4 247.246 207.945 7 251.052 188.911 16 523.948 122.992 19 242.829 326.226 21 554.466 316.366 26 554.250 350.976 27 636.546 115.611 29 551.978 103.868 36 650.959 145.607 37 787.552 150.366 39 542.076 95.663 47 585.454 100.201 48 588.504 141.645 52 650.682 141.759 53 794.254 146.308 56 284.440 155.576 58 258.673 156.787 59 490.179 56.439 65 501.564 136.800 67 201.717 187.711 68 196.413 241.721 70 248.864 255.668 71 817.986 351.759 74 209.282 252.254 77 619.646 127.888 78 254.613 316.894 87 258.618 220.474 92 644.019 121.120 94 575.693 126.687 95 555.192 148.041 96 584.582 148.096 97 632.366 147.271 100 608.478 150.829 103 723.565 149.970 104 573.441 153.884 106 449.355 158.283 107 576.617 101.765 113 754.260 213.130 119 339.197 228.544 120 632.335 348.787 122 639.422 85.966 129 577.984 148.133 130 811.759 153.169 136 451.503 301.591 142 562.983 329.311 144 743.380 146.330 148 740.456 149.808 150 555.028 156.561 151 781.721 302.876 153 781.317 321.644 155 591.985 99.546 158 548.637 346.184 163 713.092 139.889 168 743.673 233.485 169 743.673 233.485 170 764.047 195.100 173 246.933 172.619 193 828.406 332.096 200 496.499 88.383 202 626.875 372.101 209 309.781 154.836 210 772.203 213.251 211 744.171 280.262 213 828.900 338.859 214 792.575 127.919 216 743.573 315.752 219 567.429 151.164 225 496.691 225.071 231 764.047 195.100 238 666.000 136.593 239 751.085 159.728 241 779.787 350.262 242 250.730 201.657 243 632.700 321.637 246 601.604 110.146 248 481.675 151.725 249 334.023 335.753 251 675.371 149.922 257 627.965 124.613 265 801.026 215.398 272 562.309 338.066 279 223.653 313.026 288 596.638 357.949 289 194.282 309.800 304 504.147 339.554 306 583.427 112.382 307 212.533 107.021 392 555.926 331.151 394 245.141 240.439 408 770.244 309.828 411 782.167 293.185 433 613.289 342.416 437 245.141 240.439 453 583.427 112.382 457 236.411 174.341 465 236.411 174.341 466 275.797 159.190 474 598.988 147.845 483 745.948 150.053 484 158.843 280.182 486 488.287 306.564 487 595.733 337.139 488 834.356 343.153 489 217.657 105.709 490 580.263 106.549 491 273.302 156.193 492 754.126 193.158 493 159.533 240.662 494 157.772 287.241 495 829.241 304.342 496 215.591 319.283 497 224.980 330.770 498 618.221 111.652 499 466.630 215.124 500 519.677 315.149 501 743.573 315.752 502
29 0.9620731050718397 0.2096992580665034 -0.1632000351409777 0.0617034275259774 -0.23571087391094042 -0.010787171342702906 -0.10427880522199462 29 image_000029.jpg
 397.834 62.079 0 541.559 99.056 1 364.789 89.806 3 326.962 85.865 4 338.089 62.946 14 313.885 80.523 15 317.886 72.777 19 305.707 98.276 20 482.614 104.009 22 228.864 30.291 28 406.625 70.062 29 341.898 57.542 36 422.327 94.823 37 507.848 45.017 44 333.367 50.746 47 371.744 90.187 52 535.647 98.824 56 300.569 83.262 67 293.958 95.106 85 345.398 94.417 96 389.275 95.555 98 407.279 95.768 100 386.836 97.962 103 480.541 100.126 104 485.336 100.150 105 257.663 100.440 107 508.889 103.529 108 165.026 156.596 120 505.920 56.168 121 307.264 78.730 124 332.753 111.829 127 549.001 104.818 136 350.494 229.462 143 352.550 244.155 144 521.362 39.747 147 493.185 100.395 150 524.161 225.339 153 372.261 153.753 161 517.887 152.994 211 497.428 105.062 220 497.428 105.062 221 502.015 109.152 241 88.050 131.832 243 411.079 58.972 260 143.746 89.234 268 533.865 163.610 320 487.959 224.585 402 204.118 148.479 460 65.233 163.582 468 223.330 69.496 473 75.880 155.994 475 497.066 100.724 484 291.177 225.258 487 311.557 70.687 503 429.206 100.569 504 429.206 100.569 505 539.262 102.132 506 558.842 102.802 507 554.586 105.033 508 510.781 218.186 509 120.704 92.386 510 512.285 98.237 511 532.693 101.366 512 260.785 144.201 513 547.155 112.254 514 172.697 158.304 515 360.697 111.981 516
11 0.9631176659434537 0.14439165383023825 -0.21357368410432503 0.07708239976912198 0.027690377358698972 -0.0034380036996180183 -0.049863917366759825 11 image_000011.jpg
 727.937 193.118 1 404.590 172.445 4 225.457 426.878 13 385.422 163.795 15 638.822 166.872 18 391.902 151.798 19 372.221 190.178 20 640.940 200.593 22 434.659 398.846 26 587.130 192.871 38 186.314 386.945 40 677.509 112.162 44 608.494 115.043 45 608.494 115.043 46 416.585 119.362 47 473.676 178.720 52 549.381 181.705 53 618.989 184.977 54 720.765 192.812 56 363.724 168.298 67 352.853 186.776 85 457.408 159.021 95 433.181 185.066 96 507.802 187.456 99 664.881 191.292 102 638.058 194.669 104 682.029 199.974 108 673.800 273.251 119 142.261 278.936 120 732.106 198.168 131 744.665 198.480 133 724.984 201.296 135 629.778 383.872 140 697.375 104.609 147 660.408 190.860 148 704.540 192.596 149 656.642 195.088 150 708.456 384.397 153 312.723 414.516 156 573.014 452.767 157 492.865 438.643 166 729.592 400.987 175 733.005 188.600 196 676.745 196.251 197 530.110 197.422 198 740.389 419.643 199 762.518 420.106 200 615.551 433.600 201 357.056 106.354 202 529.069 116.908 203 494.412 187.002 204 559.931 363.691 205 704.569 411.337 206 312.723 414.516 207 700.604 440.830 208 526.175 470.135 209 101.442 180.099 210 694.434 273.731 211 246.605 280.609 212 663.909 356.127 213 763.057 428.370 214 436.813 67.300 215 665.211 157.022 217 684.978 153.671 218 663.833 400.176 219 664.616 201.294 220 664.616 201.294 221 707.490 203.268 222 389.944 418.059 223
15 0.9645658266949056 0.11550304976029116 -0.21966368872887315 0.0895525452739333 -0.008173758372559847 -0.02486765526640535 -0.21469717557166476 15 image_000015.jpg
 601.093 312.621 1 417.740 299.312 2 423.104 299.312 3 384.158 295.110 4 395.783 272.654 14 435.142 444.637 17 540.854 293.579 18 555.927 302.674 24 400.390 477.548 27 469.046 280.952 29 399.499 267.139 36 590.272 315.305 39 566.387 258.619 44 520.863 259.741 45 520.863 259.741 46 391.903 260.189 47 430.004 300.163 52 596.014 312.415 56 509.912 363.849 60 561.116 264.993 76 571.058 331.105 89 419.238 286.980 95 558.528 310.635 102 516.842 364.693 112 466.329 476.529 122 534.994 286.038 123 593.123 368.129 138 408.105 458.612 144 395.644 473.319 163 581.189 265.852 164 439.952 474.768 166 531.897 303.949 168 555.937 380.640 169 555.937 380.640 170 430.297 449.900 172 571.457 350.919 173 467.037 313.381 198 486.126 424.892 205 577.702 365.630 211 406.367 226.625 215 595.086 297.314 216 397.501 280.058 224 412.685 306.991 225 584.824 314.925 226 493.575 374.207 227 516.315 262.782 228 576.441 278.610 229 418.678 283.596 230 351.305 366.991 231 427.977 486.878 232 535.300 374.514 233 430.883 479.586 234 586.793 319.194 235 585.548 345.897 236 372.889 425.661 237 571.457 350.919 238
19 0.9942623824034443 0.1039472916933593 -0.012949019040564662 0.021670323596817056 -0.4876622821709253 -0.05189124119694022 -0.3540321066294077 19 image_000019.jpg
 706.178 235.208 1 259.854 452.215 8 308.641 468.705 9 448.409 221.164 14 421.654 245.560 15 186.644 320.329 16 499.695 424.942 17 425.469 235.495 19 408.251 268.336 20 626.163 250.511 22 452.072 214.023 36 549.965 247.616 37 597.799 182.971 46 440.780 207.008 47 488.758 248.369 52 698.715 235.825 56 275.568 278.597 57 193.600 289.064 59 588.674 315.847 60 394.658 174.557 64 404.807 251.208 67 183.259 385.638 71 691.662 382.370 72 734.137 456.066 74 518.945 231.620 78 162.541 448.742 82 399.409 265.443 85 186.727 444.771 87 666.942 264.240 90 169.651 460.934 91 193.046 349.453 92 444.406 201.933 93 476.194 234.485 95 456.688 257.385 96 532.497 250.433 100 392.650 262.146 117 659.853 309.833 119 261.757 353.092 120 616.964 214.472 123 716.072 241.593 136 699.916 308.077 138 469.029 444.451 144 684.497 237.404 149 612.003 237.030 168 494.082 430.397 172 431.156 207.899 178 163.807 292.491 179 499.356 205.407 180 148.379 305.726 181 183.620 305.474 193 708.758 230.247 196 746.308 441.578 214 424.207 450.066 223 683.780 241.299 226 669.832 195.307 229 491.862 477.371 232 685.214 245.508 235 186.280 332.645 243 500.753 216.260 248 386.014 267.345 249 500.621 466.912 252 672.271 214.401 255 698.937 248.254 256 574.285 250.010 257 694.402 253.008 258 657.644 398.361 259 535.553 205.272 260 262.805 210.483 261 456.513 215.121 262 488.691 221.172 263 399.814 223.012 264 526.735 227.772 265 380.496 264.556 266 294.125 271.757 267 242.776 278.432 268 359.919 280.638 269 145.070 291.394 270 669.352 301.754 271 709.043 308.949 272 714.519 313.152 273 682.259 390.080 275 660.655 391.222 276 639.516 392.226 277 700.301 445.799 278 468.722 453.856 279 727.637 194.735 280 440.139 223.958 281 138.826 302.483 282 564.147 330.973 283 63.275 345.396 284 66.705 354.166 285 136.908 380.211 286 161.223 443.410 288 501.142 473.125 289 27.180 176.115 290 501.802 211.350 291 231.725 220.007 292 340.190 222.731 293 340.190 222.731 294 391.528 236.451 295 564.952 236.829 296 513.616 237.693 297 198.391 256.527 298 151.298 280.884 299 327.686 334.636 301 382.956 341.332 302 691.662 382.370 303 135.272 441.947 304 745.513 449.509 305 409.539 458.377 306 482.777 220.240 307 597.831 239.389 308 618.662 260.317 309 473.980 263.962 310 541.521 265.348 311 141.500 284.153 312 128.885 311.152 313 440.842 456.629 315 30.300 262.646 316 610.847 268.088 317 145.746 274.564 318 82.650 319.039 319 701.578 320.388 320 393.180 231.294 321 57.847 362.487 322 445.834 211.334 323 206.619 360.770 324 206.619 360.770 325 283.405 383.535 326 283.405 383.535 327 632.974 443.398 328 232.225 442.021 329 251.656 284.108 330
42 0.9900723645999779 0.02673063817584019 0.1357848015097984 -0.024589826388404873 -0.8492133915031642 -0.1076749580563968 -0.303873889313536 42 image_000042.jpg
 649.720 308.735 1 424.491 351.339 4 565.141 341.088 5 289.995 560.271 10 414.519 349.149 15 466.525 511.713 17 368.592 509.422 23 434.639 518.692 26 501.642 312.755 29 635.872 315.888 39 108.530 297.386 42 462.271 309.112 48 465.639 344.760 52 622.098 315.189 55 642.550 310.467 56 318.518 389.574 57 544.303 399.503 60 489.369 326.601 78 508.927 316.389 94 455.829 333.388 95 499.005 342.404 100 610.492 324.209 108 393.607 366.313 117 608.309 387.604 119 571.516 299.161 123 504.453 285.391 129 652.055 312.357 131 657.204 311.100 132 662.468 309.963 133 619.006 322.352 134 632.471 486.442 141 594.851 320.939 148 629.700 313.408 149 439.344 364.194 151 635.437 482.793 153 637.372 498.914 154 509.987 483.538 162 429.104 550.507 163 525.827 508.466 171 462.246 517.558 172 474.917 304.637 180 650.924 304.186 196 690.840 521.740 214 629.435 322.031 222 448.192 356.990 225 629.210 317.121 226 454.446 330.113 230 457.829 564.369 232 592.612 398.844 244 497.431 518.910 246 475.515 314.395 248 388.178 370.863 249 533.156 337.526 257 502.653 300.790 260 465.543 320.392 263 329.754 382.895 267 442.293 541.032 279 523.408 415.846 283 129.973 452.139 284 465.014 559.586 289 475.943 310.092 291 461.239 320.169 307 420.290 544.585 315 124.011 398.988 332 123.600 451.022 336 24.563 384.107 338 37.753 385.369 374 252.304 371.501 392 434.147 543.491 395 691.757 540.494 405 380.072 561.345 406 305.244 540.845 412 433.585 422.628 429 634.655 471.447 433 289.995 560.271 439 461.239 320.169 457 532.115 414.581 458 588.331 295.227 463 365.988 342.022 464 253.438 386.270 478 596.671 324.291 484 459.161 315.272 491 520.176 342.595 504 646.462 313.457 506 665.714 312.454 508 619.532 475.472 509 294.177 397.309 521 662.840 536.053 524 602.406 462.755 526 443.282 549.361 529 425.368 346.746 543 229.344 432.157 549 510.518 415.871 550 603.203 471.656 551 603.203 471.656 552 500.267 303.323 553 625.727 398.042 557 594.267 470.913 559 628.034 484.194 561 336.397 507.248 562 17.734 292.808 564 17.734 292.808 565 534.023 312.157 566 248.172 386.191 568 609.562 462.284 574 557.599 470.394 575 251.750 434.441 585 255.729 374.121 592 255.729 374.121 593 247.588 379.384 598 222.872 396.413 599 553.178 335.503 610 576.005 399.174 611 553.370 408.874 612 622.433 419.404 613 452.869 546.980 614 505.530 291.441 615 555.920 338.325 616 423.878 486.926 617 511.914 498.951 618 642.133 467.768 619 493.600 474.001 620 607.036 487.182 621 668.816 525.941 622 662.840 536.053 623 412.613 537.964 624 566.312 541.468 625 216.602 464.022 626 138.031 442.752 627 608.666 323.035 628 215.571 403.143 629 448.414 516.332 630 448.414 516.332 631 462.246 517.558 632 509.430 509.961 633 477.787 512.543 634
43 0.975841958317305 0.17354501189306382 -0.12505550265325757 0.04444914145692303 -0.14340101167714353 0.007652102298911701 -0.045713884864475 43 image_000043.jpg
 697.543 218.282 1 528.389 343.020 26 235.052 134.173 34 514.087 186.080 47 692.629 218.266 56 238.484 136.841 62 712.497 363.399 74 567.989 222.086 99 579.488 221.325 100 694.385 223.286 135 686.472 339.515 154 686.619 343.081 155 673.240 339.088 174 698.641 339.431 175 556.028 187.508 180 677.856 266.398 211 719.814 354.297 214 503.964 354.532 223 669.693 330.624 245 583.307 345.633 246 369.219 360.728 251 537.493 227.897 310 272.358 194.447 392 554.011 342.171 393 679.162 326.559 401 691.760 264.189 425 637.808 272.789 428 295.289 335.554 476 276.216 193.465 490 696.159 221.184 506 713.780 220.616 507 302.391 295.546 537 276.233 196.840 592 724.013 348.158 596 703.678 365.310 635 703.678 365.310 636 698.641 339.431 637 503.964 354.532 638
54 0.9445704015199411 0.0702433737818465 -0.2949590765346762 0.12590374782019167 -0.18419584564026106 -0.03663157730326315 -0.10943393559597635 54 image_000054.jpg
 231.685 407.631 1 51.560 388.853 3 25.650 361.670 14 30.775 356.460 36 156.035 354.728 46 60.703 356.305 48 59.003 389.181 52 157.649 398.496 54 225.989 407.146 56 195.694 361.050 76 175.888 405.671 105 45.993 398.124 106 199.915 410.078 108 235.058 454.133 111 51.853 356.779 113 32.778 376.095 115 190.465 455.530 119 107.124 350.044 129 214.646 351.785 147 207.325 527.278 153 206.573 538.088 154 206.199 542.186 155 215.563 362.625 164 162.003 396.740 168 220.598 538.546 175 73.007 357.274 180 248.906 460.016 182 205.145 456.907 211 242.163 556.993 214 226.592 393.081 216 188.004 410.759 220 152.630 357.597 228 216.118 413.510 235 191.811 415.045 241 230.968 463.151 273 240.920 561.854 305 241.734 569.039 405 233.004 396.839 422 185.110 392.559 423 186.255 522.435 454 195.819 525.650 462 184.082 382.432 463 67.746 394.922 483 187.655 406.636 484 246.282 560.018 489 193.598 519.795 509 222.660 563.600 524 191.592 433.373 538 228.299 533.446 539 204.446 466.668 557 94.049 347.569 640 203.603 381.375 674 212.423 356.443 676 207.339 391.387 677 59.305 401.473 678 200.834 456.631 679 233.714 557.633 680 246.692 387.825 681 237.633 557.913 682
60 0.9873708463763532 0.131816900683937 -0.08238898773960422 0.030580573840675487 -0.29867161105872486 0.03749099411034127 0.0097765338816267 60 image_000060.jpg
 745.542 287.472 1 639.982 310.227 5 412.787 287.884 15 494.338 293.556 52 711.646 289.560 55 392.877 293.103 67 490.161 301.832 97 520.685 300.101 98 527.891 300.007 99 546.952 298.151 100 741.956 295.901 135 721.315 288.938 149 384.853 235.895 202 515.045 300.457 204 722.653 300.219 235 596.299 299.492 257 638.027 321.847 317 377.314 267.928 321 578.886 302.694 505 480.144 325.435 516 291.380 472.112 595 728.420 287.728 644 705.769 267.590 677 480.144 325.435 683
63 0.9915691104309513 0.1249298526298669 -0.005961907483941932 0.03387746121157357 -0.4137761893550087 -0.014951561358031228 -0.07945838879247932 63 image_000063.jpg
 735.653 302.247 1 561.530 305.958 3 526.795 304.527 4 473.046 369.333 6 514.708 301.207 15 674.120 289.446 18 690.075 296.573 24 448.279 292.266 25 604.438 283.189 29 747.620 432.725 33 653.372 258.557 45 531.187 271.992 47 568.101 305.674 52 712.691 303.450 55 730.234 302.626 56 502.490 304.261 67 751.782 470.059 74 592.002 294.075 78 591.984 253.774 84 496.013 316.008 85 534.636 267.789 93 651.416 360.126 112 622.599 282.738 114 488.132 310.113 116 492.438 313.187 117 699.052 357.519 119 697.838 263.528 121 668.183 283.430 123 437.178 309.002 125 557.709 307.494 126 746.920 304.894 133 702.358 424.812 139 719.123 303.237 149 686.919 307.118 150 457.502 322.936 152 721.443 430.170 153 721.924 445.748 155 664.612 299.447 168 515.106 368.794 183 454.651 375.417 184 494.737 423.866 185 473.018 455.656 207 761.687 459.547 214 729.475 286.975 216 692.151 282.029 217 689.878 311.489 220 689.878 311.489 221 628.906 371.156 227 650.968 261.466 228 720.031 310.573 235 695.796 315.181 241 702.506 430.282 245 577.586 280.605 248 705.819 352.134 271 698.102 419.358 276 439.373 366.030 301 484.258 373.505 302 759.276 466.136 305 535.547 274.936 323 154.436 335.660 333 106.628 256.134 337 83.231 339.041 341 115.961 344.246 342 133.166 454.335 349 106.363 456.999 350 155.634 299.657 353 115.395 340.701 357 147.792 345.801 358 113.771 216.153 363 95.398 259.360 364 150.022 316.105 365 153.911 399.059 368 151.854 432.212 369 156.180 437.478 370 115.016 260.190 391 761.626 471.955 405 516.328 417.150 410 123.419 142.274 414 123.797 200.875 421 455.471 365.227 430 106.581 420.419 436 127.325 197.497 443 169.473 264.402 445 626.526 365.285 448 86.848 344.226 451 158.806 391.622 455 464.238 417.561 456 424.080 376.879 461 709.333 429.287 462 684.137 281.983 463 456.093 285.545 464 472.994 306.986 469 129.382 181.735 472 690.863 307.321 484 512.342 291.967 503 754.863 304.583 507 749.752 307.381 508 741.150 314.754 514 674.657 290.905 520 741.128 467.639 524 706.135 382.837 525 464.114 424.858 527 709.820 312.980 534 697.992 335.163 538 689.796 419.218 559 715.447 430.649 560 715.447 430.649 561 634.426 288.048 566 698.674 413.578 574 752.406 466.376 578 473.192 299.597 580 655.595 313.280 616 741.808 471.871 635 741.808 471.871 636 704.237 310.645 639 721.829 435.582 656 531.181 286.950 668 597.343 274.666 672 709.031 288.952 677 756.545 461.226 682 134.049 375.020 684 156.368 376.125 685 747.620 432.725 686 690.434 328.339 687 160.323 414.727 688 159.488 427.515 689 484.130 432.696 690 411.550 290.619 691 93.152 343.350 692 460.892 294.570 693
85 0.9954041126006707 0.09365872750115282 0.002932559498156587 0.019750938953919262 -0.5637040534652747 -0.09287749003868444 -0.5271738052526135 85 image_000085.jpg
 677.018 198.480 1 316.710 316.205 6 206.506 440.944 8 250.748 458.588 9 252.950 451.592 13 372.283 219.423 15 141.615 305.105 16 450.489 409.782 17 124.252 444.916 21 611.906 193.986 24 407.064 417.334 26 490.640 185.945 29 359.849 255.261 30 404.703 184.222 36 231.786 466.658 41 438.480 176.447 48 107.385 247.938 50 442.553 219.555 52 568.945 205.363 54 643.702 202.504 55 669.388 199.273 56 228.252 258.873 57 111.222 380.433 61 355.465 225.032 67 136.902 371.876 71 349.119 239.531 85 136.169 435.596 87 119.300 451.539 91 487.595 220.250 100 614.328 205.713 102 630.783 211.233 108 127.121 313.368 110 515.379 182.117 114 342.999 237.427 117 170.096 269.336 118 625.827 281.266 119 212.521 336.874 120 580.149 178.888 123 275.991 237.901 125 393.864 252.641 127 431.547 227.303 130 681.020 202.612 131 686.114 201.843 132 693.979 201.270 133 641.320 209.912 134 688.304 205.105 136 669.840 279.120 138 656.299 389.786 141 417.119 431.351 144 616.094 465.517 146 609.855 205.893 148 653.594 201.361 149 660.381 385.995 153 661.679 402.977 154 314.546 436.780 156 527.524 460.801 157 504.001 380.980 162 399.801 451.364 163 182.538 459.969 165 443.831 416.909 172 454.323 173.385 180 107.688 291.376 181 370.298 312.567 183 295.286 326.632 184 124.526 430.827 187 120.213 281.760 188 335.693 319.551 189 77.194 336.362 190 74.855 368.909 191 140.585 288.707 193 84.662 332.687 194 679.245 203.297 195 459.833 223.889 204 646.649 279.741 211 721.458 427.645 214 403.204 201.236 224 439.793 468.083 232 524.266 204.160 239 455.809 184.611 248 335.648 242.800 249 533.346 218.077 257 622.352 380.134 259 492.599 171.789 260 246.416 250.993 267 104.597 276.841 270 80.331 329.497 274 625.937 371.658 276 669.538 433.011 278 701.230 153.792 280 97.765 287.483 282 72.205 373.541 287 112.407 432.459 288 456.216 179.474 291 293.192 198.685 293 293.192 198.685 294 341.987 209.341 295 155.581 239.529 298 111.773 266.679 299 276.744 315.448 301 436.614 189.331 307 581.438 228.381 309 498.509 235.754 311 102.397 269.504 312 89.622 296.523 313 77.218 324.159 314 572.455 236.665 317 106.531 259.213 318 232.530 367.681 326 232.530 367.681 327 204.381 266.922 330 150.201 347.414 366 220.140 437.570 412 546.648 237.015 419 105.098 281.225 426 336.047 446.999 438 139.961 298.675 447 522.373 297.424 448 437.024 310.974 459 251.781 321.391 460 133.042 292.000 465 133.042 292.000 466 317.954 231.582 469 136.169 435.596 477 119.859 246.101 478 453.556 224.521 483 688.304 205.105 485 434.082 183.328 491 161.496 270.947 492 113.147 450.432 498 323.154 311.428 500 175.080 268.248 510 185.426 279.447 518 185.426 279.447 519 190.612 265.726 521 691.224 441.877 524 637.632 317.876 525 477.226 459.971 530 337.306 208.407 536 624.272 248.443 538 331.554 232.568 544 259.707 258.650 548 85.075 303.787 549 161.079 245.925 554 647.960 293.691 557 111.974 247.116 568 64.620 261.316 569 108.095 285.375 571 401.480 300.701 572 155.558 344.567 573 70.483 396.599 576 72.721 265.584 582 78.757 271.657 583 70.588 305.750 584 123.703 307.959 585 57.716 340.001 586 57.716 340.001 587 118.868 432.698 591 62.232 395.914 602 60.330 411.610 603 56.293 439.207 605 73.366 398.277 609 498.990 160.867 615 391.472 380.759 617 667.907 371.256 619 56.428 264.346 629 425.490 414.568 631 631.760 213.012 639 482.071 154.095 640 520.194 182.089 641 175.080 268.248 642 401.577 314.299 643 357.589 216.491 645 116.768 259.010 647 394.398 315.228 648 661.259 393.834 656 359.589 428.046 658 79.770 301.664 660 93.335 422.577 662 443.752 230.507 663 458.980 240.123 664 620.350 326.436 665 90.475 328.075 669 315.400 419.167 670 445.411 455.275 673 148.879 466.245 675 698.063 164.621 681 428.800 248.602 683 133.439 340.546 696 625.611 425.898 699 419.895 439.510 700 257.552 349.911 701 118.868 432.698 702 117.663 461.319 703 133.764 244.799 704 249.969 368.903 705 285.179 366.274 706
97 0.9718587354529433 0.09764900855119173 -0.2022439997687866 0.07108193776305197 0.10636821462154233 -0.010124634192719785 0.006340853656515294 97 image_000097.jpg
 718.205 364.432 1 572.317 360.720 3 399.376 508.773 10 549.427 339.083 14 329.702 392.471 16 669.016 351.591 18 523.262 369.160 20 669.714 370.340 22 449.598 314.381 28 608.083 342.998 29 546.263 329.688 47 577.335 360.933 52 713.833 364.371 56 694.542 381.392 90 624.926 343.220 114 509.316 364.775 117 568.980 362.281 126 626.765 362.205 128 712.686 480.544 154 682.057 371.049 220 682.057 371.049 221 537.478 495.366 223 365.427 310.019 261 427.559 363.813 267 416.465 493.015 412 635.121 348.466 566 580.863 368.932 663 430.598 372.218 707
38 0.9839071236224507 0.10067402375264209 -0.13435235967769338 0.06116325126745001 -0.16340607874977658 -0.04298553678618722 -0.21113899661775792 38 image_000038.jpg
 470.771 300.080 2 479.722 300.335 3 421.603 297.056 4 642.373 323.277 5 402.272 289.939 15 656.226 282.273 18 408.479 278.308 19 390.518 315.724 20 452.022 519.348 26 443.772 254.552 36 624.202 233.119 46 431.099 245.095 47 401.116 258.910 49 489.483 300.585 52 634.698 300.851 54 381.610 295.092 67 525.650 282.891 78 371.380 312.689 85 473.205 282.449 95 449.253 308.206 96 484.910 308.228 97 701.463 313.553 108 575.645 267.966 114 694.744 386.910 119 550.716 233.320 129 476.847 308.199 130 693.890 313.451 137 649.836 499.768 140 462.928 535.086 144 538.738 575.879 145 510.616 557.876 166 592.972 316.064 167 642.097 296.904 168 503.641 249.655 180 635.863 550.218 201 544.531 589.655 209 686.459 515.281 219 682.993 316.580 220 472.267 277.252 230 409.592 488.523 237 584.791 293.599 239 676.196 396.935 244 506.329 571.549 289 496.967 519.823 393 503.261 307.782 483 692.443 351.993 538 529.590 557.858 540 638.661 517.447 541 387.160 406.400 542
16 0.9725477787748106 0.1034984687552793 -0.19222559330527747 0.08054948373793022 0.01642211503413779 -0.053861477915769465 -0.3187113364970543 16 image_000016.jpg
 518.612 220.058 2 464.470 214.675 4 450.254 193.441 19 497.213 458.539 26 489.742 169.192 36 683.746 154.035 45 683.746 154.035 46 477.232 157.988 47 539.402 221.169 52 695.882 227.449 54 420.832 210.482 67 766.819 266.466 90 533.697 229.042 97 347.590 237.297 107 680.169 322.290 112 711.081 441.353 140 544.898 461.273 172 448.583 480.999 223 641.164 217.503 239 737.671 332.204 244 603.597 466.475 246
109 0.9933239633205214 0.08848200392979218 0.07331372770118622 0.010174498651931619 -0.6258616348645162 -0.10724282967153315 -0.4873137874247273 109 image_000109.jpg
 555.222 205.237 3 402.545 335.869 6 186.343 327.265 16 515.981 159.976 36 566.965 204.206 52 291.479 265.343 57 151.049 421.740 61 452.243 215.871 67 142.295 409.660 77 152.359 492.674 82 444.637 234.561 85 179.963 490.484 87 627.091 203.035 100 548.817 151.656 113 350.883 238.043 125 843.145 180.168 134 619.187 535.447 145 797.415 176.514 148 521.220 232.274 151 875.944 423.398 153 877.957 447.437 154 652.834 418.267 162 513.164 513.658 163 779.234 451.703 176 147.752 311.661 181 472.713 329.495 183 375.171 350.657 184 114.025 449.521 186 166.510 484.454 187 162.510 298.881 188 427.544 340.118 189 185.491 306.550 193 742.452 498.964 201 621.711 119.921 203 351.521 353.895 212 514.399 182.753 224 868.107 235.487 236 427.710 239.839 249 868.107 235.487 253 291.034 187.585 261 143.755 293.642 270 116.146 358.948 274 824.699 404.342 276 890.229 489.586 278 152.579 486.651 288 372.953 185.539 293 112.709 318.411 300 352.223 336.246 301 558.737 164.629 307 127.299 317.683 313 112.265 352.457 314 146.580 271.987 318 296.806 404.259 326 296.806 404.259 327 36.356 355.007 346 197.126 379.432 366 144.480 299.160 426 756.726 299.397 428 137.729 538.729 442 676.997 305.208 448 560.630 325.998 459 328.584 357.345 461 211.572 287.887 474 164.258 469.945 476 535.813 511.903 529 745.694 453.432 541 103.122 366.900 558 153.176 256.729 568 104.608 441.664 576 107.529 281.034 582 114.949 288.703 583 106.070 329.778 584 93.726 427.960 589 164.646 238.449 592 164.646 238.449 593 103.808 270.287 599 87.953 495.262 605 208.918 401.426 607 642.230 122.932 615 758.482 506.814 625 101.743 374.817 626 757.374 443.813 650 190.430 455.970 661 130.195 473.950 662 805.961 528.760 666 127.494 390.567 667 746.844 506.096 671 948.715 486.384 680 803.232 222.385 687 415.945 449.167 690 20.652 350.793 698 825.626 480.163 699 328.080 381.128 701 160.254 487.029 702 158.497 523.239 703 178.639 252.232 704 319.030 406.375 705 363.760 402.095 706
93 0.9953253969143806 -0.006994454240679039 -0.07586477128301168 0.05935455727670411 -0.3220843189232129 -0.3299307261349935 -0.8038672244773922 93 image_000093.jpg
 449.164 171.427 3 373.645 154.625 19 400.450 419.116 26 394.647 476.884 27 611.297 96.572 45 457.077 122.614 48 343.588 172.599 67 324.456 186.822 117 247.606 401.839 142 387.845 469.371 163 743.615 217.041 253 580.220 174.288 257 412.542 456.066 279 464.355 487.577 289 454.322 138.050 307 285.561 485.964 406 283.103 507.754 441 247.197 372.125 456 245.699 384.740 527 373.471 395.917 533
26 0.9883629030558153 0.09432458754828685 0.11676279599342515 -0.024659626872838892 -0.32318471259544324 0.06472453771026794 0.2562079879845342 26 image_000026.jpg
 823.742 400.405 4 949.337 401.429 5 781.613 458.343 6 709.868 547.990 10 572.086 358.483 11 572.086 358.483 12 747.683 541.192 13 813.707 397.924 15 651.300 450.167 16 878.701 514.174 17 955.785 377.247 18 816.237 390.647 19 653.415 539.413 21 789.051 511.718 23 969.575 382.711 24 754.270 394.966 25 850.933 519.188 26 888.123 377.452 29 838.676 519.017 31 569.553 360.398 34 728.646 522.559 40 975.737 342.935 44 934.105 351.635 45 934.105 351.635 46 825.589 372.010 47 618.195 412.975 50 860.987 398.193 52 944.046 389.393 54 993.780 386.540 55 1009.879 384.676 56 712.456 420.969 57 635.730 498.389 61 619.943 415.415 66 802.305 401.749 67 621.904 451.957 68 653.841 493.218 71 1012.443 482.881 72 731.596 543.615 73 972.055 348.543 76 629.800 492.558 77 599.734 474.380 81 642.318 534.606 82 797.573 411.826 85 670.858 514.558 86 660.283 533.261 87 657.997 468.904 92 897.376 379.880 94 974.355 388.772 102 985.529 434.888 119 908.084 538.389 122 949.634 372.228 123 746.356 409.727 125 830.286 420.585 127 995.375 493.609 139 988.013 336.438 147 999.539 385.887 149 969.022 391.559 150 633.178 432.065 159 947.877 387.158 168 738.373 525.693 177 633.178 432.065 179 631.754 435.103 188 805.388 498.016 192 647.992 439.855 193 789.353 531.951 207 753.255 466.317 212 982.868 483.740 213 1007.963 371.557 216 972.819 394.685 220 972.819 394.685 221 931.816 354.580 228 978.192 398.053 241 652.134 458.844 243 974.610 441.415 244 867.505 376.193 248 967.724 351.723 250 881.978 542.159 252 886.691 383.777 265 825.636 382.969 281 867.594 373.150 291 1012.443 482.881 303 953.800 402.796 309 579.978 428.324 316 617.590 419.888 318 595.282 485.437 322 669.112 476.788 324 502.561 312.403 331 540.095 438.177 355 600.251 459.279 361 600.488 492.222 367 588.272 532.526 371 588.272 532.526 372 646.408 553.275 373 552.177 441.727 378 557.685 479.885 380 590.677 484.189 381 555.509 428.873 385 562.131 441.231 386 586.955 525.202 389 505.051 402.452 391 1006.051 494.663 401 978.465 500.019 402 738.495 539.783 403 492.099 427.567 407 650.892 483.826 408 824.601 496.599 410 723.042 533.562 412 981.416 531.675 413 502.561 312.403 414 493.256 422.831 415 500.925 332.508 417 500.925 332.508 418 935.826 362.189 420 505.794 355.787 421 1013.742 374.185 422 967.455 379.376 423 958.122 390.483 424 1013.671 430.895 425 620.481 434.339 426 646.734 434.875 427 956.115 443.246 428 839.903 451.768 429 766.845 455.699 430 819.424 458.679 431 559.464 474.984 432 622.381 499.207 434 868.572 522.274 435 511.089 523.958 436 894.456 534.083 437 709.868 547.990 439 810.292 552.999 440 636.937 558.274 442 508.322 353.275 443 745.212 380.097 444 537.232 398.572 445 544.531 438.681 446 648.607 446.152 447 918.887 445.951 448 903.083 451.783 449 973.112 457.981 450 492.360 467.381 451 647.834 481.877 452 650.892 483.826 453 992.567 495.478 454 539.067 498.002 455 778.299 499.845 456 855.099 379.300 457 862.732 454.624 459 734.878 461.195 460 740.407 467.223 461 964.936 370.105 463 760.391 388.289 464 642.093 441.840 465 642.093 441.840 466 637.936 484.241 467 637.936 484.241 468 777.538 405.775 469 550.643 434.059 470 983.023 494.334 471 508.521 340.740 472 744.191 399.207 473 664.893 430.354 474 645.147 477.347 475 647.124 522.317 476 660.283 533.261 477 627.522 412.107 478 815.048 520.641 479 572.316 376.438 480 796.996 378.378 481 775.107 370.848 482
50 0.9615527418035104 0.1144789782172131 -0.232895509850496 0.08983631412410056 0.10565574752866239 -0.05642981634056485 -0.4085354128484342 50 image_000050.jpg
 442.804 222.653 4 196.578 458.726 10 459.627 192.085 14 431.916 204.220 19 468.776 465.481 27 687.160 176.731 35 464.332 185.214 36 622.476 177.633 45 622.476 177.633 46 454.759 175.571 47 502.078 184.074 48 426.880 186.067 49 505.329 229.764 52 632.164 238.276 54 719.747 247.861 56 392.018 127.720 64 392.018 127.720 65 406.529 218.171 67 641.855 306.193 69 390.525 138.703 75 673.531 185.641 76 399.249 233.608 85 688.536 272.236 90 98.262 299.345 92 345.057 239.216 107 106.091 287.552 160 637.483 236.186 168 729.403 244.011 196 400.462 163.452 202 705.945 465.720 208 717.199 228.015 216 671.591 214.437 217 686.606 213.081 218 676.231 259.705 241 35.478 158.326 392 79.576 325.409 408
52 0.9966327202703162 0.05610411956566814 0.056872009465091626 0.018469567265751705 -0.6435767870926739 -0.13715171027485099 -0.44634818235071877 52 image_000052.jpg
 414.915 315.725 4 616.015 317.574 5 340.613 415.225 6 267.310 568.518 9 268.946 560.585 13 401.305 311.019 15 477.375 519.482 17 406.309 299.198 19 633.433 309.287 22 335.093 510.971 23 431.013 526.544 26 386.489 353.328 30 190.809 573.629 32 435.857 273.869 36 579.067 308.659 38 474.563 311.452 52 384.149 316.959 67 762.427 563.843 74 209.653 565.559 79 377.178 333.506 85 681.560 323.995 90 167.416 434.377 92 536.615 281.073 94 460.680 296.834 95 438.541 323.066 96 498.057 315.774 98 504.824 315.229 99 522.670 312.303 100 631.009 298.987 101 683.757 301.110 109 461.688 268.280 113 553.715 270.213 114 370.242 331.288 117 671.799 378.768 119 520.214 566.489 122 422.363 349.522 127 554.384 306.229 128 530.545 241.164 129 463.479 320.408 130 733.161 291.485 131 668.954 302.462 137 325.199 513.625 142 442.039 542.719 144 506.949 583.872 145 437.488 333.274 151 709.262 495.679 153 710.810 515.395 154 710.673 522.748 155 333.035 546.249 156 173.687 423.059 160 537.258 487.971 162 423.071 564.217 163 484.026 565.099 166 470.460 527.374 172 413.450 267.435 178 771.761 370.845 182 395.753 411.573 183 362.599 495.483 185 140.141 535.150 187 363.714 484.702 192 163.655 385.416 193 670.908 298.339 197 604.706 555.509 201 492.153 316.685 204 460.382 291.163 230 465.396 583.775 232 469.346 572.164 234 707.070 345.047 236 561.379 295.154 239 651.714 390.755 244 677.914 497.676 245 521.314 529.623 246 216.457 558.713 251 707.070 345.047 253 720.657 303.196 256 571.397 310.228 257 528.417 259.961 260 335.441 352.914 269 739.540 381.931 273 102.268 427.957 274 670.524 479.690 276 441.038 554.496 279 122.745 384.520 282 92.380 473.312 287 128.271 537.846 288 476.134 578.535 289 561.379 295.154 296 374.718 558.323 306 468.683 279.273 307 598.513 296.274 308 458.055 330.289 310 532.992 328.823 311 99.690 421.295 314 411.106 557.179 315 612.814 330.525 317 131.985 354.184 318 180.483 444.966 324 180.483 444.966 325 634.624 546.389 328 195.174 537.465 329 29.752 426.756 346 13.267 454.816 362 431.416 544.870 394 696.233 417.494 398 327.595 560.518 404 235.775 545.034 412 454.436 548.116 416 621.264 393.703 428 708.584 482.718 433 458.893 534.993 435 354.952 558.777 438 357.538 586.784 440 557.847 396.213 448 569.068 405.023 458 691.110 496.454 462 327.078 297.783 464 373.253 529.476 479 486.130 317.343 483 741.556 294.232 485 477.499 551.482 488 392.892 526.918 501 726.642 292.093 506 335.562 407.291 513 239.313 438.096 515 459.223 345.800 516 208.448 375.438 518 208.448 375.438 519 561.071 488.901 523 323.325 499.051 527 369.222 500.559 528 441.606 564.862 529 505.178 575.742 530 166.007 522.926 532 412.370 507.762 533 749.685 504.353 539 497.969 565.764 540 608.487 519.974 541 732.468 334.308 546 108.997 400.492 549 525.215 262.838 553 696.755 392.397 557 655.396 478.098 559 86.945 535.430 563 90.432 357.062 569 429.231 399.387 572 175.541 444.068 573 671.467 469.601 574 605.929 475.772 575 764.477 557.757 578 95.084 403.389 584 146.001 405.082 585 80.083 438.818 587 685.234 445.406 588 70.416 500.670 590 134.278 538.257 591 107.891 411.367 594 145.928 388.882 600 145.928 388.882 601 80.633 497.384 602 77.764 514.607 603 77.764 514.607 604 178.598 466.454 607 178.598 466.454 608 90.375 499.406 609 597.997 309.913 610 629.137 390.271 611 690.280 418.247 613 457.620 562.125 614 534.851 248.690 615 540.323 506.737 618 516.240 474.706 620 750.416 548.920 622 743.923 560.677 623 400.164 548.231 624 616.790 562.337 625 89.189 442.365 626 450.328 524.477 630 450.328 524.477 631 470.460 527.374 632 536.957 522.610 633 492.635 522.658 634 745.183 568.098 635 734.479 515.271 637 517.483 241.280 640 557.502 270.699 641 199.075 363.763 642 429.501 413.768 643 710.795 288.525 644 385.248 309.164 645 516.033 313.159 646 142.227 353.338 647 421.965 414.913 648 329.068 509.254 649 617.118 510.788 650 729.813 556.627 651 208.841 559.562 652 18.084 404.936 653 165.897 435.227 654 13.267 454.816 655 709.998 504.145 656 621.475 508.400 657 380.285 537.194 658 245.377 543.008 659 103.759 398.314 660 161.003 511.228 661 109.737 526.392 662 475.452 324.589 663 490.884 334.113 664 665.072 428.544 665 653.073 580.951 666 109.435 454.390 667 422.538 291.648 668 112.183 426.373 669 333.349 529.421 670
111 0.9797921649626523 0.1199402249982044 -0.1472355204360747 0.0627961889799783 -0.1712068362928834 -0.0015449199094240951 -0.04634759607803425 111 image_000111.jpg
 426.753 283.154 4 570.340 301.145 5 438.691 260.443 14 415.459 278.255 15 419.475 270.156 19 521.148 288.726 37 434.133 249.315 47 634.641 289.788 56 219.186 294.507 58 550.562 344.133 60 114.982 187.799 63 574.443 336.581 69 627.052 398.518 72 656.227 453.507 74 496.880 274.717 78 391.601 211.890 80 395.055 293.317 85 610.496 309.065 90 461.332 273.404 95 507.082 290.048 100 172.480 327.240 110 527.241 264.498 114 390.610 289.699 117 604.064 342.983 119 265.867 355.042 120 573.614 267.692 123 409.211 275.768 124 352.111 298.774 152 442.142 452.218 163 641.031 426.691 175 481.425 252.000 180 641.056 286.435 196 618.003 343.017 211 625.305 296.594 235 481.750 260.374 248 610.771 337.628 271 453.430 445.747 279 467.065 262.358 307 634.774 353.007 320 156.754 252.273 392 38.025 121.747 417 38.025 121.747 418 50.092 134.930 472 160.679 251.600 490 413.087 268.566 503 581.635 344.696 556 646.051 451.651 623 638.449 449.330 651 431.792 265.401 668 291.678 261.153 709
91 0.9339569718436019 0.17354885890535768 -0.2978242642520259 0.09437089278656946 -0.08391469329271511 -0.0043636500072098405 -0.5801876200608572 91 image_000091.jpg
 87.817 30.011 5 42.248 9.187 38 195.402 28.215 39 203.967 23.697 56 229.764 302.604 74 104.785 16.861 104 217.588 30.831 131 223.993 31.490 132 209.618 33.765 135 226.159 35.650 136 176.524 237.918 141 186.135 21.791 149 128.291 19.568 150 181.847 234.342 153 181.477 252.851 154 181.147 260.052 155 151.067 22.720 197 171.256 111.696 211 244.466 285.504 214 185.110 26.691 226 16.955 117.285 227 143.148 35.762 241 148.381 232.860 245 188.178 287.095 278 95.291 35.072 309 245.086 306.420 405 198.399 111.463 425 90.247 115.981 428 162.140 232.760 462 226.159 35.650 485 235.282 36.773 508 212.374 297.374 524 78.452 44.237 545 258.954 115.447 555 231.347 296.541 578 212.102 67.823 581 230.485 287.456 680
65 0.9795127448647054 0.03732783576412866 -0.17590765504903766 0.09065272604300116 -0.023273254585692474 -0.006545102856256129 -0.04003260580139836 65 image_000065.jpg
 275.227 539.502 7 279.153 524.346 16 612.323 490.986 18 479.100 484.425 19 500.615 620.219 26 500.718 645.482 27 335.608 639.587 79 457.362 503.466 85 277.867 620.842 87 591.092 501.626 88 637.600 521.051 90 284.118 547.117 92 554.649 643.340 122 607.485 485.220 123 577.595 508.544 167 626.453 562.529 169 524.675 621.694 172 640.647 619.772 174 664.733 620.717 175 626.961 510.106 220 475.710 631.739 223 609.681 557.370 233 519.588 478.553 307 465.789 555.875 542 475.710 631.739 638 435.960 619.372 670 628.795 633.628 694
3 0.9675918571665694 0.15380670084931597 -0.18944526651496457 0.06496147768785458 -0.012581420166150915 -0.007864994999303501 -0.0995690013651053 3 image_000003.jpg
 66.061 419.660 7 12.271 260.306 11 12.271 260.306 12 195.813 526.055 13 314.603 346.536 14 291.987 363.562 15 69.110 403.572 16 295.745 355.766 19 450.681 383.283 22 15.509 262.983 42 310.325 335.598 47 343.966 339.356 48 291.359 343.981 49 500.706 377.300 56 97.442 377.081 58 421.576 428.602 60 278.904 365.983 67 272.640 377.647 85 313.824 331.516 93 388.103 356.319 94 336.084 359.514 95 321.704 375.939 96 344.079 376.341 97 363.287 376.378 98 367.973 376.542 99 379.842 376.272 100 449.623 376.882 101 465.569 377.205 102 360.952 378.831 103 448.500 379.550 104 452.941 379.642 105 334.998 381.013 106 237.115 382.066 107 476.042 382.468 108 479.138 382.559 109 50.462 408.861 110 512.469 423.750 111 428.244 429.254 112 335.885 340.344 113 399.288 351.990 114 321.590 360.931 115 263.657 371.577 116 268.384 374.473 117 97.442 377.081 118 471.675 428.096 119 145.451 437.014 120 470.910 338.439 121 384.292 533.342 122 443.016 355.756 123 285.302 361.633 124 206.032 367.226 125 335.914 372.712 126 309.142 391.173 127 401.642 372.854 128
92 0.9830655663857333 0.08932795993468383 -0.1445003364681121 0.06871866093909157 -0.13472203595929624 -0.124970010306951 -0.6647112472200931 92 image_000092.jpg
 108.560 314.133 7 206.063 450.713 8 269.397 471.562 9 197.796 472.145 10 271.278 463.556 13 459.952 475.842 27 550.400 211.894 29 715.433 250.452 39 699.065 246.101 55 124.410 257.569 59 399.805 233.681 67 483.353 196.907 113 733.229 250.374 131 744.856 250.392 133 727.066 253.332 135 719.287 432.991 154 719.636 439.079 155 453.762 470.178 163 431.526 190.989 178 385.349 403.809 185 732.726 250.619 195 707.465 250.096 226 500.496 488.001 232 711.458 254.416 235 70.625 435.890 288 461.358 463.230 395 42.230 376.246 434 267.175 323.748 460 93.670 340.280 475 140.957 256.923 492 414.566 217.019 503 71.674 259.769 570 141.098 216.179 597
88 0.9622212311549367 0.2378416323547416 0.1325047949127958 0.002033087739966241 -0.2753013148280363 -0.007017106617005241 0.21420853002668155 88 image_000088.jpg
 712.982 292.832 9 599.178 154.783 11 599.178 154.783 12 787.318 175.623 14 772.059 188.064 15 674.090 295.575 32 910.147 253.481 72 929.447 288.478 74 896.565 153.270 76 760.282 197.916 85 651.878 281.855 87 876.913 171.181 123 768.569 186.992 124 806.580 227.942 161 911.693 151.473 164 890.184 228.535 169 890.184 228.535 170 919.263 271.125 175 907.886 288.304 242 892.738 155.720 250 814.627 170.389 291 728.960 176.662 293 728.960 176.662 294 757.097 183.720 295 820.869 183.592 297 722.310 231.079 301 935.259 285.580 305 804.775 175.107 307 625.855 201.575 318 757.777 180.957 321 660.461 242.767 324 552.846 117.654 331 598.806 206.449 377 936.295 289.440 405 552.846 117.654 414 867.218 163.252 420 833.598 229.422 449 645.105 246.017 452 637.995 247.637 468 659.323 209.832 474 598.940 168.692 480 761.754 173.167 481 921.809 287.332 524 719.508 263.202 595 628.617 191.326 598 933.545 282.026 682
25 0.99045911408433 0.13537371424620873 -0.0120573593196478 0.022788677200998753 -0.21053759650988974 0.017871157649202767 0.062215841044348706 25 image_000025.jpg
 599.273 464.032 9 555.147 465.276 10 489.885 351.981 16 747.713 434.277 17 839.551 289.809 18 686.896 295.489 19 677.467 318.127 20 488.310 453.481 21 648.513 427.836 23 855.278 296.565 24 615.391 295.609 25 700.462 274.655 47 683.202 283.665 49 826.859 302.225 54 894.557 301.308 56 469.120 406.477 61 671.612 305.955 67 889.442 406.325 72 920.146 458.333 74 462.262 399.363 77 551.783 463.318 79 475.675 448.062 82 666.054 316.962 85 496.927 446.668 87 483.325 458.397 91 777.800 288.508 94 726.230 295.670 95 769.454 308.757 100 788.101 283.660 114 862.317 264.813 121 777.407 460.481 122 833.876 283.211 123 773.723 263.118 129 724.356 447.344 144 711.824 318.590 151 890.527 435.965 155 737.135 275.226 158 468.878 330.127 159 784.500 415.615 162 713.970 460.384 163 831.656 300.143 168 858.236 369.339 169 743.627 438.498 172 903.691 431.811 175 589.194 441.229 177 468.878 330.127 179 749.541 310.065 204 774.084 478.093 209 893.162 287.382 216 856.437 309.838 221 671.204 371.678 231 692.084 420.076 237 854.128 262.997 250 831.879 449.667 254 666.129 284.847 264 724.348 453.939 279 749.821 468.593 289 459.064 293.030 392 744.451 437.803 393 719.069 449.649 394 718.576 455.222 395 419.158 245.707 396 790.904 366.702 397 880.363 376.808 398 468.583 401.894 399 838.051 406.704 400 881.865 418.151 401 853.753 422.582 402 588.721 456.529 403 644.131 458.397 404 667.275 468.213 406 342.567 309.815 407 487.818 390.254 408 923.733 404.793 409 690.094 412.479 410 881.809 426.933 411 571.234 449.523 412 853.271 456.496 413 355.949 170.201 414 343.646 304.542 415 734.044 449.791 416 353.209 195.795 417 353.209 195.795 418 811.189 322.953 419 819.701 271.159 420
110 0.9849266993432092 0.15496481502372453 -0.06190004584676578 0.04553773624357325 -0.3455843537764692 0.0036705247773227805 0.06460539172207166 110 image_000110.jpg
 283.868 425.026 13 462.304 437.559 27 186.210 435.641 32 67.057 177.265 50 240.117 209.049 57 160.100 212.212 58 762.215 436.926 74 708.240 204.718 134 675.499 452.673 146 333.167 215.099 152 720.607 379.990 153 720.703 395.709 154 720.547 401.881 155 456.408 431.274 163 628.986 427.387 201 775.619 421.666 214 692.818 380.421 245 372.299 203.418 266 197.432 205.953 268 510.752 444.924 289 666.678 380.345 402 775.571 439.729 405 385.639 441.850 406 241.501 408.283 412 664.237 431.874 413 385.459 456.071 441 108.128 299.737 475 782.669 426.801 489 188.912 211.347 521 766.441 420.222 535 71.147 165.540 598 631.632 431.876 671 762.402 423.497 680 769.024 423.505 682 756.633 383.904 686 338.990 172.860 693 475.609 419.924 700 269.946 216.182 707 776.586 388.736 708 255.719 164.045 709
44 0.9834552259776773 0.1029734363096507 -0.1345646001431673 0.06406759972571961 -0.16970800509483988 -0.10868051913108057 -0.6818780302638433 44 image_000044.jpg
 445.085 90.086 14 417.652 103.517 19 90.964 336.498 21 452.329 359.839 27 539.887 96.181 29 680.742 59.523 35 449.211 83.013 36 593.598 132.141 38 237.518 364.569 41 486.858 79.414 48 717.616 128.713 56 150.161 143.286 58 120.688 145.006 59 68.344 261.970 61 392.433 118.526 67 55.887 178.745 68 236.287 350.797 73 524.755 108.894 78 166.481 130.234 83 82.205 343.857 91 475.247 107.411 95 371.244 126.222 116 377.743 129.818 117 207.430 222.802 120 404.230 110.269 124 292.352 123.595 125 722.347 135.868 135 463.213 335.086 144 702.720 128.979 149 82.428 147.003 159 125.294 203.093 160 171.285 356.342 165 628.098 121.413 168 733.551 317.769 175 82.428 147.003 179 378.739 288.622 185 89.237 320.759 187 78.159 151.465 188 15.683 209.001 190 107.544 162.621 193 728.071 133.523 195 178.223 141.946 210 669.151 275.311 213 705.484 137.249 235 576.496 117.834 239 504.093 90.280 248 532.953 105.056 265 20.629 201.597 274 9.427 250.655 287 70.274 321.581 288 502.842 368.257 289 504.693 85.477 291 375.989 102.523 295 65.045 132.398 299 378.782 96.316 321 122.262 229.166 366 73.916 361.643 373 372.419 365.789 406 718.476 198.411 425 410.641 215.744 431 96.152 164.629 466 70.637 342.530 498 170.620 156.479 518 170.620 156.479 519 369.009 293.879 531 370.749 98.664 536 375.989 102.523 567 283.774 282.755 595 183.436 69.013 606 683.777 137.365 639
9 0.9875883550396696 0.11699397045791925 -0.09124949931927713 0.05152861487882004 -0.27806979881520943 -0.09056084171925566 -0.6661894120520467 9 image_000009.jpg
 107.181 214.282 16 89.230 374.154 21 547.345 109.313 29 447.628 99.913 36 734.037 144.829 39 145.058 174.653 58 389.058 139.892 67 102.128 290.699 71 161.310 161.020 83 103.603 363.978 87 81.677 381.060 91 544.933 146.639 100 754.512 143.946 131 746.747 147.578 135 421.335 92.146 178 80.808 180.972 179 503.984 93.224 180 59.579 195.845 181 789.246 219.668 182 408.319 238.006 183 312.259 249.077 184 375.356 321.006 185 22.041 322.953 186 88.209 357.838 187 76.714 185.780 188 366.159 244.519 189 17.772 246.256 190 17.054 284.572 191 375.350 310.754 192 104.540 195.353 193 28.705 242.910 194 753.535 144.624 195
21 0.9640270429623956 0.08698381633945798 0.24383352226316132 -0.06025700569179542 -0.5458126008677873 -0.029969180716253402 -0.21457986718287164 21 image_000021.jpg
 821.006 316.751 16 901.499 485.173 32 827.701 388.234 71 823.787 472.090 91 833.565 347.866 92 849.409 275.300 118 837.329 335.484 160 774.641 307.367 181 715.469 361.765 285 858.843 199.916 292 673.754 269.952 316 725.701 323.145 319 708.846 370.149 322 489.726 41.733 331 694.684 285.683 332 561.897 305.762 333 627.848 329.885 334 706.945 350.886 335 706.945 350.886 336 474.279 197.925 337 617.781 272.763 338 667.474 272.812 339 698.135 305.282 340 449.237 312.475 341 499.015 317.273 342 699.266 321.048 343 701.117 343.024 344 714.920 351.034 345 731.267 354.540 346 720.398 440.056 347 744.034 443.097 348 543.861 474.178 349 496.083 480.367 350 723.428 491.092 351 655.891 186.460 352 558.658 256.866 353 557.577 271.860 354 580.441 277.850 355 630.216 303.748 356 497.527 312.287 357 553.153 320.755 358 581.288 322.614 359 632.036 326.627 360 718.768 326.782 361 726.267 383.264 362 482.756 144.696 363 460.755 201.706 364 552.257 279.417 365 839.203 361.205 366 719.156 382.022 367 570.996 395.220 368 571.782 443.356 369 579.365 449.922 370 693.709 452.426 371 693.709 452.426 372 819.813 490.430 373 628.464 273.720 374 662.734 247.801 375 662.734 247.801 376 664.470 267.718 377 610.152 287.811 378 620.585 299.548 379 622.051 354.480 380 698.359 367.472 381 698.359 367.472 382 682.643 419.872 383 703.979 453.695 384 617.506 265.102 385 633.031 289.224 386 586.959 324.862 387 603.745 374.717 388 689.871 437.600 389 620.762 375.157 390 488.070 202.521 391
103 0.9775250241266115 0.10433082773569478 -0.1710812426776806 0.06550665335133732 -0.07259802124587152 -0.036872076406666475 -0.22002248311820316 103 image_000103.jpg
 176.557 355.245 16 615.222 300.474 18 469.447 472.152 26 646.101 260.977 35 641.106 261.529 44 591.760 264.936 46 452.670 272.884 47 494.512 312.994 52 599.323 314.136 54 583.643 377.958 60 409.226 321.438 85 180.783 476.985 87 649.038 338.583 90 466.015 318.700 96 591.586 377.962 112 404.950 318.507 117 607.365 293.686 123 539.450 264.995 129 688.310 323.535 136 671.058 455.814 153 670.816 467.640 154 671.062 473.039 155 512.791 499.984 166 634.733 395.032 169 654.245 468.707 174 401.258 387.334 189 536.202 325.304 198 411.311 265.924 202 510.349 318.518 204 652.669 282.176 229 502.465 505.027 234 637.974 329.493 241 399.024 322.030 249 665.781 354.831 253 136.450 277.871 392 674.531 374.087 425 407.266 495.073 438 334.042 271.437 444 173.331 349.352 447 688.310 323.535 485 558.837 322.924 504 695.325 323.319 508 330.057 452.766 562 182.069 384.486 654 612.112 462.086 657 296.470 287.169 691 639.026 485.234 694 712.712 462.330 708
