# Image list with two lines of data per image:
#   IMAGE_ID, QW, QX, QY, QZ, TX, TY, TZ, CAMERA_ID, NAME
#   POINTS2D[] as (X, Y, POINT3D_ID)
# Number of images: 236, mean observations per image: 10.271
0 0.9999373050168017 0.009926015343789821 0.0040325821459112334 0.0032561610659855604 -0.007762614723723672 0.02095587179758869 -0.00939687358717332 0 image_000000.jpg
 332.914 170.064 0 117.292 193.309 1 120.512 193.979 2 273.926 193.945 3 273.926 193.945 4 194.504 196.968 5 153.558 202.607 6 509.573 223.662 7 475.883 252.543 8 520.152 259.672 9 266.346 278.899 10 226.098 285.820 11 503.519 299.993 12 291.360 357.984 13 196.352 360.290 14 334.938 166.926 15 482.625 191.008 16 122.895 196.944 17 128.167 208.587 18 517.385 218.419 19 146.490 233.960 20 203.681 237.752 21 482.657 256.400 22 506.959 299.977 23 336.691 178.629 24 205.242 190.294 25 357.485 226.464 26 208.454 277.124 27 190.609 356.584 28 196.258 356.484 29 218.474 207.756 30 206.356 212.429 31 128.133 226.655 32 165.701 230.789 33 138.520 242.150 34 473.165 243.426 35 143.405 248.011 36 337.175 167.941 37 125.586 205.428 38 125.586 205.428 39 185.341 206.062 40 211.229 207.757 41 290.127 190.909 42 290.127 190.909 43 151.990 252.841 44 500.607 274.256 45 511.810 281.272 46 511.810 281.272 47 347.936 268.839 48 347.936 268.839 49 371.629 269.638 50 371.629 269.638 51 340.913 203.984 52 169.188 188.564 53 493.325 211.464 54
12 0.9741339564822645 -0.041306903023969915 0.2196339893935787 -0.03343190163532861 -0.1432362613810132 0.08915843117730088 0.32584720982211535 12 image_000012.jpg
 569.388 337.091 0 442.644 374.679 25 395.463 443.888 44 590.244 445.593 48 590.244 445.593 49 616.765 443.912 50 616.765 443.912 51 580.469 370.994 52 757.529 360.210 54 584.576 399.989 63 765.092 385.329 78 407.544 417.342 93 589.828 423.533 95 643.464 444.671 98 594.344 349.699 102 560.427 443.929 105 491.438 417.311 155 574.854 383.579 156 640.459 396.780 176 640.459 396.780 177 515.182 368.232 223 771.088 383.126 234 527.540 444.996 272 388.508 422.172 283 399.276 376.451 307 656.874 437.336 308 466.564 448.235 309
111 0.9826323834451103 -0.025590909017012727 0.1821455777939054 -0.02452930911762709 -0.28422783804783985 0.026644433502385642 0.21796111065348292 111 image_000111.jpg
 387.111 214.565 0 167.053 264.914 1 561.934 297.514 8 315.484 346.933 10 176.666 280.080 18 570.340 301.145 22 415.459 278.255 26 255.180 349.305 27 237.214 439.130 28 265.531 270.929 30 212.743 301.057 33 186.556 315.917 34 559.173 285.829 35 191.080 321.790 36 174.742 277.576 38 174.742 277.576 39 257.959 270.688 41 595.826 321.204 45 611.060 328.158 46 611.060 328.158 47 339.528 256.142 60 322.178 255.954 61 172.386 306.792 64 301.410 350.187 67 341.874 251.824 69 337.406 252.043 71 285.830 270.245 72 590.539 267.704 78 317.118 260.355 79 378.733 296.829 81 278.317 299.487 82 207.010 306.805 84 186.743 308.976 85 213.036 296.826 93 395.055 293.317 94 305.762 330.903 107 314.294 294.778 111 293.766 295.279 112 294.551 297.629 114 354.000 255.051 120 461.332 273.404 121 260.074 296.340 123 335.782 296.628 124 208.392 297.945 126 205.482 300.085 129 173.083 302.911 130 370.036 345.498 134 302.403 346.477 135 240.052 252.173 143 225.483 269.983 144 209.278 294.878 145 174.001 310.561 146 191.368 313.798 151 367.700 348.058 152 237.268 306.087 153 302.592 298.629 155 625.490 321.658 157 625.490 321.658 158 353.543 427.317 163 340.478 221.568 166 430.559 221.996 168 254.224 265.822 175 602.540 278.171 178 300.030 292.458 180 287.645 297.707 183 169.210 302.611 188 375.766 345.220 192 245.085 260.031 201 293.757 263.939 203 364.313 291.012 206 570.513 297.382 207 265.867 355.042 210 607.036 252.565 219 573.614 267.692 226 434.564 287.308 231 391.601 211.890 232 597.391 266.478 233 597.391 266.478 234 244.770 270.163 237 353.543 427.317 239 260.074 296.340 247 285.568 316.132 251 242.754 257.101 260 572.432 259.009 261 169.379 272.099 263 273.655 354.490 264 373.320 344.697 265 373.320 344.697 266 564.213 295.266 268 289.730 323.797 270 530.212 272.636 278 223.888 297.457 280 385.448 297.767 284 205.482 300.085 293 289.730 323.797 304 612.348 253.805 310 308.499 350.154 319 625.305 296.594 320 208.392 297.945 335 608.799 280.387 338 564.232 289.422 339 322.058 284.544 340 444.933 297.413 341 640.508 344.957 343 446.819 257.808 349 291.202 270.734 351 291.202 270.734 352 609.517 296.272 353 287.558 296.689 355 169.210 302.611 357 324.254 398.742 361 625.457 253.035 363 305.037 343.758 364 572.694 265.292 367 257.785 278.140 370 569.927 285.580 380 291.678 261.153 381 317.124 269.192 383 363.062 268.357 385 595.826 321.204 387 609.554 218.798 390 291.678 261.153 391 549.327 213.159 394 305.311 346.146 396 565.547 294.692 401 431.792 265.401 403 244.770 270.163 406
179 0.9928224172689858 -0.05246861839916663 0.10650686136459492 -0.014386867007803283 -0.06102316597625204 0.03319196524104921 0.13773316454919168 179 image_000179.jpg
 407.891 252.721 0 123.210 302.725 1 126.688 303.400 2 326.867 291.840 3 326.867 291.840 4 220.863 302.261 5 168.030 313.203 6 669.629 315.165 7 619.038 361.752 8 687.714 368.961 9 317.143 411.715 10 262.092 423.495 11 350.713 525.642 13 220.544 530.789 14 410.649 248.681 15 626.500 269.365 16 130.118 307.380 17 136.142 322.743 18 681.213 306.470 19 159.137 355.990 20 232.851 357.475 21 629.234 366.770 22 668.520 430.749 23 413.802 263.718 24 234.522 291.826 25 443.795 331.440 26 238.893 411.779 27 212.864 525.818 28 220.397 525.690 29 251.924 314.993 30 236.781 321.326 31 134.513 347.560 32 182.288 350.363 33 148.352 367.753 34 614.346 347.668 35 154.296 376.407 36 413.793 249.427 37 133.024 319.170 38 133.024 319.170 39 209.112 314.245 40 242.790 314.698 41 348.785 284.757 42 348.785 284.757 43 164.819 382.693 44 657.866 392.774 45 675.682 401.585 46 675.682 401.585 47 429.911 395.472 48 429.911 395.472 49 464.166 395.091 50 464.166 395.091 51 420.981 296.712 52 190.292 295.409 53 644.477 296.079 54 605.808 259.314 55 672.830 270.093 56 591.385 265.011 57 666.122 326.404 58 719.844 359.242 59 348.760 301.011 60 325.792 300.169 61 341.020 302.714 62 426.318 334.752 63 129.602 355.314 64 169.398 387.815 65 213.699 398.968 66 298.290 415.758 67 172.728 419.661 68 351.030 295.399 69 345.672 295.383 70 345.672 295.383 71 279.438 315.546 72 235.207 313.137 73 147.050 345.205 74 225.284 357.837 75 396.346 415.572 76 192.293 399.541 77 651.166 327.462 78 319.613 305.391 79 607.911 359.926 80 398.111 352.634 81 270.653 351.197 82 255.161 357.807 83 175.866 356.910 84 148.525 360.058 85 232.720 398.262 86 191.182 419.774 87 623.049 257.739 88 613.352 266.899 89 633.006 311.606 90 228.381 284.390 91 593.575 359.026 92 184.395 345.672 93 420.315 348.622 94 431.297 366.839 95 481.503 389.683 96 498.269 397.489 97 498.269 397.489 98 515.958 410.722 99 515.958 410.722 100 323.385 407.879 101 437.177 272.957 102 464.628 369.161 103 391.043 392.219 104 391.043 392.219 105 303.313 392.526 106 303.313 392.526 107 140.064 320.023 108 128.777 322.034 109 624.165 342.808 110 316.323 347.568 111 289.971 346.868 112 318.818 349.949 113 290.133 349.971 114 130.324 347.286 115 326.468 374.080 116 256.162 417.458 117 362.103 555.203 118 673.443 293.223 119 366.631 300.672 120 499.311 327.463 121 367.139 350.508 122 245.236 346.525 123 343.344 350.524 124 312.573 350.039 125 178.254 346.383 126 261.858 349.927 127 229.958 349.216 128 175.057 349.003 129 130.812 350.620 130 550.362 385.178 131 412.219 388.141 132 486.579 405.322 133 385.927 411.834 134 299.612 411.164 135 541.808 422.333 136 591.691 423.248 137 655.704 426.529 138 553.075 433.012 139 462.708 534.545 140 417.654 248.867 141 336.730 288.573 142 220.002 290.789 143 200.501 312.222 144 179.535 342.647 145 131.396 361.476 146 451.822 410.841 147 367.872 549.307 148 365.329 571.081 149 121.444 293.831 150 155.221 365.174 151 382.633 415.215 152 216.485 357.603 153 291.811 430.467 154 301.192 351.510 155 413.241 313.094 156 692.041 393.583 157 692.041 393.583 158 659.008 434.964 159 659.008 434.964 160 366.928 448.648 161 366.928 448.648 162 364.894 514.097 163 498.434 369.610 164 601.002 262.768 165 349.185 258.340 166 605.349 266.559 167 449.433 264.043 168 336.546 277.423 169 683.918 287.731 170 219.120 283.352 171 615.946 295.139 172 556.872 307.662 173 164.712 302.178 174 238.453 308.302 175 498.094 334.121 176 498.094 334.121 177 667.795 340.481 178 618.937 345.306 179 296.683 343.722 180 554.045 350.111 181 325.059 350.230 182 281.840 349.918 183 261.858 349.927 184 614.257 358.169 185 486.803 356.835 186 144.880 349.323 187 124.856 350.499 188 249.348 386.082 189 287.955 401.789 190 420.416 407.878 191 393.357 411.995 192 613.818 418.565 193 233.491 414.361 194 377.051 421.790 195 247.259 421.640 196 668.248 293.746 197 340.349 291.190 198 356.631 291.161 199 370.806 292.394 200 226.818 301.076 201 383.184 307.201 202 289.629 307.973 203 657.565 317.098 204 453.440 327.432 205 379.690 344.847 206 628.757 361.717 207 288.143 396.928 208 683.726 418.417 209 251.701 420.318 210 552.331 432.016 211 156.657 425.415 212 374.718 544.427 213 409.083 259.627 214 418.600 259.650 215 587.615 268.953 216 623.765 273.187 217 666.062 305.966 218 272.391 357.563 220 668.429 276.066 221 413.954 271.148 222 334.455 288.816 223 214.900 287.743 224 404.109 303.922 225 631.952 326.371 226 138.708 327.869 227 632.738 381.532 228 683.137 431.556 229 359.277 304.079 230 466.881 344.010 231 413.793 249.427 232 659.850 326.013 233 659.850 326.013 234 596.744 265.565 235 635.341 270.061 236 225.757 313.938 237 674.589 324.983 238 364.894 514.097 239 599.983 258.757 240 198.900 317.980 241 261.799 346.790 242 266.117 347.036 243 323.589 418.380 244 121.486 299.766 245 140.064 320.023 246 245.236 346.525 247 247.262 349.426 248 257.013 349.637 249 213.401 348.809 250 278.492 372.731 251 233.430 406.287 252 356.754 417.892 253 198.514 342.966 254 124.935 346.453 255 130.812 350.620 256 306.437 411.378 257 197.074 420.115 258 579.762 488.717 259 223.216 297.761 260 630.534 316.213 261 208.479 408.430 262 127.276 311.682 263 261.677 419.658 264 389.972 411.296 265 389.972 411.296 266 647.847 429.768 267 621.034 359.325 268 324.940 384.274 269 283.324 383.259 270 640.517 402.488 271 346.243 390.960 272 346.243 390.960 273 672.860 275.800 274 516.058 421.807 275 411.249 275.266 276 370.755 296.045 277 581.306 330.525 278 163.282 346.615 279 199.379 346.109 280 334.152 349.884 281 363.088 350.558 282 157.906 352.086 283 406.629 353.547 284 589.385 354.671 285 705.317 362.284 286 329.939 421.499 287 596.161 423.255 288 230.849 551.137 289 310.689 306.969 290 454.860 331.324 291 151.870 344.875 292 175.057 349.003 293 717.094 362.561 294 717.094 362.561 295 691.055 304.514 296 730.231 331.518 297 314.672 477.465 298 208.781 393.514 299 561.628 427.545 300 334.239 399.490 301 621.034 359.325 302 355.003 396.392 303 283.324 383.259 304 369.091 383.959 305 368.757 415.138 306 171.145 294.150 307 516.177 387.699 308 263.141 391.877 309 677.442 312.100 310 524.366 421.119 311 631.845 390.018 312 661.586 300.786 313 621.885 297.282 314 481.503 389.683 315 231.517 403.652 316 227.855 403.620 317 389.003 306.944 318 306.401 416.275 319 691.097 363.595 320 351.682 261.195 321 672.860 275.800 322 292.393 408.544 323 440.108 476.675 324 346.627 260.941 325 1005.648 386.738 326 453.436 527.674 327 592.914 429.494 328 351.030 295.399 329 1004.287 422.107 330 1004.823 428.477 331 1014.845 455.148 332 390.315 350.978 333 228.252 346.315 334 178.254 346.383 335 367.872 549.307 336 447.844 566.115 337 674.036 343.370 338 621.404 351.918 339 326.476 334.871 340 479.154 356.613 341 229.531 343.343 342 710.371 421.935 343 365.329 571.081 344 362.224 574.712 345 468.181 337.816 346 459.048 527.538 347 367.026 554.623 348 482.263 308.657 349 405.102 316.962 350 285.832 316.947 351 285.832 316.947 352 675.357 362.390 353 641.313 361.076 354 281.915 347.911 355 323.562 373.787 356 124.856 350.499 357 678.505 293.360 358 586.319 357.208 359 438.021 422.855 360 327.774 477.304 361 610.176 355.591 362 691.698 311.483 363 303.965 408.138 364 195.648 349.300 365 448.774 362.338 366 630.775 323.964 367 623.038 248.156 368 705.317 362.284 369 243.073 323.955 370 436.571 327.693 371 511.794 414.575 372 213.166 533.448 373 333.141 421.795 374 700.476 484.038 375 398.303 407.505 376 439.321 543.554 377 222.989 346.538 378 193.244 405.243 379 627.315 348.267 380 286.518 304.441 381 592.700 357.473 382 319.760 315.903 383 428.934 539.478 384 377.980 317.037 385 441.324 310.504 386 657.866 392.774 387 357.276 280.518 388 1004.287 422.107 389 672.830 270.093 390 286.518 304.441 391 227.686 305.472 392 448.975 345.728 393 593.433 259.012 394 476.518 331.148 395 302.817 410.748 396 357.421 422.167 397 587.615 268.953 398 507.039 327.960 399 497.673 354.836 400 623.288 358.393 401 621.520 490.103 402 463.225 316.369 403 588.370 423.487 404 691.055 304.514 405 225.757 313.938 406
190 0.9952265909896335 -0.045430578437707765 0.08602845525030271 -0.007694285829317155 -0.0850614503922382 0.05854988245591483 0.23112141873121111 190 image_000190.jpg
 391.217 324.822 0 190.536 357.008 1 583.212 407.378 9 326.420 435.276 10 565.850 449.990 12 195.473 360.213 17 199.439 370.888 18 579.595 364.815 19 199.335 388.212 32 212.219 408.433 36 219.721 413.252 44 405.806 422.879 48 405.806 422.879 49 429.071 423.589 50 429.071 423.589 51 399.367 358.930 52 236.816 351.971 53 554.887 357.643 54
103 0.9861678749680474 -0.031771056258298146 0.16007385810662098 -0.028980851901589742 -0.1959689750872071 0.010885888212659879 0.025505555811130884 103 image_000103.jpg
 148.962 292.219 1 151.983 292.518 2 232.342 287.703 5 319.575 382.187 10 601.724 240.786 16 160.482 309.000 18 179.755 337.714 20 604.981 330.362 22 643.351 387.853 23 261.508 298.242 30 159.499 331.079 32 591.615 313.779 35 176.557 355.245 36 403.997 231.853 37 158.037 305.728 39 421.404 363.028 48 154.717 338.590 64 342.528 276.754 70 170.526 328.596 74 625.270 293.203 78 171.579 340.833 85 409.226 321.438 94 421.030 337.746 95 452.197 338.924 103 164.278 306.547 108 154.129 308.273 109 317.739 324.131 111 362.418 280.846 120 341.592 325.949 124 314.391 326.652 125 192.718 330.643 129 303.971 382.340 135 570.870 383.683 137 198.222 325.025 145 440.895 376.412 147 231.146 270.760 171 269.243 328.384 184 388.160 379.923 192 591.586 377.962 193 246.528 387.038 194 338.639 273.127 198 572.092 242.789 216 607.365 293.686 226 633.262 292.669 234 237.957 297.236 237 147.660 289.795 245 164.278 306.547 246 310.508 381.950 257 152.829 299.741 263 623.527 387.074 267 359.713 325.272 282 192.718 330.643 293 348.965 246.013 321 343.384 245.964 325 349.162 276.384 329 290.763 298.083 351 587.124 320.896 362 291.183 287.241 381 320.410 295.863 383 353.466 262.698 388 462.048 303.207 395 572.092 242.789 398 567.783 384.104 404 237.957 297.236 406
17 0.9922876669882194 -0.005808947848100149 0.12352060638768932 -0.00860822254613653 -0.10065345386854443 0.00715453137200154 0.04180943405504902 17 image_000017.jpg
 155.834 217.700 1 158.995 218.286 2 243.283 216.412 5 195.671 227.334 6 604.085 269.648 8 246.052 421.061 14 161.805 222.006 17 167.579 235.495 18 613.582 274.712 22 648.552 332.729 23 254.745 207.555 25 168.036 257.576 32 179.275 276.381 34 600.504 257.569 35 184.325 283.363 36 164.999 232.241 38 194.085 289.153 44 656.644 306.642 46 656.644 306.642 47 581.355 182.905 57 161.831 265.506 64 360.671 210.654 69 178.194 255.703 74 247.597 267.235 75 286.779 261.054 82 274.537 267.040 83 179.448 268.578 85 601.121 183.975 89 210.548 256.874 93 420.595 258.464 94 440.804 189.803 102 160.582 234.258 109 305.981 259.308 114 276.499 320.853 117 655.330 207.289 119 353.401 259.840 124 251.667 258.968 128 163.786 260.999 130 541.251 291.383 131 415.684 294.405 132 392.154 315.820 134 533.824 324.880 136 578.685 325.985 137 163.627 269.727 146 154.328 209.224 150 184.808 274.251 151 239.248 267.173 153 315.301 261.017 155 670.740 300.078 157 670.740 300.078 158 639.726 337.293 159 639.726 337.293 160 372.716 407.301 163 594.576 184.006 167 549.289 221.057 173 600.879 266.574 185 483.958 265.565 186 398.804 315.713 192 365.393 206.811 199 386.493 254.679 206 613.335 270.149 207 662.619 321.548 209 272.053 323.325 210 578.915 185.996 216 610.292 190.220 217 289.238 266.839 220 408.436 218.596 225 417.714 168.651 232 588.460 177.046 240 154.124 214.699 245 237.134 258.705 250 295.185 280.495 251 223.807 253.427 254 158.345 257.440 255 163.786 260.999 256 222.442 323.232 258 158.726 225.751 263 654.916 192.091 274 191.429 256.695 279 371.064 259.926 282 410.701 262.652 284 254.295 439.872 289 182.429 255.680 292 328.569 374.053 298 517.551 324.278 311 253.952 307.968 316 250.542 308.084 317 361.283 179.310 321 654.916 192.091 322 309.185 312.423 323 441.043 374.153 324 356.023 179.142 325 958.068 292.494 326 453.357 419.253 327 579.442 330.728 328 360.671 210.654 329 956.387 323.766 330 956.568 329.944 331 965.276 355.169 332
50 0.9953163596175089 -0.023722198454462884 0.09322345919994246 -0.009591575265453027 -0.03149905762199146 -0.02645108444044994 -0.19809635845481546 50 image_000050.jpg
 52.341 178.043 1 56.371 178.837 2 626.115 252.298 8 702.687 261.518 9 319.260 435.829 13 60.256 183.259 17 67.438 200.853 18 696.230 192.291 19 637.866 258.579 22 183.784 166.985 25 81.826 253.308 34 621.302 237.088 35 64.076 196.652 38 64.076 196.652 39 101.347 270.380 44 669.357 288.329 45 689.714 298.683 46 689.714 298.683 47 410.975 286.587 48 399.040 179.838 52 406.529 218.171 63 319.586 173.103 69 312.495 172.989 70 312.495 172.989 71 613.617 250.571 80 82.493 243.587 85 399.249 233.608 94 264.664 283.408 106 264.664 283.408 107 72.595 198.179 108 59.056 200.103 109 632.013 231.221 110 281.991 234.013 113 331.760 470.628 118 687.160 176.731 119 490.013 212.103 121 310.070 234.999 124 178.285 232.299 128 112.814 230.960 129 548.752 278.684 131 475.848 299.901 133 359.655 306.518 134 258.741 304.877 135 551.718 331.411 139 335.909 488.202 149 89.526 250.262 151 250.525 327.351 154 707.395 290.540 157 707.395 290.540 158 334.912 422.898 163 622.476 177.633 172 79.166 231.661 187 54.640 232.787 188 326.290 168.411 199 352.466 229.159 206 637.428 253.034 207 697.779 317.728 209 346.222 457.312 213 381.231 184.251 225 334.912 422.898 239 50.448 174.752 245 72.595 198.179 246 158.181 231.526 250 182.175 297.783 252 54.808 228.164 255 267.547 305.114 257 138.721 314.313 258 581.668 395.710 259 215.045 314.435 264 364.145 305.547 265 364.145 305.547 266 289.043 273.735 269 314.034 280.471 272 314.034 280.471 273 98.138 228.052 279 294.868 316.734 287 276.884 380.524 298 110.766 169.035 307 175.731 295.279 317 251.182 301.613 323 331.904 491.965 345 454.857 222.692 346 138.058 231.621 365 298.387 316.965 374 373.418 300.913 376 421.257 457.227 377 169.422 229.413 378 135.350 296.558 379 637.483 236.186 380
61 0.9961535665255163 -0.04416611275339901 0.07437433043276423 -0.013995529318944136 0.01802004828665489 -0.006486099016577586 -0.021393901232937492 61 image_000061.jpg
 124.606 239.363 1 171.760 250.300 6 327.172 352.366 10 229.041 472.862 14 138.985 260.103 18 690.176 249.361 19 239.565 296.617 21 678.684 372.223 23 425.220 204.019 24 241.554 229.352 25 455.426 271.028 26 246.443 352.098 27 221.019 467.821 28 228.813 467.729 29 259.990 253.565 30 243.709 260.516 31 187.790 288.772 33 151.455 306.458 34 158.286 314.367 36 424.768 189.914 37 215.217 252.738 40 250.186 253.244 41 359.697 224.442 42 668.071 334.480 45 432.338 238.495 52 438.387 274.593 63 308.919 356.454 67 355.661 234.677 70 151.995 297.404 85 234.533 222.451 91 188.973 284.300 93 142.460 257.466 108 635.096 284.596 110 299.555 288.460 114 336.843 313.690 116 264.928 357.792 117 682.235 235.780 119 353.753 289.390 124 562.672 326.317 131 397.899 352.465 134 308.914 351.188 135 603.732 364.454 137 566.005 373.699 139 225.926 228.393 143 133.314 298.707 146 378.819 513.200 149 701.053 335.422 157 701.053 335.422 158 626.082 237.097 172 245.224 245.420 175 639.800 303.243 207 424.768 189.914 232 668.958 269.023 234 231.317 249.999 237 204.032 255.932 241 142.460 257.466 246 263.744 287.945 249 132.762 288.992 256 316.320 351.608 257 592.836 429.819 259 230.128 234.726 260 641.073 257.871 261 421.976 214.780 276 418.869 293.023 284 340.607 361.887 287 467.345 271.148 291 670.755 243.743 313 316.373 356.629 319 467.919 469.304 327 361.500 234.784 329 1012.575 362.294 330 1013.012 369.234 331 700.149 253.615 363 525.185 355.592 372 221.522 476.128 373 710.654 425.324 375 453.895 485.724 377 199.614 344.727 379 367.800 218.953 388 1012.575 362.294 389
2 0.9781030375769746 -0.04502931262427795 0.20205109987696618 -0.02149766950563621 -0.24386251296867112 -0.03770457354931851 -0.13243240933716122 2 image_000002.jpg
 142.256 153.635 2 346.707 130.701 4 758.617 201.790 9 145.660 157.490 17 688.363 202.317 22 251.198 135.803 25 253.028 264.658 27 670.700 180.968 35 167.393 228.658 36 148.917 169.673 38 258.589 160.821 41 178.700 235.100 44 745.012 240.254 46 457.502 239.171 48 457.502 239.171 49 496.196 237.361 50 496.196 237.361 51 704.256 126.358 54 345.399 140.099 61 453.533 172.764 63 372.597 134.211 69 661.979 194.975 80 271.250 206.246 83 246.770 248.742 86 457.931 205.230 95 155.940 170.234 108 145.628 173.533 109 681.164 174.765 110 334.131 191.832 111 306.447 192.476 112 336.886 194.173 113 306.954 195.340 114 345.002 220.574 116 271.603 270.533 117 380.697 420.116 118 741.421 115.541 119 389.039 138.391 120 535.531 162.853 121 389.494 192.773 122 260.905 193.920 123 363.265 193.795 124 330.700 194.217 125 191.573 196.089 126 277.186 196.339 127 244.428 196.953 128 188.046 198.661 129 144.728 203.442 130 594.718 226.228 131 436.945 232.979 132 521.263 250.348 133 408.856 260.685 134 316.108 262.529 135 585.354 268.289 136 643.289 268.440 137 720.135 271.020 138 597.905 279.157 139 492.978 396.573 140 444.611 78.000 141 357.403 127.368 142 235.280 135.125 143 215.542 158.884 144 192.821 192.154 145 145.887 213.102 146 481.502 255.617 147 386.665 413.306 148 384.248 437.013 149 138.167 144.054 150 168.454 217.688 151 404.926 264.291 152 230.761 207.475 153 308.882 284.180 154 317.915 196.921 155 439.450 151.704 156 764.732 231.247 157 764.732 231.247 158 723.908 280.841 159 723.908 280.841 160 388.322 300.839 161 388.322 300.839 162 384.138 374.349 163 535.079 205.976 164
89 0.9973342108411862 -0.05339929265153606 -0.04857783846600957 -0.010638809935105593 -0.19131953852323172 0.023462642316622297 0.018786420214984122 89 image_000089.jpg
 25.454 337.687 3 25.454 337.687 4 12.546 422.995 10 253.040 330.461 16 277.235 436.880 23 95.857 321.136 24 278.354 368.495 58 24.259 343.353 61 103.481 369.397 63 19.697 346.614 79 245.410 329.457 89 106.335 391.568 95 132.075 393.767 103 33.845 335.514 142 94.881 354.055 156 294.683 413.344 158 238.113 326.336 165 44.936 314.544 166 240.972 328.730 167 157.517 371.382 176 157.517 371.382 177 22.468 378.785 182 280.740 347.392 197 36.669 337.298 198 272.842 363.200 204 92.370 317.500 214 99.856 318.246 215 230.038 329.900 216 250.798 333.717 217 278.920 355.943 218 95.782 325.980 222 31.977 335.705 223 88.186 348.530 225 254.661 368.770 226 287.541 437.407 229 202.070 434.417 300 55.650 424.745 306 249.582 348.923 314 224.465 435.640 328 45.866 341.129 329 486.079 432.258 330 486.170 436.498 331 19.566 468.489 361 254.158 366.340 367 98.206 511.601 384 486.079 432.258 389 230.038 329.900 398 164.145 367.007 399 156.842 384.823 400 247.410 388.906 401
3 0.9896525159952001 0.016390963428493475 0.14174637368810938 -0.015073040913869306 -0.13183898265124788 0.011038258141712286 0.1556874582879178 3 image_000003.jpg
 199.826 334.209 4 117.560 344.590 5 194.632 429.361 10 153.251 439.351 11 467.953 438.566 12 48.385 351.031 17 53.774 362.749 18 483.081 338.386 19 128.551 388.287 21 440.557 387.847 22 472.255 438.098 23 267.534 310.148 24 128.418 336.100 25 142.618 354.485 30 130.360 360.170 31 54.090 381.811 32 90.534 383.247 33 64.534 397.644 34 429.160 372.777 35 69.110 403.572 36 267.574 298.425 37 51.180 359.698 38 109.079 354.068 40 135.322 354.226 41 216.813 328.463 42 216.813 328.463 43 424.429 301.692 55 470.561 354.373 58 216.867 340.916 60 199.346 340.644 61 278.904 365.983 63 218.973 336.993 69 214.499 337.147 70 214.499 337.147 71 123.755 388.528 75 458.533 355.720 78 194.488 344.528 79 423.148 382.591 80 156.549 382.432 82 146.191 387.899 83 64.510 391.454 85 123.308 330.650 91 90.770 379.988 93 272.640 377.647 94 282.445 391.068 95 289.133 316.033 102 172.641 378.552 112 173.313 380.903 114 137.921 379.282 123 213.955 380.507 124 189.846 380.627 125 150.493 381.366 127 248.328 428.349 134 181.214 429.029 135 117.139 335.710 143 102.267 353.121 144 51.594 392.503 146 40.681 340.135 150 69.169 395.872 151 115.605 388.582 153 268.648 349.853 156 491.647 408.813 157 491.647 408.813 158 420.115 304.897 165 216.832 307.041 166 423.728 307.624 167 299.727 309.061 168 206.946 322.314 169 485.143 322.836 170 116.130 329.902 171 429.585 330.579 172 382.573 342.012 173 74.903 346.252 174 131.574 348.986 175 335.548 364.635 176 335.548 364.635 177 472.288 366.025 178 432.099 370.306 179 177.448 375.893 180 379.842 376.272 181 200.028 380.560 182 165.801 381.096 183 150.493 381.366 184 429.459 381.286 185 326.953 382.625 186 62.014 383.433 187 46.295 384.443 188 142.453 410.311 189 172.965 421.829 190 274.975 424.088 191 254.058 428.066 192 428.244 429.254 193 130.869 432.144 194 241.919 436.069 195 142.020 438.049 196 472.333 327.870 197 210.589 333.472 198 223.507 333.562 199 234.212 333.772 200 122.112 343.460 201 245.971 345.133 202 171.235 347.780 203 463.780 347.860 204 299.747 360.179 205 241.861 375.134 206 440.368 384.018 207 172.697 417.860 208 484.912 428.160 209 145.451 437.014 210 379.217 440.958 211 72.894 441.784 212 242.022 530.562 213 263.925 306.462 214 271.249 306.472 215 410.786 310.047 216 436.519 313.143 217 470.910 338.439 218 474.381 341.702 219 158.854 387.534 220 471.928 313.582 221 267.609 315.677 222 206.036 331.950 223 112.951 333.210 224 261.128 342.939 225 443.016 355.756 226 55.443 366.694 227 443.397 400.638 228 484.524 438.394 229 225.660 343.259 230 310.291 372.972 231 267.574 298.425 232 465.380 354.969 233 465.380 354.969 234 418.102 306.484 235 445.226 310.103 236 121.632 353.371 237 477.141 353.690 238 233.246 507.671 239
67 0.9868894536853684 0.003703898843258015 0.16133114106510216 0.002784751706781848 -0.22879001594052442 0.018751659091567917 0.18200342514752366 67 image_000067.jpg
 337.336 224.481 4 194.498 235.343 17 283.517 241.915 30 270.032 247.273 31 197.507 265.439 32 207.020 280.561 34 210.571 286.517 36 403.432 192.302 37 275.723 241.931 41 605.462 209.309 56 639.554 279.137 59 354.181 231.567 60 410.806 257.942 63 269.125 241.023 73 207.055 273.906 85 265.376 219.407 91 233.034 264.937 93 403.990 268.681 94 193.054 245.935 109 211.560 278.352 151 317.810 269.576 155 354.791 198.764 166 437.704 203.496 168 613.639 222.795 170 303.123 268.145 183 277.824 321.670 196 347.651 224.233 198 212.847 323.020 212 406.425 199.946 215 601.338 213.146 221 255.238 220.719 224 395.370 235.000 225 403.432 192.302 232 191.752 238.531 263 225.128 266.664 293 290.336 298.935 309 321.769 317.936 319 854.945 304.341 326 356.182 227.765 329 856.902 358.572 332 228.535 264.630 335 627.774 281.434 369 307.424 234.058 381 424.677 240.178 386 605.462 209.309 390 307.424 234.058 391 264.881 234.384 392 428.138 266.833 393
27 0.9730975560126224 0.01428237102849624 0.22982365723892823 -0.007631972701799847 -0.2630810552585288 -0.03301065686768982 -0.1597412857036536 27 image_000027.jpg
 406.403 99.058 4 322.170 104.979 25 697.908 141.566 35 251.052 188.911 36 429.324 101.995 69 423.815 102.345 70 423.815 102.345 71 352.788 160.813 82 492.214 151.657 94 707.062 135.802 110 395.992 154.857 111 371.546 155.683 112 398.807 157.355 113 444.190 106.925 120 445.038 155.501 122 421.363 156.618 124 392.887 157.488 125 346.268 159.617 127 268.059 162.400 129 231.160 166.954 130 441.424 315.034 163 637.547 102.513 173 346.268 159.617 184 698.034 152.357 185 469.751 215.746 192 418.814 97.845 198 435.527 97.777 199 448.068 97.198 200 713.029 155.832 207 339.197 228.544 210 437.559 110.277 230 441.424 315.034 239 403.750 224.320 244 340.474 159.729 249 302.927 160.692 250 466.630 215.124 266 591.951 222.427 275 448.274 100.895 277 670.370 150.060 285 676.130 221.285 288 319.829 351.275 289 389.023 115.123 290 529.768 131.658 291 268.059 162.400 293 811.759 153.169 294 811.759 153.169 295 388.173 222.861 319 429.324 101.995 329 520.683 365.036 337 693.836 150.030 362 784.576 99.162 363 385.228 214.472 364
11 0.9933153111318082 0.002590744772902364 0.11495142092597758 -0.010205719901032327 -0.10135787188859827 0.009171868949412099 0.20232118549416117 11 image_000011.jpg
 33.244 142.356 6 611.638 201.153 8 225.170 268.254 10 22.437 196.901 20 625.182 207.753 22 674.503 289.760 23 117.491 113.601 25 385.422 163.795 26 606.449 183.791 35 17.792 222.793 36 262.764 105.957 42 262.764 105.957 43 683.871 252.682 46 369.492 244.581 48 369.492 244.581 49 413.188 244.634 50 413.188 244.634 51 355.975 124.226 52 234.430 124.566 61 363.724 168.298 63 107.646 199.087 75 326.020 272.380 76 145.138 198.909 83 117.133 249.460 86 606.892 78.760 89 630.158 137.521 90 578.396 198.167 92 369.962 209.085 95 457.240 246.330 97 457.240 246.330 98 233.375 262.604 101 378.784 84.888 102 413.399 212.129 103 320.830 239.348 104 618.250 177.420 110 223.075 184.953 111 189.407 184.527 112 225.878 188.175 113 189.962 188.143 114 236.508 219.152 116 148.101 275.370 117 257.258 188.570 124 217.906 187.984 125 46.835 184.483 126 154.058 188.160 127 113.727 187.778 128 42.200 187.564 129 523.107 232.845 131 441.449 258.865 133 313.005 267.880 134 202.395 267.270 135 351.292 55.920 141 48.331 179.723 145 18.203 209.185 151 94.943 198.923 153 203.462 190.195 155 705.703 242.678 158 662.029 296.152 159 289.652 311.591 161 289.652 311.591 162 122.161 134.595 175 234.813 188.250 182 154.058 188.160 184 606.995 196.755 185 139.281 235.708 189 322.483 267.897 192 137.539 280.376 196 252.445 112.395 198 274.101 112.832 199 662.417 144.134 204 624.714 201.413 207 188.742 248.614 208 167.046 198.475 220 153.317 184.505 242 158.044 184.547 243 91.753 187.030 250 276.128 275.649 253 73.134 279.466 258 87.353 264.261 262 155.045 278.100 264 318.268 266.852 265 235.060 230.896 269 181.637 231.760 270 683.782 88.683 274 479.240 279.807 275 343.213 90.680 276 291.882 118.545 277 563.535 161.105 278 27.791 184.498 279 72.989 184.351 280 245.591 188.060 281 282.791 188.601 282 21.809 192.606 283 338.730 192.322 284 573.960 192.586 285 724.984 201.296 286 242.133 279.800 287 581.702 280.812 288 120.094 443.740 289 215.529 133.089 290 400.363 162.928 291 14.441 183.702 292 42.200 187.564 293 739.518 201.823 294 739.518 201.823 295 706.654 126.785 296 756.312 162.252 297 223.737 350.261 298 87.589 244.058 299 537.680 286.453 300 247.846 251.349 301 615.873 197.522 302 273.680 245.694 303 181.637 231.760 304 291.310 231.023 305 291.738 269.464 306
60 0.9651361479965375 -0.020937596563837823 0.257282108889413 -0.043355881597441026 -0.40046779412594313 0.04738700007367765 0.2903270608447751 60 image_000060.jpg
 693.067 240.711 7 628.119 305.304 8 412.787 287.884 26 622.072 288.424 35 384.718 247.832 52 392.877 293.103 63 307.793 254.844 69 301.927 255.607 70 301.927 255.607 71 231.341 285.581 72 362.854 392.452 76 669.670 257.551 78 612.873 304.206 80 361.209 317.226 81 326.652 318.022 122 467.912 371.764 133 595.964 384.882 137 347.611 392.391 152 377.314 267.928 156 305.509 209.801 166 290.157 234.535 169 688.244 272.945 178 546.952 298.151 181 622.649 301.009 185 690.716 213.467 197 341.754 309.910 206 381.675 204.141 215 612.226 191.056 216 377.069 218.529 222 644.790 259.765 226 680.179 255.460 233 680.179 255.460 234 697.302 253.468 238 630.532 302.144 268 322.698 318.369 282 590.711 299.683 285 426.318 286.053 291 683.147 223.900 313 351.929 263.302 318 722.653 300.219 320 308.740 212.987 321 697.070 189.423 322 307.793 254.844 329 443.159 292.896 346 457.127 254.972 349 368.220 274.175 350 364.229 382.060 376 637.486 286.676 380 238.304 272.460 381 594.704 302.875 382 340.183 277.213 385 410.417 262.902 386 680.578 339.874 387
15 0.9943912009078671 -0.026349588798503996 0.102272862364014 -0.005666222223495811 -0.13980046645303668 0.003524821732676996 0.01698966508232461 15 image_000015.jpg
 566.489 278.102 7 519.035 305.103 35 515.752 230.347 55 504.259 235.383 57 521.368 236.327 89 403.297 338.907 96 463.191 336.285 131 585.548 345.897 157 585.548 345.897 158 511.389 233.540 165 515.211 236.567 167 530.926 316.880 207 501.702 237.768 216 529.104 242.072 217 534.097 334.811 228 539.026 239.660 236 510.637 229.988 240 486.126 424.892 259 619.581 292.524 297 573.955 274.954 310 439.827 366.994 311 533.698 341.978 312 561.116 264.993 313 527.702 262.468 314 403.297 338.907 315
1 0.9268262947743686 -0.14716577228548147 0.32850992232350124 -0.10684798256609526 -0.022496331628532873 0.08854532684015412 0.2587735182406698 1 image_000001.jpg
 938.963 490.477 8 973.808 450.836 19 946.648 492.247 22 705.324 485.133 25 718.687 550.356 27 708.589 501.915 31 659.295 522.709 32 683.821 520.744 33 667.455 533.037 34 670.914 536.604 36 798.977 445.512 37 677.160 539.195 44 824.976 525.956 48 824.976 525.956 49 845.532 523.291 50 845.532 523.291 51 917.893 429.932 55 962.291 429.754 56 910.856 433.842 57 966.130 464.103 58 1009.452 479.496 59 767.508 480.158 60 755.002 481.659 61 763.782 481.537 62 815.509 492.143 63 656.548 527.789 64 680.104 542.292 65 704.136 544.761 66 751.256 548.323 67 684.671 559.086 68 769.020 477.157 69 764.823 477.818 70 764.823 477.818 71 731.406 494.402 72 707.194 497.042 73 664.834 520.178 74 705.937 521.817 75 807.381 541.064 76 693.158 546.823 77 956.588 466.797 78 752.263 485.089 79 932.123 490.221 80 800.718 504.988 81 728.986 514.630 82 722.553 519.348 83 680.877 525.145 84 666.617 528.086 85 714.046 542.847 86 694.089 558.167 87 927.640 428.591 88 923.302 434.466 89 941.320 459.452 90 700.923 482.461 91 921.540 491.542 92 683.873 518.930 93 812.267 501.143 94 822.077 510.201 95 855.347 518.695 96 867.011 521.622 97 867.011 521.622 98 879.211 528.636 99 879.211 528.636 100 764.845 541.888 101 816.551 454.862 102 842.726 508.972 103 801.404 527.342 104 801.404 527.342 105 752.142 534.698 106 752.142 534.698 107
96 0.9593035924028919 -0.05103948845448061 0.2732417242150457 -0.04970472916918291 -0.18585287778845216 0.009813378099180096 0.015625642411070312 96 image_000096.jpg
 852.402 349.711 8 580.067 417.941 10 536.498 431.293 11 450.680 381.583 20 861.973 353.181 22 502.143 518.961 28 506.912 518.516 29 523.036 340.993 30 433.866 375.966 32 443.899 391.938 34 448.468 397.782 36 488.197 343.524 40 600.397 306.885 42 663.315 310.093 52 825.269 265.092 57 496.659 413.184 66 602.805 315.691 69 597.737 316.470 70 597.737 316.470 71 479.121 414.878 77 882.448 314.630 78 576.871 325.885 79 443.655 384.846 85 469.005 371.567 93 436.117 354.263 108 576.289 362.449 111 553.993 364.190 112 554.965 366.666 114 735.120 330.094 121 429.193 380.029 130 639.009 413.129 134 829.568 409.473 137 657.243 268.242 141 789.733 306.387 173 734.686 336.190 176 734.686 336.190 177 850.975 334.048 179 788.279 345.233 181 583.411 364.111 182 848.671 346.734 185 631.029 322.487 202 862.569 348.873 207 527.641 428.992 210 453.047 437.805 212 895.976 293.901 218 654.980 288.460 222 588.497 311.645 223 491.522 321.350 224 891.098 313.490 234 501.568 341.112 237 436.117 354.263 246 571.405 418.019 257 483.481 432.572 258 498.808 327.963 260 653.108 360.952 284 591.614 425.251 287 695.262 336.604 291 462.275 374.578 293 891.858 290.065 313 852.604 290.514 314 572.242 421.777 319 602.805 315.691 329 465.847 371.955 335 854.185 340.862 339 948.973 398.393 343 708.206 342.053 346 425.937 379.555 357 906.706 280.177 358 820.613 348.521 359 943.504 459.092 375 500.683 369.064 378 549.471 329.232 381 826.040 348.278 382 690.719 350.287 393 714.517 334.940 395 742.277 330.242 399 735.149 354.006 400 864.074 469.360 402 702.824 323.738 403 826.755 409.501 404 921.665 289.559 405
19 0.9469992534268904 -0.04250536456874318 0.3143385966806724 -0.05076365381637703 -0.548272761462734 -0.01280330703597039 -0.10635798953278572 19 image_000019.jpg
 601.968 253.755 8 421.654 245.560 26 655.551 209.181 58 404.807 251.208 63 340.190 222.731 69 281.173 251.414 72 638.966 212.719 78 589.106 253.739 80 399.409 265.443 94 605.421 232.838 110 311.246 276.913 111 662.617 171.258 119 476.194 234.485 121 333.576 276.629 124 203.802 291.125 126 200.821 293.982 129 371.236 333.026 134 573.521 324.445 137 442.827 451.431 140 393.180 231.294 156 296.415 275.396 180 377.483 331.594 192 364.847 266.726 206 443.694 254.577 231 647.895 210.061 234 262.657 285.915 249 238.985 240.548 260 604.687 251.977 268 432.066 243.518 291 200.821 293.982 293 716.072 241.593 294 716.072 241.593 295 685.214 245.508 320 418.448 393.627 324 340.190 222.731 329 372.976 271.671 333 241.714 285.832 334 203.802 291.125 335 353.850 471.068 336 426.331 484.270 337 662.028 226.078 338 604.951 243.253 339 318.484 263.347 340 456.358 266.444 341 243.082 282.693 342 709.043 308.949 343 351.780 492.810 344 349.045 496.426 345 445.827 249.159 346 439.156 443.854 347 352.498 476.118 348 457.948 216.840 349 385.539 236.118 350 287.652 250.948 351 287.652 250.948 352 665.190 247.543 353 626.163 250.511 354 282.756 281.168 355
26 0.8940870320604047 -0.05069781004039252 0.4378708828006782 -0.07941785264456121 -0.2879330011886844 0.11594536403721377 0.5580188742315856 26 image_000026.jpg
 940.850 399.154 8 949.337 401.429 22 986.932 444.322 23 691.177 411.114 31 665.272 432.517 33 651.300 450.167 36 789.891 346.416 37 753.102 377.443 42 753.102 377.443 43 809.827 440.196 48 685.151 459.880 66 664.169 475.606 68 755.053 383.579 69 714.683 402.986 72 737.502 392.427 79 710.829 426.292 82 922.507 399.955 92 797.573 411.826 94 807.934 422.451 95 843.665 432.535 96 856.062 435.766 97 856.062 435.766 98 869.062 443.754 100 746.232 457.235 101 830.286 420.585 103 785.123 441.849 104 785.123 441.849 105 733.972 448.782 106 733.972 448.782 107 824.647 449.479 147 682.957 434.632 153 729.157 423.696 155 793.374 388.738 156 691.879 402.283 175 703.211 449.782 189 725.720 455.990 190 948.900 398.260 207 725.502 453.322 208 760.391 388.289 230 943.238 396.718 268 745.553 441.716 269 962.836 425.791 271 759.048 445.074 272 759.048 445.074 273 753.014 451.382 301 771.491 438.233 305 843.665 432.535 315 830.804 399.453 346 752.349 501.211 361
77 0.9776467949368461 -0.04173797243120371 0.2050877182464338 -0.02009278544141409 -0.32334697112289346 -0.06060618641721198 -0.36190468848443247 77 image_000077.jpg
 674.610 236.098 9 610.863 235.775 22 653.657 301.171 23 418.626 206.921 26 152.056 261.668 36 404.097 269.812 48 404.097 269.812 49 439.015 268.633 50 439.015 268.633 51 401.393 210.953 63 167.827 302.674 68 332.243 177.581 69 393.410 224.130 94 456.436 263.138 96 605.023 211.462 110 133.185 237.061 115 346.195 181.608 120 322.041 229.937 124 173.740 233.328 126 248.032 232.938 127 170.707 235.639 129 385.885 264.219 132 360.902 289.018 134 280.222 290.988 135 639.836 297.519 138 389.587 191.250 156 335.892 389.947 163 228.874 195.041 175 248.032 232.938 184 352.701 298.745 195 338.052 173.490 199 237.642 301.156 210 248.308 230.214 242 301.720 296.707 244 243.118 232.927 249 205.109 233.970 250 287.479 290.595 257 364.893 287.845 265 304.904 263.268 269 350.411 176.797 277 211.079 426.956 289 170.707 235.639 293 456.436 263.138 315 365.129 228.382 333
97 0.9912482369549057 -0.03238650026483041 0.1248212271395851 -0.028243989803576647 -0.009799762262997183 0.050404731165692974 0.26497696050292047 97 image_000097.jpg
 444.006 414.231 10 657.587 305.141 16 329.702 392.471 36 696.018 398.693 46 546.606 398.594 50 546.606 398.594 51 641.892 297.896 55 446.251 335.134 61 457.526 336.578 62 430.614 417.015 67 459.307 332.124 70 383.780 347.233 73 378.083 378.567 75 498.434 370.520 81 409.159 372.783 82 357.114 422.564 87 653.978 297.789 88 647.529 303.633 89 350.044 371.272 93 522.543 380.409 95 329.797 385.251 151 371.545 378.712 153 430.598 372.218 155 531.299 306.178 168 427.808 366.746 180 395.883 398.045 189 467.973 328.342 199 477.465 328.660 200 661.245 370.957 207 333.784 426.998 212 686.415 330.519 218 701.627 418.999 229 634.118 302.015 235 377.138 347.448 237 399.563 371.964 249 419.662 395.288 270 656.597 371.124 302 664.124 391.198 312 419.057 339.547 381 419.057 339.547 391 632.394 298.058 394 628.370 305.778 398 704.163 328.439 405
71 0.957796229313765 -0.0030177290772366457 0.285906582956875 -0.029575252668591994 -0.27360555000063796 0.024367537921931713 0.2721488744159092 71 image_000071.jpg
 523.741 335.814 10 788.563 333.841 12 462.816 423.357 14 402.188 279.920 18 759.276 285.410 22 465.814 252.449 25 471.143 339.394 27 414.901 316.898 36 588.522 209.344 37 422.468 321.059 44 527.658 252.935 61 599.272 273.153 63 489.859 293.760 82 433.011 294.578 93 593.608 283.962 94 603.637 296.649 95 629.103 297.002 103 575.312 318.015 104 575.312 318.015 105 646.438 323.265 133 572.276 332.869 134 511.895 335.940 135 443.211 269.134 144 400.585 307.192 146 620.109 328.256 147 511.117 292.249 155 747.742 229.468 172 747.545 279.488 185 577.507 332.538 192 558.997 244.647 200 502.842 261.150 203 782.837 244.971 204 619.295 266.021 205 566.189 283.101 206 480.401 344.604 210 418.325 351.727 212 452.124 250.705 224 588.522 209.344 232 442.928 291.131 254 574.947 332.239 265 574.947 332.239 266 529.260 314.307 269 516.513 258.954 290 620.423 268.630 291 545.729 248.538 329 616.431 293.113 366 606.840 267.101 371 738.927 202.128 394 636.939 267.114 395
29 0.9846161750386344 0.059333508973397946 0.16434551534772737 0.0010336577654608884 -0.3455657367343991 -0.04082031042690437 0.14540512656013568 29 image_000029.jpg
 499.533 162.971 12 333.195 133.412 50 333.195 133.412 51 452.924 103.121 80 360.403 135.475 97 360.403 135.475 98 332.753 111.829 103 272.221 132.221 104 272.221 132.221 105 526.048 132.310 158 495.692 167.425 160 407.279 95.768 181 459.541 101.687 185 471.424 104.759 207 549.001 104.818 295 375.268 127.610 308 382.085 156.201 311 323.551 242.779 327 456.500 99.509 362
43 0.9769309615926962 0.037610672952549426 0.20921321455274047 -0.02052199165497921 -0.2372950956883797 0.028331168623821276 0.23315888869470552 43 image_000043.jpg
 439.005 352.212 13 291.684 218.587 18 367.386 208.705 30 301.113 249.603 34 304.686 254.482 36 338.720 209.187 40 361.168 208.764 41 428.043 195.008 62 486.290 215.557 63 638.999 188.395 90 480.364 226.059 94 464.487 258.037 105 404.735 260.554 106 404.735 260.554 107 344.585 192.828 143 332.693 208.778 144 476.881 199.867 156 391.967 201.896 203 478.785 160.764 215 422.039 186.086 223 341.376 190.381 224 659.265 198.360 233 639.159 157.329 236 288.786 238.374 256 694.385 223.286 286 683.928 180.198 296 525.752 193.610 349 389.806 207.809 352 388.281 231.033 355 630.839 140.989 368 694.385 223.286 369 360.739 215.199 370 493.593 209.774 371
4 0.9850382066885357 -0.023398975592356118 0.16862814115132072 -0.026772760672473514 -0.2184277900752072 0.03590949122011178 0.2212474073243165 4 image_000004.jpg
 139.063 482.513 14 347.898 146.260 15 30.430 229.628 17 37.346 246.513 18 146.294 283.318 21 612.719 275.304 22 147.758 206.248 25 155.462 346.324 27 38.501 275.378 32 91.356 276.639 33 53.093 299.073 34 594.432 253.509 35 59.396 307.347 36 351.798 147.499 37 34.387 242.592 39 71.843 314.962 44 277.086 211.451 60 251.328 211.708 61 367.991 247.462 63 30.936 285.472 64 77.343 321.487 65 127.683 331.494 66 81.841 357.362 68 244.584 218.174 79 335.004 269.779 81 187.220 274.029 82 172.522 282.630 83 83.360 285.323 84 148.541 329.701 86 565.546 268.664 92 91.512 272.342 93 357.419 264.795 94 374.124 285.271 95 476.490 333.487 99 42.339 243.622 108 241.033 267.479 111 244.493 270.195 113 297.923 210.201 120 271.547 269.655 124 237.085 270.309 125 179.456 272.577 127 517.199 301.762 131 323.223 340.457 134 223.888 342.901 135 567.652 344.934 137 646.534 346.262 138 59.796 295.575 151 128.003 284.257 153 223.977 272.885 155 691.307 306.101 157 691.307 306.101 158 299.809 459.911 163 455.103 284.280 164 590.445 155.776 167 404.017 162.050 168 151.452 224.939 175 179.456 272.577 184 167.232 316.045 189 331.710 339.952 192 267.533 200.730 198 287.047 200.255 199 302.723 200.345 200 313.937 261.392 206 611.986 269.720 207 211.669 326.225 208 170.842 355.120 210 124.919 202.293 224 615.787 227.564 226 41.070 252.466 227 581.602 146.987 240 107.518 239.089 241 179.513 269.177 242 183.899 269.095 243 251.478 350.113 244 20.544 221.367 245 42.339 243.622 246 161.373 269.897 247 164.223 272.651 248 172.350 272.510 249 124.632 273.487 250 198.844 299.140 251 149.861 339.443 252 290.012 348.769 253 108.279 267.362 254 25.786 275.711 255 232.477 342.561 257 108.719 357.055 258 554.008 423.086 259 134.828 213.073 260 613.798 214.502 261 121.545 343.797 262 26.635 234.881 263 181.696 354.033 264 327.518 339.350 265 636.340 349.402 267 603.870 267.220 268 252.553 309.613 269 205.104 311.140 270 627.580 317.631 271 277.725 316.589 272 277.725 316.589 273
65 0.9831195944701058 -0.105738589717813 0.14693757814290836 -0.02654364002841025 -0.15134438637221082 0.06936853019532269 0.21038429729827787 65 image_000065.jpg
 453.686 434.189 15 264.527 477.413 17 605.218 513.725 22 267.089 504.881 32 275.392 518.518 34 594.504 500.342 35 279.153 524.346 36 266.208 485.514 38 266.208 485.514 39 638.516 538.544 46 638.516 538.544 47 410.874 470.793 60 263.065 510.712 64 408.395 467.440 71 334.103 480.883 73 275.332 502.860 74 442.420 549.892 76 275.804 513.341 85 595.509 444.616 89 457.362 503.466 94 490.346 517.430 103 280.191 516.335 151 433.582 549.693 152 649.920 533.083 157 649.920 533.083 158 626.453 562.529 159 419.280 619.701 163 484.208 443.871 168 287.491 473.760 174 332.204 549.969 194 482.163 487.885 205 607.485 485.220 226 270.276 491.239 227 626.717 485.127 234 260.119 504.553 255 279.204 502.918 292 381.600 550.806 319 650.532 510.946 320 413.746 467.402 329 635.825 445.846 390 369.081 474.063 391
44 0.9801999071346061 -0.04194579778775981 0.19165337238508856 -0.026789276278517536 -0.27275413963340334 -0.07684677077855553 -0.4770377653762128 44 image_000044.jpg
 377.742 26.851 15 193.365 214.083 27 110.732 180.386 36 201.811 111.868 41 392.433 118.526 63 313.101 83.007 69 384.177 133.608 94 621.678 116.782 110 317.004 367.638 118 680.742 59.523 119 475.247 107.411 121 202.920 144.203 123 303.038 141.312 124 135.177 147.989 126 186.950 147.599 128 131.478 150.621 129 90.037 156.585 130 535.562 169.269 131 375.752 177.779 132 461.262 193.818 133 347.893 206.697 134 584.549 210.767 137 159.856 112.234 144 323.376 360.818 148 320.456 385.027 149 344.049 209.681 152 321.285 320.706 163 385.047 199.193 191 302.323 78.616 198 342.119 132.907 206 207.430 222.802 210 538.646 221.808 211 280.631 216.325 244 202.920 144.203 247 212.763 146.280 249 170.482 148.159 250 182.792 93.934 260 494.993 211.640 275 323.933 140.037 282 178.070 365.806 289 135.177 147.989 335 323.376 360.818 336 320.456 385.027 344 440.304 120.361 346 322.815 366.462 348 619.978 13.676 368 404.230 110.269 371 490.180 204.793 372 163.497 345.923 373 291.598 219.904 374 718.072 277.277 375
25 0.9457083095372776 -0.014260552915132388 0.32230675325997554 -0.039379973764653735 -0.2564772655010529 0.04364655997792831 0.3539069034875518 25 image_000025.jpg
 473.045 306.550 17 477.088 316.151 18 831.702 315.954 22 819.423 301.970 35 489.885 351.981 36 660.376 243.068 37 615.361 286.503 60 599.993 287.967 61 671.612 305.955 63 617.495 282.789 69 568.836 301.668 72 596.679 291.875 79 813.519 311.906 80 562.931 328.160 82 534.037 284.447 91 799.674 312.680 92 666.054 316.962 94 476.152 342.649 146 584.687 326.124 155 858.236 369.339 159 858.236 369.339 160 633.544 392.742 161 633.544 392.742 162 698.283 249.455 168 769.454 308.757 181 650.722 365.141 192 609.557 280.094 198 854.857 274.815 204 831.204 312.190 207 862.317 264.813 218 865.490 267.897 219 660.353 259.264 222 835.132 327.888 228 660.376 243.068 232 471.290 309.355 263 649.252 365.033 265 825.135 310.191 268 597.845 415.828 298 748.789 365.119 311 685.896 411.246 324 697.456 447.277 327 617.495 282.789 329 871.500 253.044 358 796.355 311.521 359 682.840 370.560 360
81 0.9852520708633709 0.08541037728595761 0.14825638203001135 -0.0018625811719832157 -0.23087916699442848 -0.02589342527076214 0.21196439584947235 81 image_000081.jpg
 330.028 157.542 25 335.866 218.961 27 330.726 275.269 29 339.638 169.791 30 283.959 187.659 32 306.854 188.734 33 290.865 198.089 34 521.880 182.812 35 294.045 202.192 36 418.532 133.121 37 281.777 172.957 38 334.981 170.064 41 386.472 153.186 42 386.472 153.186 43 299.394 205.277 44 386.354 161.073 60 383.432 161.751 62 281.482 191.559 64 364.931 221.163 67 387.574 158.549 69 352.990 169.818 72 313.159 213.518 77 342.157 192.044 83 290.553 193.450 85 332.391 212.255 86 326.894 154.481 91 307.311 186.774 93 421.912 185.344 94 433.165 145.203 102 367.289 209.224 107 294.043 196.294 151 323.182 192.316 153 364.040 188.213 155 419.676 167.441 156 544.438 227.763 160 398.477 269.106 163 549.659 160.220 218 551.823 162.255 219 349.998 191.663 220 418.778 144.624 222 320.189 155.509 224 284.627 177.564 227 392.106 163.070 230 446.486 182.749 231 418.532 133.121 232 532.983 140.901 236 398.477 269.106 239 408.958 217.699 265 408.958 217.699 266 377.019 204.471 269 356.638 203.900 270 387.813 208.112 273 321.050 209.911 299 368.462 221.195 319 387.574 158.549 329 414.886 169.486 350 355.992 170.086 351 355.992 170.086 352 553.053 189.861 353 535.311 189.554 354 335.421 174.350 370 429.752 280.949 384 366.671 218.158 396 393.262 223.706 397
33 0.961990769473113 -0.012881556369370776 0.271678206168653 -0.02446973525395146 -0.4576256352095827 0.045348197123128174 0.4304028927785676 33 image_000033.jpg
 368.881 186.663 26 43.931 230.833 33 331.288 73.376 37 218.389 151.205 61 345.453 193.059 63 601.579 214.205 80 578.364 214.485 92 335.417 213.067 94 205.183 218.143 111 208.762 221.250 113 173.512 222.997 114 262.134 500.882 118 118.746 222.040 123 200.706 221.538 125 37.131 225.910 126 137.977 224.800 127 100.063 226.258 128 32.820 229.232 129 326.333 268.370 132 507.058 309.640 136 577.701 308.854 137 39.218 220.829 145 268.708 492.651 148 266.288 521.250 149 290.010 308.188 152 186.154 224.804 155 530.400 142.724 173 216.732 221.011 182 137.977 224.800 184 283.784 317.573 195 634.133 215.529 207 128.468 321.704 210 260.672 155.477 230 118.746 222.040 247 122.138 225.108 248 131.015 224.896 249 79.531 226.578 250 469.328 310.585 275 326.429 109.875 276 263.835 219.225 282 101.822 495.494 289 383.796 184.628 291 32.820 229.232 293 273.170 264.413 305 262.103 526.002 345 390.945 459.839 347 268.208 499.515 348 215.188 254.220 356 362.635 315.270 360 59.234 228.156 365 375.605 230.647 366
21 0.8234655426925227 -0.05720821152308338 0.5560831167287138 -0.09697044760200549 -0.467043913999856 0.009778483910119536 0.02552262440285641 21 image_000021.jpg
 903.631 335.372 27 831.653 321.707 44 844.174 356.962 68 973.025 244.849 111 944.308 252.631 112 798.047 294.903 115 990.706 271.314 116 923.498 337.407 117 884.862 271.918 128 833.921 285.903 129 799.023 298.614 130 838.201 278.334 145 820.399 307.085 151 915.912 263.655 184 794.501 299.255 188 995.454 322.406 244 909.936 265.038 249 854.857 273.815 254 799.023 298.614 256 994.606 241.279 281 833.921 285.903 293 882.496 269.496 334 981.586 226.596 340 883.001 266.225 342 987.460 272.016 356 794.501 299.255 357
88 0.8877913699689948 0.0788694288303475 0.4534088891761025 -0.005145550757424365 -0.22439690469557316 -0.03717910723735407 0.5022478926901537 88 image_000088.jpg
 682.289 236.171 27 687.859 191.839 30 659.859 211.595 33 647.216 221.019 34 649.154 224.157 36 683.395 192.442 41 728.960 176.662 69 749.533 231.486 76 715.621 183.102 79 688.830 211.533 83 659.323 209.832 93 760.282 197.916 94 769.058 159.031 102 747.173 220.386 104 707.145 206.128 155 757.777 180.957 156 694.496 210.615 220 758.188 160.159 222 758.564 149.186 232 731.365 224.093 303 737.677 217.137 305 728.960 176.662 329 753.480 183.602 350 701.268 190.441 351 701.268 190.441 352 677.081 188.793 392 732.281 236.172 397
92 0.9816173266273068 -0.055861813566038886 0.18030628549111508 -0.02822271685982522 -0.24070182022701178 -0.08969394128623986 -0.4596343114999408 92 image_000092.jpg
 166.916 451.800 28 172.988 451.457 29 207.402 224.868 41 399.805 233.681 63 92.453 265.134 115 685.804 177.783 119 336.564 202.521 120 309.386 255.642 124 277.222 256.793 125 138.759 260.903 126 223.655 259.694 127 135.628 263.521 129 92.755 269.006 130 354.718 321.114 134 223.655 259.694 184 309.107 193.114 198 670.103 215.933 233 670.103 215.933 234 210.849 260.068 248 218.250 259.859 249 92.755 269.006 256 191.870 319.114 316 377.159 216.404 350 166.268 461.094 373 418.652 206.937 386 628.181 401.364 402 443.596 212.465 403
38 0.9783670061598484 -0.03726976992574975 0.20157296800452357 -0.027880397598878573 -0.28654282177303947 0.01044035438314858 0.04431280000879395 38 image_000038.jpg
 387.560 368.682 48 387.560 368.682 49 429.914 366.503 50 429.914 366.503 51 452.192 360.631 96 472.831 368.206 98 430.347 336.902 103 339.286 367.505 104 339.286 367.505 105 539.971 351.752 131 458.223 380.051 133 593.811 398.389 137 311.229 436.722 161 311.229 436.722 162 342.827 392.756 192 338.691 392.308 265 313.209 358.339 305 452.192 360.631 315 644.566 267.865 367
16 0.9893826389921511 -0.041378548419888105 0.13812345400881107 -0.018213027210370002 -0.1133309327574634 -0.02245355617823772 -0.15741716057463206 16 image_000016.jpg

113 0.947480875315442 0.04000030694391836 0.31717490510836027 -0.008947328748560248 -0.2651273141494248 9.956509121223777e-05 0.18701283732562943 113 image_000113.jpg

104 0.9958543676817707 0.08303148417520582 -0.0366736490626514 -0.005907190761039985 -0.087586262654774 0.015394191767389372 -0.16280789946805221 104 image_000104.jpg

110 0.9631258694584788 0.0014957661625935351 0.2684715169366404 -0.01758877812111791 -0.4259566831391599 0.015818040105987898 0.2925790413905185 110 image_000110.jpg

